   6500.08984       7.00000013E-15
   6500.18018       7.00000013E-15
   6500.27002       7.00000013E-15
   6500.35986       7.00000013E-15
   6500.45020       7.00000013E-15
   6500.54004       7.00000013E-15
   6500.62988       7.00000013E-15
   6500.72021       7.00000013E-15
   6500.81006       7.00000013E-15
   6500.89990       7.00000013E-15
   6500.99023       7.00000013E-15
   6501.08008       7.00000013E-15
   6501.16992       7.00000013E-15
   6501.25977       7.00000013E-15
   6501.35010       7.00000013E-15
   6501.43994       7.00000013E-15
   6501.52979       7.00000013E-15
   6501.62012       7.00000013E-15
   6501.70996       7.00000013E-15
   6501.79980       7.00000013E-15
   6501.89014       7.00000013E-15
   6501.97998       7.00000013E-15
   6502.06982       7.00000013E-15
   6502.16016       7.00000013E-15
   6502.25000       7.00000013E-15
   6502.33984       7.00000013E-15
   6502.43018       7.00000013E-15
   6502.52002       7.00000013E-15
   6502.60986       7.00000013E-15
   6502.70020       7.00000013E-15
   6502.79004       7.00000013E-15
   6502.87988       7.00000013E-15
   6502.97021       7.00000013E-15
   6503.06006       7.00000013E-15
   6503.14990       7.00000013E-15
   6503.24023       7.00000013E-15
   6503.33008       7.00000013E-15
   6503.41992       7.00000013E-15
   6503.50977       7.00000013E-15
   6503.60010       7.00000013E-15
   6503.68994       7.00000013E-15
   6503.77979       7.00000013E-15
   6503.87012       7.00000013E-15
   6503.95996       7.00000013E-15
   6504.04980       7.00000013E-15
   6504.14014       7.00000013E-15
   6504.22998       7.00000013E-15
   6504.31982       7.00000013E-15
   6504.41016       7.00000013E-15
   6504.50000       7.00000013E-15
   6504.58984       7.00000013E-15
   6504.68018       7.00000013E-15
   6504.77002       7.00000013E-15
   6504.85986       7.00000013E-15
   6504.95020       7.00000013E-15
   6505.04004       7.00000013E-15
   6505.12988       7.00000013E-15
   6505.22021       7.00000013E-15
   6505.31006       7.00000013E-15
   6505.39990       7.00000013E-15
   6505.49023       7.00000013E-15
   6505.58008       7.00000013E-15
   6505.66992       7.00000013E-15
   6505.75977       7.00000013E-15
   6505.85010       7.00000013E-15
   6505.93994       7.00000013E-15
   6506.02979       7.00000013E-15
   6506.12012       7.00000013E-15
   6506.20996       7.00000013E-15
   6506.29980       7.00000013E-15
   6506.39014       7.00000013E-15
   6506.47998       7.00000013E-15
   6506.56982       7.00000013E-15
   6506.66016       7.00000013E-15
   6506.75000       7.00000013E-15
   6506.83984       7.00000013E-15
   6506.93018       7.00000013E-15
   6507.02002       7.00000013E-15
   6507.10986       7.00000013E-15
   6507.20020       7.00000013E-15
   6507.29004       7.00000013E-15
   6507.37988       7.00000013E-15
   6507.47021       7.00000013E-15
   6507.56006       7.00000013E-15
   6507.64990       7.00000013E-15
   6507.74023       7.00000013E-15
   6507.83008       7.00000013E-15
   6507.91992       7.00000013E-15
   6508.00977       7.00000013E-15
   6508.10010       7.00000013E-15
   6508.18994       7.00000013E-15
   6508.27979       7.00000013E-15
   6508.37012       7.00000013E-15
   6508.45996       7.00000013E-15
   6508.54980       7.00000013E-15
   6508.64014       7.00000013E-15
   6508.72998       7.00000013E-15
   6508.81982       7.00000013E-15
   6508.91016       7.00000013E-15
   6509.00000       7.00000013E-15
   6509.08984       7.00000013E-15
   6509.18018       7.00000013E-15
   6509.27002       7.00000013E-15
   6509.35986       7.00000013E-15
   6509.45020       7.00000013E-15
   6509.54004       7.00000013E-15
   6509.62988       7.00000013E-15
   6509.72021       7.00000013E-15
   6509.81006       7.00000013E-15
   6509.89990       7.00000013E-15
   6509.99023       7.00000013E-15
   6510.08008       7.00000013E-15
   6510.16992       7.00000013E-15
   6510.25977       7.00000013E-15
   6510.35010       7.00000013E-15
   6510.43994       7.00000013E-15
   6510.52979       7.00000013E-15
   6510.62012       7.00000013E-15
   6510.70996       7.00000013E-15
   6510.79980       7.00000013E-15
   6510.89014       7.00000013E-15
   6510.97998       7.00000013E-15
   6511.06982       7.00000013E-15
   6511.16016       7.00000013E-15
   6511.25000       7.00000013E-15
   6511.33984       7.00000013E-15
   6511.43018       7.00000013E-15
   6511.52002       7.00000013E-15
   6511.60986       7.00000013E-15
   6511.70020       7.00000013E-15
   6511.79004       7.00000013E-15
   6511.87988       7.00000013E-15
   6511.97021       7.00000013E-15
   6512.06006       7.00000013E-15
   6512.14990       7.00000013E-15
   6512.24023       7.00000013E-15
   6512.33008       7.00000013E-15
   6512.41992       7.00000013E-15
   6512.50977       7.00000013E-15
   6512.60010       7.00000013E-15
   6512.68994       7.00000013E-15
   6512.77979       7.00000013E-15
   6512.87012       7.00000013E-15
   6512.95996       7.00000013E-15
   6513.04980       7.00000013E-15
   6513.14014       7.00000013E-15
   6513.22998       7.00000013E-15
   6513.31982       7.00000013E-15
   6513.41016       7.00000013E-15
   6513.50000       7.00000013E-15
   6513.58984       7.00000013E-15
   6513.68018       7.00000013E-15
   6513.77002       7.00000013E-15
   6513.85986       7.00000013E-15
   6513.95020       7.00000013E-15
   6514.04004       7.00000013E-15
   6514.12988       7.00000013E-15
   6514.22021       7.00000013E-15
   6514.31006       7.00000013E-15
   6514.39990       7.00000013E-15
   6514.49023       7.00000013E-15
   6514.58008       7.00000013E-15
   6514.66992       7.00000013E-15
   6514.75977       7.00000013E-15
   6514.85010       7.00000013E-15
   6514.93994       7.00000013E-15
   6515.02979       7.00000013E-15
   6515.12012       7.00000013E-15
   6515.20996       7.00000013E-15
   6515.29980       7.00000013E-15
   6515.39014       7.00000013E-15
   6515.47998       7.00000013E-15
   6515.56982       7.00000013E-15
   6515.66016       7.00000013E-15
   6515.75000       7.00000013E-15
   6515.83984       7.00000013E-15
   6515.93018       7.00000013E-15
   6516.02002       7.00000013E-15
   6516.10986       7.00000013E-15
   6516.20020       7.00000013E-15
   6516.29004       7.00000013E-15
   6516.37988       7.00000013E-15
   6516.47021       7.00000013E-15
   6516.56006       7.00000013E-15
   6516.64990       7.00000013E-15
   6516.74023       7.00000013E-15
   6516.83008       7.00000013E-15
   6516.91992       7.00000013E-15
   6517.00977       7.00000013E-15
   6517.10010       7.00000013E-15
   6517.18994       7.00000013E-15
   6517.27979       7.00000013E-15
   6517.37012       7.00000013E-15
   6517.45996       7.00000013E-15
   6517.54980       7.00000013E-15
   6517.64014       7.00000013E-15
   6517.72998       7.00000013E-15
   6517.81982       7.00000013E-15
   6517.91016       7.00000013E-15
   6518.00000       7.00000013E-15
   6518.08984       7.00000013E-15
   6518.18018       7.00000013E-15
   6518.27002       7.00000013E-15
   6518.35986       7.00000013E-15
   6518.45020       7.00000013E-15
   6518.54004       7.00000013E-15
   6518.62988       7.00000013E-15
   6518.72021       7.00000013E-15
   6518.81006       7.00000013E-15
   6518.89990       7.00000013E-15
   6518.99023       7.00000013E-15
   6519.08008       7.00000013E-15
   6519.16992       7.00000013E-15
   6519.25977       7.00000013E-15
   6519.35010       7.00000013E-15
   6519.43994       7.00000013E-15
   6519.52979       7.00000013E-15
   6519.62012       7.00000013E-15
   6519.70996       7.00000013E-15
   6519.79980       7.00000013E-15
   6519.89014       7.00000013E-15
   6519.97998       7.00000013E-15
   6520.06982       7.00000013E-15
   6520.16016       7.00000013E-15
   6520.25000       7.00000013E-15
   6520.33984       7.00000013E-15
   6520.43018       7.00000013E-15
   6520.52002       7.00000013E-15
   6520.60986       7.00000013E-15
   6520.70020       7.00000013E-15
   6520.79004       7.00000013E-15
   6520.87988       7.00000013E-15
   6520.97021       7.00000013E-15
   6521.06006       7.00000013E-15
   6521.14990       7.00000013E-15
   6521.24023       7.00000013E-15
   6521.33008       7.00000013E-15
   6521.41992       7.00000013E-15
   6521.50977       7.00000013E-15
   6521.60010       7.00000013E-15
   6521.68994       7.00000013E-15
   6521.77979       7.00000013E-15
   6521.87012       7.00000013E-15
   6521.95996       7.00000013E-15
   6522.04980       7.00000013E-15
   6522.14014       7.00000013E-15
   6522.22998       7.00000013E-15
   6522.31982       7.00000013E-15
   6522.41016       7.00000013E-15
   6522.50000       7.00000013E-15
   6522.58984       7.00000013E-15
   6522.68018       7.00000013E-15
   6522.77002       7.00000013E-15
   6522.85986       7.00000013E-15
   6522.95020       7.00000013E-15
   6523.04004       7.00000013E-15
   6523.12988       7.00000013E-15
   6523.22021       7.00000013E-15
   6523.31006       7.00000013E-15
   6523.39990       7.00000013E-15
   6523.49023       7.00000013E-15
   6523.58008       7.00000013E-15
   6523.66992       7.00000013E-15
   6523.75977       7.00000013E-15
   6523.85010       7.00000013E-15
   6523.93994       7.00000013E-15
   6524.02979       7.00000013E-15
   6524.12012       7.00000013E-15
   6524.20996       7.00000013E-15
   6524.29980       7.00000013E-15
   6524.39014       7.00000013E-15
   6524.47998       7.00000013E-15
   6524.56982       7.00000013E-15
   6524.66016       7.00000013E-15
   6524.75000       7.00000013E-15
   6524.83984       7.00000013E-15
   6524.93018       7.00000013E-15
   6525.02002       7.00000013E-15
   6525.10986       7.00000013E-15
   6525.20020       7.00000013E-15
   6525.29004       7.00000013E-15
   6525.37988       7.00000013E-15
   6525.47021       7.00000098E-15
   6525.56006       7.00000394E-15
   6525.64990       7.00001453E-15
   6525.74023       7.00005349E-15
   6525.83008       7.00018606E-15
   6525.91992       7.00060661E-15
   6526.00977       7.00185429E-15
   6526.10010       7.00534576E-15
   6526.18994       7.01436157E-15
   6526.27979       7.03617056E-15
   6526.37012       7.08578720E-15
   6526.45996       7.18981894E-15
   6526.54980       7.39374467E-15
   6526.64014       7.76831026E-15
   6526.72998       8.40013246E-15
   6526.81982       9.39197586E-15
   6526.91016       1.08400312E-14
   6527.00000       1.27634262E-14
   6527.08984       1.51092755E-14
   6527.18018       1.77106475E-14
   6527.27002       2.02396134E-14
   6527.35986       2.23422931E-14
   6527.45020       2.36716825E-14
   6527.54004       2.39727688E-14
   6527.62988       2.31987433E-14
   6527.72021       2.14819160E-14
   6527.81006       1.91426346E-14
   6527.89990       1.65445423E-14
   6527.99023       1.40202960E-14
   6528.08008       1.18479259E-14
   6528.16992       1.01384253E-14
   6528.25977       8.90468458E-15
   6528.35010       8.08014459E-15
   6528.43994       7.57590588E-15
   6528.52979       7.28785623E-15
   6528.62012       7.13430440E-15
   6528.70996       7.05897607E-15
   6528.79980       7.02427821E-15
   6528.89014       7.00931961E-15
   6528.97998       7.00337048E-15
   6529.06982       7.00114278E-15
   6529.16016       7.00036097E-15
   6529.25000       7.00010770E-15
   6529.33984       7.00003020E-15
   6529.43018       7.00000775E-15
   6529.52002       7.00000225E-15
   6529.60986       7.00000055E-15
   6529.70020       7.00000013E-15
   6529.79004       7.00000013E-15
   6529.87988       7.00000013E-15
   6529.97021       7.00000013E-15
   6530.06006       7.00000013E-15
   6530.14990       7.00000013E-15
   6530.24023       7.00000013E-15
   6530.33008       7.00000013E-15
   6530.41992       7.00000013E-15
   6530.50977       7.00000013E-15
   6530.60010       7.00000013E-15
   6530.68994       7.00000013E-15
   6530.77979       7.00000013E-15
   6530.87012       7.00000013E-15
   6530.95996       7.00000013E-15
   6531.04980       7.00000013E-15
   6531.14014       7.00000013E-15
   6531.22998       7.00000013E-15
   6531.31982       7.00000013E-15
   6531.41016       7.00000013E-15
   6531.50000       7.00000013E-15
   6531.58984       7.00000013E-15
   6531.68018       7.00000013E-15
   6531.77002       7.00000013E-15
   6531.85986       7.00000013E-15
   6531.95020       7.00000013E-15
   6532.04004       7.00000013E-15
   6532.12988       7.00000013E-15
   6532.22021       7.00000013E-15
   6532.31006       7.00000013E-15
   6532.39990       7.00000013E-15
   6532.49023       7.00000013E-15
   6532.58008       7.00000013E-15
   6532.66992       7.00000013E-15
   6532.75977       7.00000013E-15
   6532.85010       7.00000013E-15
   6532.93994       7.00000013E-15
   6533.02979       7.00000013E-15
   6533.12012       7.00000013E-15
   6533.20996       7.00000013E-15
   6533.29980       7.00000013E-15
   6533.39014       7.00000013E-15
   6533.47998       7.00000013E-15
   6533.56982       7.00000013E-15
   6533.66016       7.00000013E-15
   6533.75000       7.00000013E-15
   6533.83984       7.00000013E-15
   6533.93018       7.00000013E-15
   6534.02002       7.00000013E-15
   6534.10986       7.00000013E-15
   6534.20020       7.00000013E-15
   6534.29004       7.00000013E-15
   6534.37988       7.00000013E-15
   6534.47021       7.00000013E-15
   6534.56006       7.00000013E-15
   6534.64990       7.00000013E-15
   6534.74023       7.00000013E-15
   6534.83008       7.00000013E-15
   6534.91992       7.00000013E-15
   6535.00977       7.00000013E-15
   6535.10010       7.00000013E-15
   6535.18994       7.00000013E-15
   6535.27979       7.00000013E-15
   6535.37012       7.00000013E-15
   6535.45996       7.00000013E-15
   6535.54980       7.00000013E-15
   6535.64014       7.00000013E-15
   6535.72998       7.00000013E-15
   6535.81982       7.00000055E-15
   6535.91016       7.00000055E-15
   6536.00000       7.00000055E-15
   6536.08984       7.00000055E-15
   6536.18018       7.00000055E-15
   6536.27002       7.00000098E-15
   6536.35986       7.00000098E-15
   6536.45020       7.00000098E-15
   6536.54004       7.00000140E-15
   6536.62988       7.00000183E-15
   6536.72021       7.00000225E-15
   6536.81006       7.00000267E-15
   6536.89990       7.00000310E-15
   6536.99023       7.00000394E-15
   6537.08008       7.00000479E-15
   6537.16992       7.00000564E-15
   6537.25977       7.00000691E-15
   6537.35010       7.00000818E-15
   6537.43994       7.00001030E-15
   6537.52979       7.00001241E-15
   6537.62012       7.00001495E-15
   6537.70996       7.00001792E-15
   6537.79980       7.00002173E-15
   6537.89014       7.00002639E-15
   6537.97998       7.00003147E-15
   6538.06982       7.00003782E-15
   6538.16016       7.00004545E-15
   6538.25000       7.00005476E-15
   6538.33984       7.00006535E-15
   6538.43018       7.00007848E-15
   6538.52002       7.00009330E-15
   6538.60986       7.00011152E-15
   6538.70020       7.00013269E-15
   6538.79004       7.00015726E-15
   6538.87988       7.00018690E-15
   6538.97021       7.00022121E-15
   6539.06006       7.00026186E-15
   6539.14990       7.00030887E-15
   6539.24023       7.00036436E-15
   6539.33008       7.00042873E-15
   6539.41992       7.00050369E-15
   6539.50977       7.00059094E-15
   6539.60010       7.00069258E-15
   6539.68994       7.00080989E-15
   6539.77979       7.00094584E-15
   6539.87012       7.00110339E-15
   6539.95996       7.00128381E-15
   6540.04980       7.00149176E-15
   6540.14014       7.00173189E-15
   6540.22998       7.00200633E-15
   6540.31982       7.00232015E-15
   6540.41016       7.00268099E-15
   6540.50000       7.00309053E-15
   6540.58984       7.00355682E-15
   6540.68018       7.00409045E-15
   6540.77002       7.00469269E-15
   6540.85986       7.00537540E-15
   6540.95020       7.00615213E-15
   6541.04004       7.00702500E-15
   6541.12988       7.00800840E-15
   6541.22021       7.00912225E-15
   6541.31006       7.01036654E-15
   6541.39990       7.01176203E-15
   6541.49023       7.01333370E-15
   6541.58008       7.01508071E-15
   6541.66992       7.01702973E-15
   6541.75977       7.01920025E-15
   6541.85010       7.02162700E-15
   6541.93994       7.02430617E-15
   6542.02979       7.02727375E-15
   6542.12012       7.03057421E-15
   6542.20996       7.03419866E-15
   6542.29980       7.03819200E-15
   6542.39014       7.04260928E-15
   6542.47998       7.04743398E-15
   6542.56982       7.05272116E-15
   6542.66016       7.05853815E-15
   6542.75000       7.06485702E-15
   6542.83984       7.07174425E-15
   6542.93018       7.07927945E-15
   6543.02002       7.08742028E-15
   6543.10986       7.09624425E-15
   6543.20020       7.10584494E-15
   6543.29004       7.11615927E-15
   6543.37988       7.12727742E-15
   6543.47021       7.13930613E-15
   6543.56006       7.15215478E-15
   6543.64990       7.16592584E-15
   6543.74023       7.18073960E-15
   6543.83008       7.19647324E-15
   6543.91992       7.21323771E-15
   6544.00977       7.23106691E-15
   6544.10010       7.25009635E-15
   6544.18994       7.27014731E-15
   6544.27979       7.29134516E-15
   6544.37012       7.31383304E-15
   6544.45996       7.33738479E-15
   6544.54980       7.36213001E-15
   6544.64014       7.38821947E-15
   6544.72998       7.41537196E-15
   6544.81982       7.44371961E-15
   6544.91016       7.47341574E-15
   6545.00000       7.50412153E-15
   6545.08984       7.53596997E-15
   6545.18018       7.56911013E-15
   6545.27002       7.60314392E-15
   6545.35986       7.63820261E-15
   6545.45020       7.67442852E-15
   6545.54004       7.71136762E-15
   6545.62988       7.74914190E-15
   6545.72021       7.78788604E-15
   6545.81006       7.82709265E-15
   6545.89990       7.86687610E-15
   6545.99023       7.90735580E-15
   6546.08008       7.94798458E-15
   6546.16992       7.98886493E-15
   6546.25977       8.02987573E-15
   6546.35010       8.07111353E-15
   6546.43994       8.11199811E-15
   6546.52979       8.15261673E-15
   6546.62012       8.19304561E-15
   6546.70996       8.23270285E-15
   6546.79980       8.27166298E-15
   6546.89014       8.30998275E-15
   6546.97998       8.34710058E-15
   6547.06982       8.38307661E-15
   6547.16016       8.41795234E-15
   6547.25000       8.45121363E-15
   6547.33984       8.48314423E-15
   6547.43018       8.51843756E-15
   6547.52002       8.61612756E-15
   6547.60986       9.26053413E-15
   6547.70020       1.29101763E-14
   6547.79004       2.63870736E-14
   6547.87988       5.74900303E-14
   6547.97021       9.85489969E-14
   6548.06006       1.18665101E-13
   6548.14990       9.85760817E-14
   6548.24023       5.75458599E-14
   6548.33008       2.64908504E-14
   6548.41992       1.32128398E-14
   6548.50977       1.05061723E-14
   6548.60010       1.29661982E-14
   6548.68994       1.92333501E-14
   6548.77979       2.63638632E-14
   6548.87012       2.84804020E-14
   6548.95996       2.34586232E-14
   6549.04980       1.60331292E-14
   6549.14014       1.10788555E-14
   6549.22998       9.16041569E-15
   6549.31982       8.67724946E-15
   6549.41016       8.58098332E-15
   6549.50000       8.54797190E-15
   6549.58984       8.51982500E-15
   6549.68018       8.49012887E-15
   6549.77002       8.45888352E-15
   6549.85986       8.42604828E-15
   6549.95020       8.39157235E-15
   6550.04004       8.35597410E-15
   6550.12988       8.31921879E-15
   6550.22021       8.28124800E-15
   6550.31006       8.24262245E-15
   6550.39990       8.20328963E-15
   6550.49023       8.16318262E-15
   6550.58008       8.12288164E-15
   6550.66992       8.08231893E-15
   6550.75977       8.04163509E-15
   6550.85010       8.00074796E-15
   6550.93994       7.96023607E-15
   6551.02979       7.92000539E-15
   6551.12012       7.87996614E-15
   6551.20996       7.84066890E-15
   6551.29980       7.80200862E-15
   6551.39014       7.76388705E-15
   6551.47998       7.72681496E-15
   6551.56982       7.69067800E-15
   6551.66016       7.65537536E-15
   6551.75000       7.62136698E-15
   6551.83984       7.58853429E-15
   6551.93018       7.55677733E-15
   6552.02002       7.52650014E-15
   6552.10986       7.49758667E-15
   6552.20020       7.46994206E-15
   6552.29004       7.44391358E-15
   6552.37988       7.41939198E-15
   6552.47021       7.39629762E-15
   6552.56006       7.37491767E-15
   6552.64990       7.35515978E-15
   6552.74023       7.33696466E-15
   6552.83008       7.32056441E-15
   6552.91992       7.30588956E-15
   6553.00977       7.29297655E-15
   6553.10010       7.28180672E-15
   6553.18994       7.27254018E-15
   6553.27979       7.26515660E-15
   6553.37012       7.25967714E-15
   6553.45996       7.25621362E-15
   6553.54980       7.25478891E-15
   6553.64014       7.25547670E-15
   6553.72998       7.25834052E-15
   6553.81982       7.26345745E-15
   6553.91016       7.27096131E-15
   6554.00000       7.28086990E-15
   6554.08984       7.29332214E-15
   6554.18018       7.30852638E-15
   6554.27002       7.32644705E-15
   6554.35986       7.34729846E-15
   6554.45020       7.37137283E-15
   6554.54004       7.39857530E-15
   6554.62988       7.42920740E-15
   6554.72021       7.46365623E-15
   6554.81006       7.50175746E-15
   6554.89990       7.54390836E-15
   6554.99023       7.59060868E-15
   6555.08008       7.64160430E-15
   6555.16992       7.69740174E-15
   6555.25977       7.75827970E-15
   6555.35010       7.82490985E-15
   6555.43994       7.89688224E-15
   6555.52979       7.97486771E-15
   6555.62012       8.05968028E-15
   6555.70996       8.15075749E-15
   6555.79980       8.24890828E-15
   6555.89014       8.35510504E-15
   6555.97998       8.46859390E-15
   6556.06982       8.59033117E-15
   6556.16016       8.72146373E-15
   6556.25000       8.86099801E-15
   6556.33984       9.01005209E-15
   6556.43018       9.16995328E-15
   6556.52002       9.33942170E-15
   6556.60986       9.51973892E-15
   6556.70020       9.71243044E-15
   6556.79004       9.91586319E-15
   6556.87988       1.01314966E-14
   6556.97021       1.03610527E-14
   6557.06006       1.06024893E-14
   6557.14990       1.08574428E-14
   6557.24023       1.11278327E-14
   6557.33008       1.14111449E-14
   6557.41992       1.17091912E-14
   6557.50977       1.20223427E-14
   6557.60010       1.23527761E-14
   6557.68994       1.26972475E-14
   6557.77979       1.30577938E-14
   6557.87012       1.34367750E-14
   6557.95996       1.38303269E-14
   6558.04980       1.42406449E-14
   6558.14014       1.46702515E-14
   6558.22998       1.51146152E-14
   6558.31982       1.55760719E-14
   6558.41016       1.60572849E-14
   6558.50000       1.65530143E-14
   6558.58984       1.70657200E-14
   6558.68018       1.75981767E-14
   6558.77002       1.81444317E-14
   6558.85986       1.87071292E-14
   6558.95020       1.92895474E-14
   6559.04004       1.98869072E-14
   6559.12988       2.05095188E-14
   6559.22021       2.11881666E-14
   6559.31006       2.20024923E-14
   6559.39990       2.32004306E-14
   6559.49023       2.54027129E-14
   6559.58008       2.98957433E-14
   6559.66992       3.91067624E-14
   6559.75977       5.67945383E-14
   6559.85010       8.78268744E-14
   6559.93994       1.35832087E-13
   6560.02979       2.01437310E-13
   6560.12012       2.79368488E-13
   6560.20996       3.55963631E-13
   6560.29980       4.14574191E-13
   6560.39014       4.39953548E-13
   6560.47998       4.24822395E-13
   6560.56982       3.73963013E-13
   6560.66016       3.00884643E-13
   6560.75000       2.23697647E-13
   6560.83984       1.56126739E-13
   6560.93018       1.05256942E-13
   6561.02002       7.23043722E-14
   6561.10986       5.34951417E-14
   6561.20020       4.41266930E-14
   6561.29004       4.03076146E-14
   6561.37988       3.94294277E-14
   6561.47021       4.04701907E-14
   6561.56006       4.39619451E-14
   6561.64990       5.26740347E-14
   6561.74023       7.35192614E-14
   6561.83008       1.20419150E-13
   6561.91992       2.20037801E-13
   6562.00977       4.17910173E-13
   6562.10010       7.86869105E-13
   6562.18994       1.41931031E-12
   6562.27979       2.42899971E-12
   6562.37012       3.92958973E-12
   6562.45996       5.96096133E-12
   6562.54980       8.49036900E-12
   6562.64014       1.13626955E-11
   6562.72998       1.42381575E-11
   6562.81982       1.67309187E-11
   6562.91016       1.84411340E-11
   6563.00000       1.90449045E-11
   6563.08984       1.84413040E-11
   6563.18018       1.67312605E-11
   6563.27002       1.42386675E-11
   6563.35986       1.13633720E-11
   6563.45020       8.49121207E-12
   6563.54004       5.96196746E-12
   6563.62988       3.93075546E-12
   6563.72021       2.43032244E-12
   6563.81006       1.42078547E-12
   6563.89990       7.88492210E-13
   6563.99023       4.19677232E-13
   6564.08008       2.21942758E-13
   6564.16992       1.22455784E-13
   6564.25977       7.56783958E-14
   6564.35010       5.49364258E-14
   6564.43994       4.62710857E-14
   6564.52979       4.26594015E-14
   6564.62012       4.10246449E-14
   6564.70996       4.01126140E-14
   6564.79980       3.94288179E-14
   6564.89014       3.87999264E-14
   6564.97998       3.81777062E-14
   6565.06982       3.75431057E-14
   6565.16016       3.68893047E-14
   6565.25000       3.62237299E-14
   6565.33984       3.55442502E-14
   6565.43018       3.48486769E-14
   6565.52002       3.41462020E-14
   6565.60986       3.34347655E-14
   6565.70020       3.27120872E-14
   6565.79004       3.19876199E-14
   6565.87988       3.12590767E-14
   6565.97021       3.05240486E-14
   6566.06006       2.97920122E-14
   6566.14990       2.90604841E-14
   6566.24023       2.83269468E-14
   6566.33008       2.76007160E-14
   6566.41992       2.68791472E-14
   6566.50977       2.61635060E-14
   6566.60010       2.54511700E-14
   6566.68994       2.47509803E-14
   6566.77979       2.40601403E-14
   6566.87012       2.33759833E-14
   6566.95996       2.27068425E-14
   6567.04980       2.20498499E-14
   6567.14014       2.14023321E-14
   6567.22998       2.07720092E-14
   6567.31982       2.01559926E-14
   6567.41016       1.95516295E-14
   6567.50000       1.89659638E-14
   6567.58984       1.83961207E-14
   6567.68018       1.78395032E-14
   6567.77002       1.73024369E-14
   6567.85986       1.67821045E-14
   6567.95020       1.62759956E-14
   6568.04004       1.57897004E-14
   6568.12988       1.53205018E-14
   6568.22021       1.48659940E-14
   6568.31006       1.44310511E-14
   6568.39990       1.40130776E-14
   6568.49023       1.36098052E-14
   6568.58008       1.32254149E-14
   6568.66992       1.28574655E-14
   6568.75977       1.25057054E-14
   6568.85010       1.21680687E-14
   6568.93994       1.18478886E-14
   6569.02979       1.15429601E-14
   6569.12012       1.12513817E-14
   6569.20996       1.09759198E-14
   6569.29980       1.07145560E-14
   6569.39014       1.04655630E-14
   6569.47998       1.02312042E-14
   6569.56982       1.00096552E-14
   6569.66016       9.79936567E-15
   6569.75000       9.60215523E-15
   6569.83984       9.41639836E-15
   6569.93018       9.24071864E-15
   6570.02002       9.07655688E-15
   6570.10986       8.92248159E-15
   6570.20020       8.77728405E-15
   6570.29004       8.64208743E-15
   6570.37988       8.51564574E-15
   6570.47021       8.39690950E-15
   6570.56006       8.28674016E-15
   6570.64990       8.18406452E-15
   6570.74023       8.08798219E-15
   6570.83008       7.99914198E-15
   6570.91992       7.91663166E-15
   6571.00977       7.84008614E-15
   6571.10010       7.76878629E-15
   6571.18994       7.70316326E-15
   6571.27979       7.64249283E-15
   6571.37012       7.58617361E-15
   6571.45996       7.53451477E-15
   6571.54980       7.48691660E-15
   6571.64014       7.44288190E-15
   6571.72998       7.40262835E-15
   6571.81982       7.36566468E-15
   6571.91016       7.33158346E-15
   6572.00000       7.30053293E-15
   6572.08984       7.27211582E-15
   6572.18018       7.24600179E-15
   6572.27002       7.22229080E-15
   6572.35986       7.20066181E-15
   6572.45020       7.18085310E-15
   6572.54004       7.16292650E-15
   6572.62988       7.14662873E-15
   6572.72021       7.13175145E-15
   6572.81006       7.11833275E-15
   6572.89990       7.10617359E-15
   6572.99023       7.09511050E-15
   6573.08008       7.08516464E-15
   6573.16992       7.07618227E-15
   6573.25977       7.06807829E-15
   6573.35010       7.06073748E-15
   6573.43994       7.05416704E-15
   6573.52979       7.04825814E-15
   6573.62012       7.04292353E-15
   6573.70996       7.03816405E-15
   6573.79980       7.03389839E-15
   6573.89014       7.03005921E-15
   6573.97998       7.02664525E-15
   6574.06982       7.02359508E-15
   6574.16016       7.02085916E-15
   6574.25000       7.01843411E-15
   6574.33984       7.01627460E-15
   6574.43018       7.01434379E-15
   6574.52002       7.01263786E-15
   6574.60986       7.01112379E-15
   6574.70020       7.00977404E-15
   6574.79004       7.00858566E-15
   6574.87988       7.00753407E-15
   6574.97021       7.00659979E-15
   6575.06006       7.00577944E-15
   6575.14990       7.00505649E-15
   6575.24023       7.00441571E-15
   6575.33008       7.00385540E-15
   6575.41992       7.00336285E-15
   6575.50977       7.00293002E-15
   6575.60010       7.00254843E-15
   6575.68994       7.00221639E-15
   6575.77979       7.00192501E-15
   6575.87012       7.00166963E-15
   6575.95996       7.00144729E-15
   6576.04980       7.00125332E-15
   6576.14014       7.00108349E-15
   6576.22998       7.00093653E-15
   6576.31982       7.00080862E-15
   6576.41016       7.00069724E-15
   6576.50000       7.00060068E-15
   6576.58984       7.00051724E-15
   6576.68018       7.00044440E-15
   6576.77002       7.00038384E-15
   6576.85986       7.00035165E-15
   6576.95020       7.00049692E-15
   6577.04004       7.00184878E-15
   6577.12988       7.01020137E-15
   6577.22021       7.05253566E-15
   6577.31006       7.22723324E-15
   6577.39990       7.82325898E-15
   6577.49023       9.50768903E-15
   6577.58008       1.33433456E-14
   6577.66992       2.04112714E-14
   6577.75977       3.06985713E-14
   6577.85010       4.20574999E-14
   6577.93994       5.02321946E-14
   6578.02979       5.15586414E-14
   6578.12012       4.53345179E-14
   6578.20996       3.45732422E-14
   6578.29980       2.35761643E-14
   6578.39014       1.52935661E-14
   6578.47998       1.04794560E-14
   6578.56982       8.22006173E-15
   6578.66016       7.35501578E-15
   6578.75000       7.08688115E-15
   6578.83984       7.01777554E-15
   6578.93018       7.00301387E-15
   6579.02002       7.00043551E-15
   6579.10986       7.00005646E-15
   6579.20020       7.00000945E-15
   6579.29004       7.00000394E-15
   6579.37988       7.00000310E-15
   6579.47021       7.00000267E-15
   6579.56006       7.00000225E-15
   6579.64990       7.00000183E-15
   6579.74023       7.00000140E-15
   6579.83008       7.00000140E-15
   6579.91992       7.00000098E-15
   6580.00977       7.00000098E-15
   6580.10010       7.00000098E-15
   6580.18994       7.00000055E-15
   6580.27979       7.00000055E-15
   6580.37012       7.00000055E-15
   6580.45996       7.00000055E-15
   6580.54980       7.00000055E-15
   6580.64014       7.00000013E-15
   6580.72998       7.00000013E-15
   6580.81982       7.00000013E-15
   6580.91016       7.00000013E-15
   6581.00000       7.00000013E-15
   6581.08984       7.00000013E-15
   6581.18018       7.00000013E-15
   6581.27002       7.00000013E-15
   6581.35986       7.00000013E-15
   6581.45020       7.00000013E-15
   6581.54004       7.00000013E-15
   6581.62988       7.00000013E-15
   6581.72021       7.00000013E-15
   6581.81006       7.00000013E-15
   6581.89990       7.00000013E-15
   6581.99023       7.00000013E-15
   6582.08008       7.00000013E-15
   6582.16992       7.00000013E-15
   6582.25977       7.00000013E-15
   6582.35010       7.00000013E-15
   6582.43994       7.00000013E-15
   6582.52979       7.00000013E-15
   6582.62012       7.00000013E-15
   6582.70996       7.00000479E-15
   6582.79980       7.00017504E-15
   6582.89014       7.00442376E-15
   6582.97998       7.07330194E-15
   6583.06982       7.81127347E-15
   6583.16016       1.30559778E-14
   6583.25000       3.68350709E-14
   6583.33984       1.05172713E-13
   6583.43018       2.23448809E-13
   6583.52002       3.24035720E-13
   6583.60986       3.17157460E-13
   6583.70020       2.08974792E-13
   6583.79004       9.49778857E-14
   6583.87988       3.28209444E-14
   6583.97021       1.35471265E-14
   6584.06006       1.49619409E-14
   6584.14990       2.90847668E-14
   6584.24023       5.13745710E-14
   6584.33008       6.64019553E-14
   6584.41992       6.01149854E-14
   6584.50977       3.87216064E-14
   6584.60010       1.95766848E-14
   6584.68994       1.03434412E-14
   6584.77979       7.59366562E-15
   6584.87012       7.06951867E-15
   6584.95996       7.00549483E-15
   6585.04980       7.00029024E-15
   6585.14014       7.00001030E-15
   6585.22998       7.00000055E-15
   6585.31982       7.00000013E-15
   6585.41016       7.00000013E-15
   6585.50000       7.00000013E-15
   6585.58984       7.00000013E-15
   6585.68018       7.00000013E-15
   6585.77002       7.00000013E-15
   6585.85986       7.00000013E-15
   6585.95020       7.00000013E-15
   6586.04004       7.00000013E-15
   6586.12988       7.00000013E-15
   6586.22021       7.00000013E-15
   6586.31006       7.00000013E-15
   6586.39990       7.00000013E-15
   6586.49023       7.00000013E-15
   6586.58008       7.00000013E-15
   6586.66992       7.00000013E-15
   6586.75977       7.00000013E-15
   6586.85010       7.00000013E-15
   6586.93994       7.00000013E-15
   6587.02979       7.00000013E-15
   6587.12012       7.00000013E-15
   6587.20996       7.00000013E-15
   6587.29980       7.00000013E-15
   6587.39014       7.00000013E-15
   6587.47998       7.00000013E-15
   6587.56982       7.00000013E-15
   6587.66016       7.00000013E-15
   6587.75000       7.00000013E-15
   6587.83984       7.00000013E-15
   6587.93018       7.00000013E-15
   6588.02002       7.00000013E-15
   6588.10986       7.00000013E-15
   6588.20020       7.00000013E-15
   6588.29004       7.00000013E-15
   6588.37988       7.00000013E-15
   6588.47021       7.00000013E-15
   6588.56006       7.00000013E-15
   6588.64990       7.00000013E-15
   6588.74023       7.00000013E-15
   6588.83008       7.00000013E-15
   6588.91992       7.00000013E-15
   6589.00977       7.00000013E-15
   6589.10010       7.00000013E-15
   6589.18994       7.00000013E-15
   6589.27979       7.00000013E-15
   6589.37012       7.00000013E-15
   6589.45996       7.00000013E-15
   6589.54980       7.00000013E-15
   6589.64014       7.00000013E-15
   6589.72998       7.00000013E-15
   6589.81982       7.00000013E-15
   6589.91016       7.00000013E-15
   6590.00000       7.00000013E-15
