6497.75078157962  8.220263E-15
6497.83808563521  1.662060E-14
6497.92536022089  -1.771248E-14
6498.01260534348  1.259688E-15
6498.09982100996  1.180438E-14
6498.18700722748  7.029461E-15
6498.27416400334  7.371008E-15
6498.36129134502  1.120851E-14
6498.44838926014  9.877205E-15
6498.5354577565  -5.880595E-16
6498.62249684202  6.937702E-15
6498.70950652483  9.645680E-15
6498.79648681318  4.276591E-15
6498.88343771547  -5.430638E-15
6498.97035924027  -1.356149E-14
6499.05725139631  2.614803E-15
6499.14411419244  1.993440E-14
6499.23094763769  1.114929E-14
6499.31775174123  2.076546E-17
6499.40452651236  6.325326E-15
6499.49127196055  -3.415018E-15
6499.57798809541  2.264293E-14
6499.66467492669  7.484900E-15
6499.75133246429  7.712694E-15
6499.83796071824  2.772169E-15
6499.92455969872  8.054156E-15
6500.01112941605  7.202216E-16
6500.09766988068  -2.801513E-15
6500.18418110323  6.150109E-15
6500.27066309441  5.044878E-15
6500.3571158651  -9.816915E-15
6500.44353942631  2.372085E-15
6500.52993378916  1.320112E-14
6500.61629896494  3.997294E-14
6500.70263496505  7.889441E-15
6500.78894180102  -2.248447E-15
6500.87521948452  -4.987749E-16
6500.96146802734  1.674539E-15
6501.04768744139  2.038830E-14
6501.13387773873  6.167339E-15
6501.22003893153  -1.095184E-14
6501.30617103209  1.421699E-14
6501.39227405283  2.256517E-14
6501.47834800629  1.216683E-14
6501.56439290515  -4.095905E-15
6501.65040876218  -1.387214E-14
6501.73639559029  1.769283E-14
6501.82235340252  3.353787E-14
6501.90828221199  1.352369E-14
6501.99418203198  6.556454E-15
6502.08005287585  8.740596E-15
6502.1658947571  1.387906E-14
6502.25170768934  2.197003E-15
6502.33749168627  -9.930054E-15
6502.42324676173  1.497259E-14
6502.50897292966  1.053939E-14
6502.5946702041  1.705906E-14
6502.68033859922  -4.442948E-15
6502.76597812928  5.846906E-15
6502.85158880866  3.301950E-14
6502.93717065184  1.235301E-14
6503.02272367339  1.265755E-14
6503.10824788802  1.417093E-14
6503.19374331051  7.502784E-15
6503.27920995576  -7.376140E-16
6503.36464783877  1.466298E-14
6503.45005697463  -3.472579E-15
6503.53543737853  5.265262E-16
6503.62078906578  7.006765E-15
6503.70611205177  2.153522E-15
6503.79140635199  5.593696E-15
6503.87667198202  9.028755E-15
6503.96190895754  3.159189E-15
6504.04711729433  1.846441E-14
6504.13229700826  1.283192E-14
6504.21744811528  2.990083E-15
6504.30257063146  1.500082E-14
6504.38766457292  5.027117E-15
6504.47272995591  5.778230E-15
6504.55776679675  4.135297E-15
6504.64277511183  3.596788E-15
6504.72775491766  -2.519009E-15
6504.81270623083  1.490863E-16
6504.89762906799  1.100754E-14
6504.98252344589  1.249075E-14
6505.06738938138  3.879528E-15
6505.15222689137  1.188976E-14
6505.23703599285  5.046483E-15
6505.32181670291  3.428515E-15
6505.40656903871  -1.003764E-15
6505.49129301749  1.213216E-14
6505.57598865656  4.571254E-15
6505.66065597331  5.365042E-15
6505.74529498523  3.902132E-15
6505.82990570986  9.377543E-15
6505.91448816482  6.580832E-15
6505.9990423678  1.241578E-14
6506.08356833657  6.234943E-15
6506.16806608899  1.159326E-14
6506.25253564296  4.350588E-15
6506.33697701646  1.149633E-14
6506.42139022755  -2.836395E-15
6506.50577529436  -1.779818E-15
6506.59013223507  9.700300E-16
6506.67446106796  1.313400E-14
6506.75876181133  -5.278678E-16
6506.84303448359  1.094848E-14
6506.92727910319  -5.108548E-15
6507.01149568866  -1.281189E-17
6507.09568425858  2.686944E-15
6507.1798448316  5.945580E-15
6507.26397742643  1.029495E-14
6507.34808206184  1.178096E-14
6507.43215875667  -2.214501E-15
6507.5162075298  5.270263E-15
6507.60022840018  3.075101E-15
6507.68422138683  -1.047413E-15
6507.76818650882  5.929616E-15
6507.85212378525  1.028954E-16
6507.93603323532  8.180482E-16
6508.01991487825  8.307033E-15
6508.10376873333  5.468553E-16
6508.18759481991  7.010331E-16
6508.27139315738  9.997326E-15
6508.35516376519  1.074322E-15
6508.43890666282  5.435138E-15
6508.52262186984  9.766947E-15
6508.60630940583  3.368958E-15
6508.68996929045  1.540854E-14
6508.77360154338  3.109166E-15
6508.85720618439  1.646300E-15
6508.94078323324  2.133975E-15
6509.02433270978  1.172881E-14
6509.1078546339  1.203899E-15
6509.19134902551  7.760517E-15
6509.27481590458  2.848130E-15
6509.35825529114  2.693230E-15
6509.44166720523  -8.092815E-16
6509.52505166695  2.250432E-14
6509.60840869645  8.833502E-15
6509.6917383139  -2.810484E-15
6509.77504053952  4.410201E-15
6509.85831539357  1.939687E-14
6509.94156289635  6.357641E-16
6510.02478306819  -4.541633E-15
6510.10797592946  4.377770E-15
6510.19114150057  1.395074E-15
6510.27427980197  2.001150E-15
6510.35739085413  3.381362E-14
6510.44047467756  4.168593E-15
6510.52353129281  6.302215E-15
6510.60656072047  1.247226E-14
6510.68956298113  5.026478E-15
6510.77253809545  4.586696E-15
6510.85548608411  2.738649E-15
6510.93840696779  1.010671E-15
6511.02130076725  7.580958E-15
6511.10416750324  -5.936456E-15
6511.18700719655  6.717866E-15
6511.269819868  -1.175873E-15
6511.35260553844  3.085178E-15
6511.43536422874  8.226237E-15
6511.51809595981  1.122108E-15
6511.60080075255  7.651635E-16
6511.68347862793  1.009960E-14
6511.76612960691  1.294429E-14
6511.8487537105  -2.228050E-15
6511.9313509597  5.405564E-15
6512.01392137556  3.673963E-15
6512.09646497913  3.994629E-15
6512.17898179151  3.656818E-15
6512.26147183379  9.717390E-15
6512.34393512709  1.360934E-14
6512.42637169257  2.747482E-17
6512.50878155137  4.748825E-17
6512.59116472467  9.037928E-16
6512.67352123366  4.794365E-16
6512.75585109956  2.640045E-15
6512.8381543436  5.773374E-15
6512.92043098702  6.700748E-15
6513.00268105106  3.923798E-15
6513.08490455701  2.167002E-14
6513.16710152615  1.145212E-14
6513.24927197977  4.393409E-15
6513.33141593919  -7.731506E-16
6513.41353342573  -4.061625E-16
6513.49562446072  -1.015123E-15
6513.5776890655  9.958396E-15
6513.65972726143  4.992352E-15
6513.74173906988  2.449303E-15
6513.82372451221  1.487357E-14
6513.90568360981  1.146528E-14
6513.98761638406  5.748053E-15
6514.06952285637  1.910816E-16
6514.15140304814  4.596489E-15
6514.23325698077  5.845259E-15
6514.31508467569  7.386922E-15
6514.39688615431  -5.048352E-15
6514.47866143805  -2.451550E-16
6514.56041054836  3.061857E-15
6514.64213350665  4.678489E-15
6514.72383033437  1.808692E-15
6514.80550105296  9.626479E-16
6514.88714568385  -1.661261E-16
6514.9687642485  7.670959E-15
6515.05035676833  -1.142099E-15
6515.1319232648  -6.744513E-16
6515.21346375935  7.951337E-16
6515.29497827341  3.383951E-15
6515.37646682845  4.408027E-15
6515.45792944588  1.064168E-14
6515.53936614716  4.622535E-15
6515.62077695371  1.979767E-15
6515.70216188697  6.227258E-15
6515.78352096837  5.282947E-15
6515.86485421934  -1.025648E-15
6515.94616166128  -1.330741E-15
6516.02744331562  -6.158451E-17
6516.10869920377  -2.652253E-15
6516.18992934713  2.258577E-15
6516.27113376709  2.961180E-15
6516.35231248505  7.999047E-16
6516.43346552239  -2.453534E-15
6516.51459290048  -3.299271E-15
6516.59569464068  2.331291E-15
6516.67677076436  -1.679986E-15
6516.75782129286  5.847923E-16
6516.83884624752  2.621350E-15
6516.91984564967  2.580496E-15
6517.00081952062  2.419786E-15
6517.08176788168  3.798519E-16
6517.16269075413  3.013608E-15
6517.24358815927  3.531211E-15
6517.32446011836  8.548804E-15
6517.40530665266  1.034504E-14
6517.4861277834  5.217579E-15
6517.56692353183  -3.155109E-16
6517.64769391914  9.940574E-15
6517.72843896654  1.285141E-15
6517.80915869522  3.971597E-15
6517.88985312633  1.361968E-15
6517.97052228104  -6.630471E-16
6518.05116618048  -1.934405E-15
6518.13178484577  -3.227312E-16
6518.212378298  1.595775E-16
6518.29294655826  -2.496857E-15
6518.37348964763  -1.551880E-15
6518.45400758713  3.970011E-15
6518.5345003978  3.103441E-15
6518.61496810066  6.620313E-15
6518.69541071668  2.400891E-15
6518.77582826683  5.393314E-15
6518.85622077206  9.009547E-16
6518.9365882533  7.518327E-15
6519.01693073145  2.128039E-15
6519.0972482274  -4.399082E-16
6519.177540762  1.227025E-15
6519.25780835609  1.124997E-17
6519.33805103049  2.388617E-15
6519.41826880598  8.888102E-15
6519.49846170334  4.571217E-15
6519.57862974331  -1.130981E-16
6519.65877294661  3.126449E-15
6519.73889133392  5.876987E-15
6519.81898492593  7.429849E-15
6519.89905374326  4.988266E-15
6519.97909780654  2.249748E-15
6520.05911713636  3.167435E-15
6520.13911175328  3.379475E-15
6520.21908167784  2.714251E-15
6520.29902693054  2.315817E-15
6520.37894753186  2.943731E-15
6520.45884350226  4.870704E-15
6520.53871486217  4.845921E-15
6520.61856163197  2.180632E-15
6520.69838383203  6.376143E-15
6520.77818148269  4.590421E-15
6520.85795460425  2.100715E-15
6520.93770321699  6.827178E-16
6521.01742734115  2.481042E-15
6521.09712699694  3.360042E-15
6521.17680220456  5.726307E-15
6521.25645298414  2.070622E-15
6521.33607935582  8.021328E-16
6521.41568133966  -1.834970E-15
6521.49525895573  4.966454E-15
6521.57481222405  3.100681E-15
6521.6543411646  6.214821E-15
6521.73384579734  1.726146E-16
6521.81332614219  6.331390E-16
6521.89278221903  2.645908E-15
6521.97221404771  3.394129E-15
6522.05162164805  2.408730E-15
6522.13100503983  3.154493E-15
6522.2103642428  2.314237E-15
6522.28969927665  7.090460E-16
6522.36901016107  3.618883E-15
6522.4482969157  2.708120E-15
6522.52755956012  1.095927E-15
6522.60679811391  1.731605E-15
6522.68601259659  1.979787E-15
6522.76520302764  3.152135E-15
6522.84436942653  3.407969E-15
6522.92351181265  1.584122E-15
6523.00263020538  2.087932E-15
6523.08172462405  1.185785E-15
6523.16079508797  1.134540E-15
6523.23984161639  2.778904E-17
6523.31886422852  1.548316E-15
6523.39786294353  3.785260E-15
6523.47683778058  1.429852E-15
6523.55578875874  -1.763814E-16
6523.63471589708  1.211987E-15
6523.71361921461  -1.882449E-15
6523.79249873031  -1.259410E-16
6523.8713544631  -4.302556E-16
6523.95018643187  5.816748E-15
6524.02899465548  2.724673E-15
6524.10777915273  8.665082E-16
6524.18653994237  1.239511E-15
6524.26527704314  5.880254E-15
6524.3439904737  4.364613E-15
6524.4226802527  1.673645E-15
6524.50134639872  3.797638E-15
6524.5799889303  1.655839E-16
6524.65860786596  1.449719E-15
6524.73720322414  4.237065E-15
6524.81577502327  8.457309E-15
6524.89432328172  4.389134E-15
6524.97284801779  -6.664500E-16
6525.05134924979  6.797670E-15
6525.12982699593  -5.192541E-16
6525.20828127441  2.721641E-15
6525.28671210337  1.697321E-15
6525.3651195009  2.176961E-15
6525.44350348506  1.736751E-15
6525.52186407385  2.353389E-16
6525.60020128522  4.510559E-15
6525.67851513709  4.999460E-16
6525.75680564731  2.887685E-15
6525.8350728337  -4.889593E-15
6525.91331671403  -2.759621E-15
6525.99153730602  2.214434E-15
6526.06973462734  3.749969E-15
6526.14790869562  1.354932E-14
6526.22605952842  -1.886898E-15
6526.30418714328  -1.264116E-15
6526.38229155767  1.301163E-15
6526.46037278902  3.438656E-15
6526.53843085471  5.286489E-15
6526.61646577207  4.304095E-15
6526.69447755839  2.686047E-16
6526.77246623088  -4.116557E-16
6526.85043180674  4.384589E-16
6526.9283743031  7.210902E-16
6527.00629373702  1.993311E-15
6527.08419012555  2.341313E-15
6527.16206348566  2.572721E-16
6527.23991383428  5.149859E-16
6527.3177411883  2.645421E-15
6527.39554556452  3.472993E-15
6527.47332697974  -2.279769E-16
6527.55108545066  1.218980E-15
6527.62882099397  5.346540E-15
6527.70653362629  1.902371E-15
6527.78422336418  3.105404E-15
6527.86189022415  2.336092E-15
6527.93953422268  3.102102E-15
6528.01715537616  2.590106E-15
6528.09475370096  2.711166E-17
6528.17232921339  2.415112E-15
6528.24988192969  1.760922E-15
6528.32741186607  -1.039174E-15
6528.40491903867  1.291717E-16
6528.48240346359  2.728123E-15
6528.55986515685  -1.743734E-15
6528.63730413446  2.344611E-15
6528.71472041233  8.068102E-16
6528.79211400635  2.073302E-15
6528.86948493234  3.985453E-15
6528.94683320606  6.829861E-15
6529.02415884325  -1.596446E-16
6529.10146185954  3.796246E-15
6529.17874227055  1.699393E-15
6529.25600009184  2.344127E-15
6529.33323533888  2.896888E-15
6529.41044802714  3.577900E-17
6529.48763817199  4.729362E-16
6529.56480578876  3.707204E-16
6529.64195089272  -1.672506E-15
6529.71907349911  2.996480E-15
6529.79617362307  -1.786376E-18
6529.87325127972  1.856764E-15
6529.95030648411  2.232661E-15
6530.02733925125  1.051299E-15
6530.10434959606  6.433864E-15
6530.18133753343  1.279072E-15
6530.25830307819  -9.456444E-17
6530.33524624511  8.459119E-16
6530.41216704891  7.997923E-16
6530.48906550424  5.498982E-16
6530.56594162571  -4.402543E-16
6530.64279542785  7.137068E-16
6530.71962692517  8.260065E-16
6530.79643613209  1.418400E-15
6530.87322306298  2.037272E-15
6530.94998773216  1.365497E-15
6531.02673015389  2.680573E-15
6531.10345034238  3.676218E-16
6531.18014831176  -3.143760E-16
6531.25682407613  2.687548E-15
6531.33347764951  4.580216E-15
6531.41010904588  1.673831E-15
6531.48671827914  8.742200E-16
6531.56330536317  -3.342827E-16
6531.63987031175  -1.233327E-15
6531.71641313863  4.821756E-16
6531.79293385748  2.020968E-15
6531.86943248195  9.885585E-16
6531.94590902557  1.411509E-15
6532.02236350188  3.995858E-15
6532.09879592432  5.896882E-16
6532.17520630628  1.723497E-15
6532.25159466108  5.889277E-15
6532.32796100202  2.699292E-15
6532.4043053423  8.445255E-15
6532.48062769507  1.455681E-17
6532.55692807345  3.985035E-17
6532.63320649046  -1.655389E-16
6532.7094629591  2.549532E-16
6532.78569749227  1.393667E-15
6532.86191010285  5.652205E-15
6532.93810080364  8.880997E-15
6533.01426960739  8.173448E-15
6533.09041652677  5.411208E-15
6533.16654157443  1.004928E-15
6533.24264476292  1.248554E-15
6533.31872610475  7.575437E-16
6533.39478561239  1.653963E-15
6533.47082329821  2.456313E-16
6533.54683917455  3.372498E-15
6533.62283325368  1.489063E-15
6533.69880554781  -4.557686E-16
6533.7747560691  6.614758E-16
6533.85068482964  3.539090E-16
6533.92659184147  1.559701E-16
6534.00247711655  4.579471E-15
6534.07834066682  4.414566E-15
6534.15418250412  2.712132E-15
6534.23000264024  3.131354E-16
6534.30580108693  6.546823E-16
6534.38157785587  1.808642E-15
6534.45733295867  1.706661E-16
6534.53306640689  -1.444182E-16
6534.60877821202  5.486517E-15
6534.68446838552  5.239609E-16
6534.76013693876  -9.377651E-16
6534.83578388305  1.087826E-15
6534.91140922966  -2.542915E-15
6534.98701298979  -1.660491E-15
6535.06259517458  3.157708E-15
6535.13815579512  2.265928E-15
6535.21369486241  3.026914E-15
6535.28921238743  1.300609E-15
6535.36470838108  8.623201E-16
6535.44018285419  4.095921E-15
6535.51563581756  2.146489E-15
6535.59106728191  4.074042E-15
6535.66647725789  3.254478E-15
6535.74186575612  6.466871E-16
6535.81723278713  5.686016E-16
6535.89257836142  1.043461E-15
6535.9679024894  -6.412864E-16
6536.04320518144  1.409313E-15
6536.11848644785  1.846751E-15
6536.19374629887  4.258013E-16
6536.26898474469  1.424431E-15
6536.34420179545  2.373817E-15
6536.41939746119  3.281323E-15
6536.49457175194  3.973314E-15
6536.56972467763  -2.461268E-16
6536.64485624817  4.074559E-15
6536.71996647337  2.869107E-15
6536.79505536301  6.822432E-16
6536.8701229268  2.998359E-15
6536.94516917439  1.210477E-15
6537.02019411537  -2.813926E-16
6537.09519775927  2.565715E-15
6537.17018011557  1.096784E-16
6537.24514119368  4.020349E-15
6537.32008100296  3.200798E-15
6537.3949995527  2.958989E-15
6537.46989685213  4.997343E-15
6537.54477291044  -1.880212E-16
6537.61962773674  2.156485E-15
6537.69446134009  3.532260E-15
6537.76927372949  3.835737E-15
6537.84406491389  3.960015E-15
6537.91883490216  9.845129E-16
6537.99358370312  1.183761E-15
6538.06831132555  3.685665E-16
6538.14301777814  2.682363E-15
6538.21770306955  9.958367E-16
6538.29236720837  -5.357157E-16
6538.36701020312  -5.699814E-16
6538.44163206227  -6.815608E-16
6538.51623279424  3.617655E-16
6538.59081240737  3.466552E-15
6538.66537090998  3.145829E-15
6538.73990831029  2.623469E-15
6538.81442461648  5.898119E-15
6538.88891983667  3.542851E-15
6538.96339397893  9.841018E-17
6539.03784705127  1.137224E-16
6539.11227906162  -6.647600E-16
6539.18669001787  1.536986E-15
6539.26107992787  4.354911E-16
6539.33544879937  6.771861E-16
6539.4097966401  4.583400E-16
6539.48412345771  3.146719E-15
6539.5584292598  1.126393E-15
6539.63271405392  -1.476332E-15
6539.70697784754  1.770882E-15
6539.78122064811  4.089885E-15
6539.85544246298  2.573871E-15
6539.92964329946  2.958039E-15
6540.00382316483  3.186993E-15
6540.07798206626  2.130116E-15
6540.15212001091  2.463216E-15
6540.22623700586  2.145061E-15
6540.30033305813  1.085036E-15
6540.3744081747  2.685905E-15
6540.44846236249  1.599629E-15
6540.52249562834  2.479343E-15
6540.59650797906  3.610059E-15
6540.67049942139  6.075901E-16
6540.74446996203  2.212186E-15
6540.8184196076  9.609304E-16
6540.89234836468  2.700604E-15
6540.96625623979  -1.182964E-16
6541.04014323939  2.509098E-15
6541.1140093699  1.498033E-15
6541.18785463765  2.655128E-15
6541.26167904896  2.724402E-15
6541.33548261006  1.051611E-15
6541.40926532713  8.182929E-16
6541.4830272063  1.636540E-15
6541.55676825365  4.044912E-16
6541.63048847521  2.663698E-15
6541.70418787692  -4.586589E-16
6541.7778664647  -2.683542E-16
6541.85152424442  2.659435E-15
6541.92516122185  2.391819E-15
6541.99877740276  1.578277E-15
6542.07237279282  3.011237E-15
6542.14594739769  2.464407E-15
6542.21950122292  -2.601423E-16
6542.29303427407  2.105527E-15
6542.36654655658  3.719518E-15
6542.4400380759  3.333747E-15
6542.51350883737  8.521826E-16
6542.58695884632  3.039702E-16
6542.66038810799  4.215114E-16
6542.7337966276  9.360333E-16
6542.80718441029  -1.200747E-16
6542.88055146116  8.125494E-16
6542.95389778525  4.590166E-15
6543.02722338756  1.237831E-15
6543.10052827302  1.019572E-15
6543.17381244652  2.910190E-15
6543.24707591289  1.189964E-15
6543.3203186769  1.165609E-15
6543.39354074329  2.792270E-15
6543.46674211673  4.351345E-15
6543.53992280185  8.688497E-15
6543.6130828032  1.352630E-14
6543.68622212532  1.077849E-14
6543.75934077267  1.446425E-14
6543.83243874965  2.100873E-14
6543.90551606065  2.905622E-14
6543.97857270996  3.454288E-14
6544.05160870184  4.222716E-14
6544.12462404052  5.722347E-14
6544.19761873013  6.463685E-14
6544.2705927748  7.166104E-14
6544.34354617857  7.188391E-14
6544.41647894546  6.154455E-14
6544.48939107941  5.111094E-14
6544.56228258434  3.827899E-14
6544.63515346409  2.647991E-14
6544.70800372247  1.540863E-14
6544.78083336324  8.732844E-15
6544.85364239009  4.168612E-15
6544.92643080669  4.770770E-15
6544.99919861664  1.129429E-15
6545.0719458235  7.455693E-16
6545.14467243076  2.679451E-15
6545.2173784419  9.571832E-16
6545.29006386031  1.469017E-15
6545.36272868935  1.286902E-15
6545.43537293235  1.164445E-15
6545.50799659255  -1.003128E-15
6545.58059967318  2.758601E-16
6545.6531821774  4.646447E-16
6545.72574410832  1.914241E-15
6545.79828546903  -2.006088E-16
6545.87080626252  2.276676E-15
6545.9433064918  8.497444E-16
6546.01578615977  -1.161106E-16
6546.08824526932  -5.724951E-17
6546.16068382329  1.285415E-15
6546.23310182445  2.159207E-15
6546.30549927554  1.419594E-15
6546.37787617927  9.758329E-16
6546.45023253826  2.111655E-15
6546.52256835513  7.824534E-16
6546.59488363242  7.116541E-16
6546.66717837264  8.817039E-16
6546.73945257825  2.102862E-16
6546.81170625166  -5.788004E-17
6546.88393939526  -1.251691E-15
6546.95615201135  8.908149E-14
6547.02834410222  3.792386E-13
6547.1005156701  8.109371E-15
6547.17266671719  -3.939619E-17
6547.24479724561  2.509321E-16
6547.31690725748  3.539684E-16
6547.38899675485  1.150542E-15
6547.46106573973  1.489576E-15
6547.53311421409  4.208820E-15
6547.60514217984  6.321406E-15
6547.67714963887  2.347683E-15
6547.74913659301  -1.264568E-16
6547.82110304406  1.305123E-15
6547.89304899376  1.811471E-15
6547.96497444382  2.033830E-15
6548.0368793959  1.422265E-15
6548.10876385162  2.059986E-17
6548.18062781256  -3.493197E-18
6548.25247128026  -1.024083E-16
6548.3242942562  8.386606E-16
6548.39609674183  7.932989E-16
6548.46787873858  1.461220E-15
6548.5396402478  2.390359E-15
6548.61138127082  2.391677E-15
6548.68310180892  7.595583E-16
6548.75480186335  2.370952E-15
6548.82648143531  1.752669E-15
6548.89814052596  8.312326E-16
6548.96977913642  1.945800E-15
6549.04139726777  2.087031E-15
6549.11299492106  3.456937E-15
6549.18457209728  1.637863E-15
6549.2561287974  2.015291E-15
6549.32766502233  9.935438E-16
6549.39918077295  3.086674E-15
6549.47067605011  1.227251E-15
6549.54215085461  2.206258E-15
6549.61360518722  1.941632E-15
6549.68503904865  4.367946E-15
6549.7564524396  1.409354E-15
6549.82784536071  5.460049E-16
6549.89921781259  3.263920E-16
6549.97056979582  -1.109159E-17
6550.04190131093  8.513212E-16
6550.11321235841  2.419863E-15
6550.18450293872  1.883109E-15
6550.25577305228  2.219338E-15
6550.32702269949  2.260549E-15
6550.39825188068  1.927107E-15
6550.46946059616  -5.260983E-17
6550.54064884622  -9.966087E-16
6550.61181663109  1.031229E-15
6550.68296395096  1.060490E-15
6550.75409080601  1.800126E-15
6550.82519719637  3.235795E-16
6550.89628312213  2.148732E-15
6550.96734858335  2.148950E-15
6551.03839358005  3.558435E-16
6551.10941811222  2.121486E-15
6551.18042217982  1.630498E-15
6551.25140578277  -8.828422E-18
6551.32236892094  -4.110155E-17
6551.3933115942  1.831492E-16
6551.46423380236  -4.436010E-16
6551.5351355452  -1.080049E-16
6551.60601682248  1.011775E-13
6551.67687763389  1.460118E-14
6551.74771797914  1.213194E-16
6551.81853785787  8.184095E-16
6551.8893372697  4.838213E-16
6551.96011621421  -1.824864E-16
6552.03087469096  1.826893E-15
6552.10161269946  2.845285E-15
6552.17233023919  4.015073E-15
6552.24302730963  8.595210E-16
6552.31370391019  1.480310E-15
6552.38436004026  -2.831385E-17
6552.45499569921  1.591457E-16
6552.52561088637  8.681815E-16
6552.59620560103  7.437440E-16
6552.66677984247  1.150305E-13
6552.73733360992  2.218614E-15
6552.80786690259  1.537249E-16
6552.87837971967  -9.533907E-17
6552.9488720603  2.424701E-16
6553.0193439236  3.845032E-16
6553.08979530865  -4.271330E-17
6553.16022621453  4.762702E-16
6553.23063664026  1.755492E-15
6553.30102658484  2.858183E-15
6553.37139604725  4.273042E-15
6553.44174502644  7.421124E-15
6553.51207352131  7.577945E-15
6553.58238153077  9.732725E-15
6553.65266905367  7.301738E-15
6553.72293608885  4.311325E-15
6553.79318263511  1.354917E-15
6553.86340869124  -8.237764E-16
6553.93361425598  3.233013E-17
6554.00379932807  1.876292E-15
6554.0739639062  1.607585E-15
6554.14410798905  3.916134E-16
6554.21423157526  2.081235E-15
6554.28433466346  3.387799E-15
6554.35441725223  2.638082E-15
6554.42447934016  7.795181E-16
6554.49452092578  1.061672E-15
6554.56454200762  -2.747762E-16
6554.63454258417  6.525387E-17
6554.7045226539  6.423170E-15
6554.77448221525  -6.879014E-16
6554.84442126666  3.674346E-15
6554.91433980651  3.109866E-15
6554.98423783317  4.116471E-16
6555.05411534501  1.349834E-15
6555.12397234035  1.237713E-15
6555.19380881748  6.775963E-16
6555.26362477469  -1.338726E-15
6555.33342021025  -6.889483E-16
6555.40319512237  2.385904E-15
6555.47294950928  1.870301E-15
6555.54268336917  2.671208E-15
6555.61239670021  2.016418E-15
6555.68208950054  3.211636E-15
6555.75176176829  9.494600E-16
6555.82141350156  1.575786E-15
6555.89104469844  2.816920E-15
6555.96065535698  3.340601E-15
6556.03024547524  4.744392E-15
6556.09981505123  2.839927E-15
6556.16936408295  2.878309E-15
6556.23889256839  1.865093E-15
6556.3084005055  3.284954E-15
6556.37788789223  1.028250E-15
6556.4473547265  3.146201E-15
6556.51680100621  2.565223E-15
6556.58622672924  2.600207E-15
6556.65563189347  1.890570E-15
6556.72501649674  2.869956E-15
6556.79438053687  3.104684E-15
6556.86372401168  2.289814E-15
6556.93304691896  -1.516591E-15
6557.00234925649  1.375456E-15
6557.07163102201  2.543479E-15
6557.14089221328  1.287041E-15
6557.21013282801  -4.692658E-16
6557.27935286391  -5.237231E-16
6557.34855231868  2.873835E-15
6557.41773118997  1.251141E-15
6557.48688947546  2.803580E-15
6557.55602717277  6.526310E-15
6557.62514427954  4.774761E-15
6557.69424079338  6.351268E-15
6557.76331671187  5.929437E-15
6557.83237203261  9.004592E-15
6557.90140675314  1.317799E-14
6557.97042087103  2.170378E-14
6558.0394143838  2.926211E-14
6558.10838728898  4.428396E-14
6558.17733958407  6.243491E-14
6558.24627126656  8.544883E-14
6558.31518233394  1.155464E-13
6558.38407278367  1.540757E-13
6558.45294261319  1.925574E-13
6558.52179181996  2.356731E-13
6558.59062040139  2.929415E-13
6558.65942835491  3.438070E-13
6558.7282156779  3.841152E-13
6558.79698236776  4.198872E-13
6558.86572842187  4.379468E-13
6558.93445383759  4.491415E-13
6559.00315861227  4.150678E-13
6559.07184274326  3.876491E-13
6559.14050622789  3.501395E-13
6559.20914906348  3.008122E-13
6559.27777124733  2.436258E-13
6559.34637277676  1.879471E-13
6559.41495364904  1.351714E-13
6559.48351386145  1.018274E-13
6559.55205341126  6.993990E-14
6559.62057229573  4.468790E-14
6559.68907051212  3.100713E-14
6559.75754805765  2.052634E-14
6559.82600492957  1.515924E-14
6559.8944411251  1.030693E-14
6559.96285664144  6.571928E-15
6560.0312514758  3.787599E-15
6560.09962562538  2.758226E-15
6560.16797908738  4.636674E-15
6560.23631185896  3.277249E-15
6560.30462393731  5.910829E-16
6560.37291531958  1.408396E-15
6560.44118600295  2.223432E-15
6560.50943598456  1.650336E-15
6560.57766526155  3.897742E-16
6560.64587383107  3.569942E-16
6560.71406169024  -9.673552E-16
6560.78222883621  -5.297480E-16
6560.85037526607  -5.636857E-16
6560.91850097695  -1.688359E-15
6560.98660596596  -2.785227E-16
6561.0546902302  -8.345768E-16
6561.12275376677  1.826502E-15
6561.19079657276  3.281317E-15
6561.25881864526  1.298743E-15
6561.32681998136  3.710950E-15
6561.39480057813  2.315495E-16
6561.46276043266  2.446788E-17
6561.53069954201  2.351890E-15
6561.59861790326  1.368249E-17
6561.66651551345  2.465574E-15
6561.73439236967  7.373576E-16
6561.80224846897  -1.313184E-15
6561.8700838084  -7.249361E-16
6561.93789838501  1.292733E-15
6562.00569219585  1.542291E-15
6562.07346523799  1.895074E-16
6562.14121750845  3.375074E-15
6562.20894900428  1.553414E-15
6562.27665972253  1.736629E-15
6562.34434966023  1.852884E-15
6562.41201881443  3.986239E-15
6562.47966718217  5.360801E-15
6562.54729476048  4.461934E-15
6562.61490154639  5.450470E-15
6562.68248753695  5.240832E-15
6562.75005272919  4.736453E-15
6562.81759712015  5.297589E-15
6562.88512070686  3.163861E-15
6562.95262348636  3.083830E-16
6563.02010545568  5.907064E-16
6563.08756661187  -2.136128E-16
6563.15500695195  1.018556E-15
6563.22242647298  1.195527E-15
6563.28982517199  8.389276E-16
6563.35720304602  5.508240E-15
6563.42456009211  3.223178E-15
6563.49189630732  6.315077E-15
6563.55921168869  2.809900E-15
6563.62650623326  -3.310729E-17
6563.6937799381  -2.426729E-16
6563.76103280025  1.335147E-15
6563.82826481677  1.748986E-15
6563.89547598473  1.394301E-15
6563.96266630118  1.715869E-15
6564.0298357632  2.328142E-15
6564.09698436785  -2.144700E-15
6564.16411211221  -8.025566E-16
6564.23121899335  -2.758916E-17
6564.29830500837  1.451214E-15
6564.36537015434  1.136538E-15
6564.43241442835  1.315221E-15
6564.4994378275  1.829022E-15
6564.5664403489  2.959901E-15
6564.63342198964  1.917272E-15
6564.70038274684  3.876147E-15
6564.76732261762  2.907753E-15
6564.83424159909  3.583526E-15
6564.90113968838  4.423511E-15
6564.96801688263  3.530110E-15
6565.03487317898  2.218073E-15
6565.10170857456  1.274882E-15
6565.16852306654  8.494767E-16
6565.23531665208  1.230699E-15
6565.30208932833  1.770084E-16
6565.36884109247  1.606675E-15
6565.43557194169  -4.678776E-16
6565.50228187316  -5.117851E-16
6565.56897088409  5.395096E-16
6565.63563897167  2.155666E-15
6565.70228613312  1.302213E-15
6565.76891236566  1.782237E-15
6565.83551766651  2.807038E-15
6565.9021020329  -5.678890E-16
6565.96866546209  2.891756E-15
6566.03520795132  2.412232E-16
6566.10172949786  2.539046E-15
6566.16823009897  2.249470E-15
6566.23470975195  2.137156E-15
6566.30116845406  4.866752E-15
6566.36760620263  -4.137354E-16
6566.43402299495  2.136127E-16
6566.50041882834  1.669148E-15
6566.56679370014  2.688759E-16
6566.63314760768  -7.493616E-16
6566.69948054831  1.309153E-16
6566.7657925194  -1.396548E-15
6566.83208351831  8.382433E-17
6566.89835354242  6.415178E-16
6566.96460258914  3.080329E-15
6567.03083065586  5.498880E-15
6567.09703774  3.161908E-15
6567.16322383899  4.585627E-16
6567.22938895027  2.217653E-15
6567.29553307128  1.691165E-15
6567.3616561995  9.132400E-16
6567.42775833241  1.203575E-15
6567.49383946748  2.185144E-15
6567.55989960221  5.953395E-16
6567.62593873413  3.860922E-16
6567.69195686077  1.439198E-15
6567.75795397964  7.217958E-16
6567.82393008832  -1.066363E-15
6567.88988518437  3.886867E-16
6567.95581926537  2.047768E-15
6568.0217323289  1.034031E-15
6568.08762437258  3.318845E-15
6568.15349539403  3.654330E-15
6568.21934539089  5.332278E-16
6568.2851743608  -8.468998E-16
6568.35098230143  -2.425507E-16
6568.41676921045  8.402015E-16
6568.48253508557  8.891743E-16
6568.54827992448  4.216489E-15
6568.61400372491  2.010452E-15
6568.6797064846  5.018042E-15
6568.7453882013  4.996679E-15
6568.81104887278  4.351851E-15
6568.87668849683  2.725136E-15
6568.94230707125  2.436456E-15
6569.00790459384  9.425639E-15
6569.07348106245  1.664025E-15
6569.13903647492  2.387046E-15
6569.20457082912  1.839308E-15
6569.27008412293  2.346362E-15
6569.33557635424  2.416345E-15
6569.40104752098  2.673084E-15
6569.46649762106  4.735064E-16
6569.53192665244  -8.466174E-16
6569.59733461309  2.826046E-15
6569.66272150098  -6.200339E-16
6569.72808731412  -6.168916E-16
6569.79343205052  9.938558E-16
6569.85875570822  1.306678E-15
6569.92405828526  4.436287E-16
6569.98933977973  3.821357E-16
6570.05460018971  2.277433E-15
6570.11983951331  3.112426E-15
6570.18505774864  2.803555E-15
6570.25025489386  3.302324E-15
6570.31543094712  2.388590E-15
6570.38058590662  3.028564E-15
6570.44571977053  5.532623E-16
6570.51083253709  9.268226E-16
6570.57592420453  -5.002809E-16
6570.6409947711  2.564960E-15
6570.70604423509  -1.475849E-15
6570.77107259478  7.264041E-16
6570.8360798485  8.022386E-16
6570.90106599456  -1.378692E-15
6570.96603103134  8.387361E-16
6571.03097495719  3.447886E-15
6571.09589777052  3.425615E-15
6571.16079946974  2.680563E-15
6571.22568005327  1.621917E-15
6571.29053951959  1.118934E-15
6571.35537786714  5.200651E-16
6571.42019509444  9.391910E-16
6571.4849912  1.976627E-15
6571.54976618236  4.455652E-17
6571.61452004006  1.597363E-15
6571.67925277169  2.030512E-15
6571.74396437584  1.406477E-15
6571.80865485114  -6.428398E-16
6571.87332419622  3.013560E-16
6571.93797240976  2.963852E-15
6572.00259949042  2.577506E-15
6572.06720543692  2.307681E-15
6572.13179024798  -1.422458E-15
6572.19635392235  4.238898E-15
6572.26089645881  -1.814519E-17
6572.32541785614  2.458674E-15
6572.38991811315  1.896833E-15
6572.45439722868  1.709871E-15
6572.5188552016  3.940041E-15
6572.58329203077  1.914013E-15
6572.64770771511  2.949093E-16
6572.71210225354  3.053054E-15
6572.776475645  2.656895E-16
6572.84082788847  1.162024E-15
6572.90515898294  5.890708E-16
6572.96946892742  5.721831E-16
6573.03375772095  -4.156094E-16
6573.0980253626  6.382887E-16
6573.16227185144  -5.399550E-16
6573.22649718659  2.125818E-16
6573.29070136718  4.818795E-16
6573.35488439236  1.568839E-15
6573.4190462613  -5.661063E-16
6573.48318697321  1.215224E-15
6573.54730652732  5.725667E-16
6573.61140492286  2.173043E-15
6573.67548215911  -6.372010E-16
6573.73953823536  -8.167372E-16
6573.80357315094  1.043616E-15
6573.86758690519  3.392223E-15
6573.93157949746  2.472982E-15
6573.99555092716  1.267680E-15
6574.05950119369  3.278004E-15
6574.12343029649  3.203166E-15
6574.18733823503  2.481795E-15
6574.2512250088  2.959538E-15
6574.31509061729  1.322683E-15
6574.37893506006  1.286338E-15
6574.44275833665  1.409592E-16
6574.50656044665  1.077704E-15
6574.57034138967  7.242309E-16
6574.63410116534  2.255204E-15
6574.69783977331  1.071049E-16
6574.76155721329  1.158697E-15
6574.82525348495  -2.192004E-16
6574.88892858805  -1.038937E-15
6574.95258252233  8.662638E-16
6575.01621528757  4.259515E-15
6575.07982688359  1.379371E-15
6575.14341731021  2.233703E-15
6575.20698656728  4.220045E-15
6575.27053465469  2.366890E-15
6575.33406157234  -7.052871E-16
6575.39756732017  -2.024814E-15
6575.46105189813  -3.468023E-16
6575.52451530619  1.742191E-15
6575.58795754438  2.227088E-15
6575.6513786127  5.649843E-16
6575.71477851123  3.721074E-16
6575.77815724005  -1.495847E-15
6575.84151479926  3.601630E-15
6575.90485118899  -1.889016E-17
6575.9681664094  -5.215261E-16
6576.03146046068  1.564608E-15
6576.09473334303  2.048109E-15
6576.15798505668  2.459873E-15
6576.22121560191  2.832953E-15
6576.28442497898  2.877151E-15
6576.34761318821  1.776200E-15
6576.41078022994  5.844159E-16
6576.47392610452  -1.625024E-15
6576.53705081235  5.074336E-17
6576.60015435383  3.112042E-15
6576.6632367294  3.617386E-15
6576.72629793953  2.074568E-15
6576.78933798471  3.372234E-16
6576.85235686544  1.759771E-16
6576.91535458228  7.189192E-16
6576.97833113577  7.699118E-16
6577.04128652653  3.345242E-15
6577.10422075516  4.463112E-15
6577.1671338223  6.667242E-15
6577.23002572862  6.010581E-15
6577.29289647481  4.174786E-15
6577.35574606161  6.853563E-15
6577.41857448974  7.141016E-15
6577.48138175998  2.170955E-15
6577.54416787313  1.209566E-15
6577.60693283  9.526538E-16
6577.66967663144  2.720828E-15
6577.73239927833  2.031392E-15
6577.79510077157  3.239363E-15
6577.85778111207  1.074205E-15
6577.92044030078  3.758567E-16
6577.98307833869  5.156241E-16
6578.04569522678  7.215797E-16
6578.10829096608  5.435632E-16
6578.17086555765  -2.423295E-16
6578.23341900257  5.517469E-16
6578.29595130192  1.114349E-15
6578.35846245684  2.201581E-15
6578.42095246848  3.080025E-15
6578.48342133802  6.120857E-17
6578.54586906666  5.011738E-16
6578.60829565563  1.194200E-15
6578.67070110617  8.866158E-17
6578.73308541958  8.275441E-16
6578.79544859714  9.688383E-16
6578.85779064019  2.387710E-15
6578.92011155009  3.200260E-15
6578.9824113282  4.901087E-13
6579.04468997594  2.655292E-14
6579.10694749473  4.398312E-14
6579.16918388602  6.287093E-14
6579.23139915129  7.383529E-14
6579.29359329205  8.198908E-14
6579.35576630981  9.398997E-14
6579.41791820614  1.082680E-13
6579.4800489826  1.267562E-13
6579.5421586408  1.540028E-13
6579.60424718237  1.767694E-13
6579.66631460895  2.085354E-13
6579.72836092221  2.256986E-13
6579.79038612386  2.221050E-13
6579.85239021562  2.071808E-13
6579.91437319923  1.790769E-13
6579.97633507646  1.352047E-13
6580.03827584911  8.919523E-14
6580.100195519  6.072394E-14
6580.16209408797  3.705977E-14
6580.22397155788  2.126854E-14
6580.28582793063  1.050664E-14
6580.34766320813  6.369387E-15
6580.40947739232  2.947554E-15
6580.47127048515  2.540614E-15
6580.53304248862  8.077341E-17
6580.59479340472  -7.907215E-16
6580.6565232355  2.475882E-15
6580.718231983  1.917306E-15
6580.7799196493  -1.062552E-15
6580.8415862365  8.135086E-16
6580.90323174672  1.395860E-15
6580.96485618211  7.947032E-16
6581.02645954484  1.860086E-15
6581.0880418371  3.103588E-16
6581.14960306109  8.537396E-16
6581.21114321907  -2.075745E-16
6581.27266231328  -9.303826E-16
6581.334160346  1.484920E-15
6581.39563731954  2.134431E-15
6581.45709323623  3.227539E-15
6581.5185280984  1.625304E-15
6581.57994190842  1.113349E-16
6581.6413346687  5.498070E-16
6581.70270638163  5.997562E-16
6581.76405704965  -1.512478E-15
6581.82538667521  8.550653E-17
6581.88669526079  1.589944E-15
6581.94798280889  1.919447E-15
6582.00924932202  4.762508E-16
6582.07049480271  -2.867335E-15
6582.13171925354  -8.535043E-17
6582.19292267707  3.587858E-16
6582.2541050759  6.027162E-16
6582.31526645267  1.204762E-15
6582.37640681  1.389615E-15
6582.43752615056  6.358115E-16
6582.49862447702  2.415706E-15
6582.55970179209  1.990894E-15
6582.62075809849  7.430629E-17
6582.68179339895  9.428470E-16
6582.74280769623  -1.742256E-16
6582.80380099311  -3.806423E-16
6582.86477329238  8.152876E-16
6582.92572459687  1.440415E-15
6582.9866549094  2.381383E-15
6583.04756423283  2.220788E-15
6583.10845257003  9.796548E-16
6583.16931992389  -7.421739E-16
6583.23016629731  1.912232E-15
6583.29099169322  -1.568192E-16
6583.35179611456  -5.574595E-16
6583.4125795643  4.350944E-15
6583.47334204541  2.327093E-15
6583.53408356089  2.776870E-15
6583.59480411374  6.316140E-16
6583.65550370701  3.949714E-15
6583.71618234373  3.697073E-16
6583.77684002697  -4.090003E-16
6583.8374767598  1.014882E-15
6583.89809254533  3.024853E-15
6583.95868738666  4.304279E-15
6584.01926128692  1.985938E-15
6584.07981424926  2.260363E-15
6584.14034627683  3.274806E-16
6584.20085737281  2.396896E-15
6584.26134754038  1.852925E-15
6584.32181678275  3.168730E-15
6584.38226510314  2.665930E-15
6584.44269250478  -4.588335E-16
6584.50309899092  3.845918E-15
6584.56348456482  2.551222E-15
6584.62384922976  7.552511E-16
6584.68419298901  2.646028E-15
6584.7445158459  2.482006E-15
6584.80481780373  -3.504440E-17
6584.86509886583  1.310908E-15
6584.92535903555  2.671353E-15
6584.98559831624  2.152778E-15
6585.04581671126  3.726167E-15
6585.106014224  9.491649E-16
6585.16619085784  -3.235845E-16
6585.22634661619  8.131389E-17
6585.28648150247  1.874784E-16
6585.3465955201  -1.607964E-16
6585.40668867251  1.477402E-15
6585.46676096317  2.795661E-15
6585.52681239551  2.892575E-15
6585.58684297302  4.158126E-15
6585.64685269917  4.173175E-15
6585.70684157745  -1.360704E-16
6585.76680961136  1.010135E-15
6585.82675680441  2.392996E-16
6585.88668316012  2.251515E-15
6585.94658868201  6.901637E-16
6586.00647337361  6.746445E-16
6586.06633723848  1.798078E-15
6586.12618028016  2.386424E-15
6586.18600250221  3.324437E-15
6586.2458039082  1.822358E-16
6586.3055845017  2.688121E-16
6586.36534428631  2.322558E-15
6586.42508326559  1.356406E-15
6586.48480144316  1.473117E-15
6586.54449882261  2.413076E-15
6586.60417540755  -1.399828E-16
6586.66383120159  -3.225806E-16
6586.72346620836  1.332905E-15
6586.78308043147  2.946821E-15
6586.84267387457  3.392410E-15
6586.90224654127  2.073120E-15
6586.96179843523  1.411891E-15
6587.02132956007  1.011654E-15
6587.08083991946  4.000714E-15
6587.14032951704  3.136225E-15
6587.19979835646  6.666824E-16
6587.25924644139  4.592592E-16
6587.31867377547  3.203266E-15
6587.37808036237  6.346687E-16
6587.43746620576  7.391073E-16
6587.4968313093  5.682278E-17
6587.55617567665  2.659627E-16
6587.61549931149  -8.265359E-16
6587.67480221749  -8.340109E-16
6587.7340843983  3.179503E-15
6587.79334585761  6.788639E-18
6587.85258659908  1.844468E-15
6587.91180662639  2.490604E-16
6587.97100594319  3.832993E-15
6588.03018455316  -8.470371E-16
6588.08934245997  -7.567036E-16
6588.14847966728  -3.302061E-16
6588.20759617874  -3.950638E-16
6588.26669199803  1.324041E-15
6588.32576712879  2.174993E-15
6588.38482157469  9.795414E-16
6588.44385533937  2.128669E-15
6588.50286842648  3.761761E-15
6588.56186083966  2.023522E-15
6588.62083258256  4.383451E-15
6588.6797836588  1.689817E-15
6588.73871407202  2.681137E-16
6588.79762382584  4.390696E-15
6588.85651292388  2.885370E-15
6588.91538136974  1.896845E-15
6588.97422916704  3.573680E-15
6589.03305631937  1.258655E-15
6589.09186283031  -6.906451E-17
6589.15064870347  4.423248E-15
6589.20941394241  -1.348067E-15
6589.2681585507  3.065367E-15
6589.32688253189  4.822377E-15
6589.38558588954  3.022556E-15
6589.44426862719  -1.007861E-15
6589.50293074836  -8.220041E-16
6589.56157225657  8.375743E-16
6589.62019315535  7.922944E-16
6589.67879344817  1.442742E-15
6589.73737313853  1.541053E-15
6589.79593222991  3.024235E-15
6589.85447072577  3.414690E-15
6589.91298862955  2.437990E-15
6589.97148594469  1.074731E-15
6590.02996267463  6.210487E-16
6590.08841882276  2.848712E-16
6590.14685439249  -4.800185E-16
6590.2052693872  1.847637E-16
6590.26366381024  3.659729E-16
6590.32203766498  -2.299828E-16
6590.38039095475  -4.232228E-16
6590.43872368287  5.022017E-16
6590.49703585263  1.180483E-15
6590.55532746733  6.741591E-16
6590.61359853023  2.423618E-15
6590.67184904459  1.546759E-15
6590.73007901362  4.272758E-15
6590.78828844056  7.138116E-16
6590.84647732858  2.709416E-15
6590.90464568086  1.931933E-15
6590.96279350056  1.206099E-15
6591.02092079081  4.425819E-16
6591.07902755472  -6.872353E-16
6591.13711379538  6.508601E-16
6591.19517951586  -5.808276E-16
6591.25322471921  2.174916E-15
6591.31124940844  -8.154535E-16
6591.36925358657  4.412386E-16
6591.42723725657  -4.434594E-16
6591.48520042138  2.345596E-16
6591.54314308393  1.716761E-15
6591.60106524714  3.012752E-15
6591.65896691388  3.168201E-15
6591.71684808699  3.624558E-15
6591.7747087693  -9.510801E-16
6591.8325489636  2.986731E-16
6591.89036867268  2.658117E-15
6591.94816789927  -2.813954E-15
6592.00594664608  3.691635E-16
6592.0637049158  1.140054E-15
6592.12144271108  2.270957E-15
6592.17916003456  1.929384E-15
6592.23685688881  7.501957E-16
6592.29453327641  5.439174E-16
6592.35218919989  6.235250E-16
6592.40982466175  2.517988E-15
6592.46743966446  4.672922E-15
6592.52503421045  1.779796E-15
6592.58260830213  2.971802E-15
6592.64016194185  6.817858E-16
6592.69769513197  4.728542E-15
6592.75520787477  4.460838E-15
6592.81270017251  3.051448E-15
6592.87017202742  1.808401E-15
6592.9276234417  -2.040829E-15
6592.9850544175  1.833353E-15
6593.04246495693  7.683258E-16
6593.09985506206  6.961036E-16
6593.15722473495  5.726628E-16
6593.21457397758  1.350873E-15
6593.27190279192  -1.210034E-15
6593.32921117988  3.083760E-15
6593.38649914335  1.831185E-15
6593.44376668416  -1.926535E-16
6593.50101380411  -1.188777E-16
6593.55824050494  2.746075E-15
6593.61544678838  4.651661E-15
6593.67263265607  1.749327E-15
6593.72979810965  1.143941E-15
6593.7869431507  1.031311E-15
6593.84406778073  3.447867E-15
6593.90117200125  9.106733E-16
6593.95825581368  5.110574E-16
6594.01531921943  -2.460056E-16
6594.07236221983  1.414964E-15
6594.12938481618  1.792798E-15
6594.18638700972  -8.761518E-16
6594.24336880167  -2.167022E-16
6594.30033019315  1.469743E-15
6594.35727118528  2.707866E-15
6594.41419177909  6.731896E-16
6594.47109197559  1.242657E-15
6594.52797177571  1.656935E-15
6594.58483118034  7.026942E-16
6594.64167019032  5.421211E-16
6594.69848880643  1.792757E-15
6594.75528702939  -9.490683E-16
6594.81206485988  1.416084E-15
6594.86882229851  2.351305E-15
6594.92555934584  1.969528E-15
6594.98227600237  4.826072E-16
6595.03897226855  -8.635513E-16
6595.09564814475  -7.978211E-16
6595.15230363131  5.075743E-15
6595.20893872849  -4.836581E-17
6595.26555343649  -1.202087E-15
6595.32214775546  3.655753E-15
6595.37872168548  3.767044E-16
6595.43527522657  -1.777360E-15
6595.49180837869  5.277440E-15
6595.54832114173  4.849370E-15
6595.60481351552  2.174669E-15
6595.66128549982  8.180120E-16
6595.71773709434  2.489222E-15
6595.77416829869  -1.494359E-17
6595.83057911246  2.241790E-15
6595.88696953513  7.041089E-17
6595.94333956614  3.078481E-16
6595.99968920484  -7.609539E-16
6596.05601845053  -1.122969E-15
6596.11232730242  5.655231E-16
6596.16861575967  1.257978E-15
6596.22488382134  3.738514E-15
6596.28113148646  3.299202E-15
6596.33735875394  4.399930E-15
6596.39356562265  3.307438E-15
6596.44975209137  3.944119E-15
6596.5059181588  3.357431E-15
6596.56206382359  1.795717E-15
6596.61818908428  5.451162E-15
6596.67429393935  3.928346E-15
6596.73037838721  2.139658E-15
6596.78644242617  5.345735E-16
6596.84248605449  5.290444E-15
6596.89850927031  1.753013E-15
6596.95451207173  8.073358E-16
6597.01049445673  -2.302361E-15
6597.06645642325  2.880052E-15
6597.1223979691  3.863244E-15
6597.17831909205  4.194375E-17
6597.23421978976  4.731410E-16
6597.29010005981  -3.248517E-16
6597.34595989969  1.879531E-15
6597.40179930681  4.151693E-16
6597.45761827849  5.309481E-15
6597.51341681196  1.792005E-16
6597.56919490436  3.312209E-15
6597.62495255276  2.958352E-15
6597.6806897541  -2.021222E-15
6597.73640650526  1.605779E-15
6597.79210280303  -1.962976E-15
6597.84777864408  3.132570E-15
6597.903434025  1.813575E-15
6597.9590689423  8.086653E-16
6598.01468339238  1.475635E-15
6598.07027737154  1.441790E-15
6598.12585087599  2.485632E-15
6598.18140390185  1.330699E-15
6598.23693644513  -8.261313E-16
6598.29244850175  3.992026E-15
6598.34794006751  2.632915E-16
6598.40341113814  2.028039E-15
6598.45886170924  3.261962E-17
6598.51429177632  1.203533E-15
6598.5697013348  1.937047E-15
6598.62509037997  -1.090378E-15
6598.68045890703  1.295332E-15
6598.73580691108  -2.308177E-16
6598.79113438709  4.165494E-16
6598.84644132996  1.107651E-16
6598.90172773444  8.767851E-16
6598.95699359521  2.500012E-16
6599.0122389068  2.978868E-16
6599.06746366367  7.866865E-14
6599.12266786014  5.700544E-14
6599.17785149042  -5.606732E-16
6599.23301454863  1.344021E-16
6599.28815702876  -2.633888E-16
6599.34327892466  3.009367E-13
6599.39838023012  4.415874E-13
6599.45346093877  -8.820290E-17
6599.50852104413  2.078642E-16
6599.56356053961  5.493971E-16
6599.6185794185  3.082101E-16
6599.67357767396  3.435625E-16
6599.72855529905  4.270565E-16
6599.78351228669  1.386608E-15
6599.83844862968  3.247003E-15
6599.89336432069  -3.591746E-16
6599.94825935229  -2.528917E-16
6600.0031337169  -1.263792E-16
6600.05798740682  1.112947E-16
6600.11282041423  7.438173E-17
6600.16763273117  -1.546767E-16
6600.22242434957  -1.352591E-17
6600.2771952612  -7.977517E-16
6600.33194545774  -4.247483E-16
6600.38667493069  2.814261E-15
6600.44138367147  -2.949532E-16
6600.49607167132  5.168579E-16
6600.55073892137  1.665599E-16
6600.60538541261  3.435680E-16
6600.66001113589  1.810005E-15
6600.71461608193  -7.413134E-17
6600.76920024131  4.775847E-15
6600.82376360446  8.307681E-16
6600.87830616168  1.423669E-15
6600.93282790314  5.482439E-15
6600.98732881884  1.558521E-13
6601.04180889865  3.017781E-17
6601.09626813231  -2.482788E-17
6601.15070650939  6.036765E-16
6601.20512401934  -1.760436E-17
6601.25952065145  2.533396E-16
6601.31389639485  9.720405E-17
6601.36825123855  9.101375E-16
6601.42258517139  1.063817E-15
6601.47689818205  7.535841E-16
6601.53119025909  2.156184E-15
6601.58546139088  -1.309530E-15
6601.63971156567  3.107616E-15
6601.69394077155  6.936613E-15
6601.74814899642  1.526585E-15
6601.80233622806  2.846739E-16
6601.85650245408  -8.009627E-16
6601.91064766193  2.297611E-15
6601.96477183891  1.919860E-15
6602.01887497215  6.737600E-15
6602.07295704861  3.829319E-15
6602.1270180551  3.550437E-15
6602.18105797827  2.228585E-15
6602.23507680459  2.336763E-16
6602.28907452038  4.557499E-15
6602.34305111178  7.245657E-16
6602.39700656477  1.221047E-15
6602.45094086516  5.039680E-15
6602.50485399858  2.064926E-15
6602.55874595051  2.326876E-15
6602.61261670624  2.931383E-15
6602.66646625088  4.248824E-15
6602.7202945694  9.775640E-16
6602.77410164656  2.362795E-15
6602.82788746696  -6.845618E-16
6602.88165201501  6.801661E-15
6602.93539527496  1.969916E-15
6602.98911723087  1.717873E-15
6603.04281786662  5.470202E-16
6603.0964971659  -6.309052E-16
6603.15015511224  1.062685E-16
6603.20379168896  -2.389680E-15
6603.25740687921  4.446616E-15
6603.31100066595  1.560199E-15
6603.36457303195  -2.236059E-15
6603.4181239598  1.099690E-14
6603.4716534319  6.301868E-15
6603.52516143044  -1.102241E-15
6603.57864793745  -6.136739E-16
6603.63211293474  -4.884916E-18
6603.68555640393  2.236913E-15
6603.73897832647  2.445158E-15
6603.79237868358  4.777348E-16
6603.84575745631  2.547078E-15
6603.8991146255  2.359028E-15
6603.95245017177  6.611698E-16
6604.00576407558  3.405173E-15
6604.05905631716  3.661485E-15
6604.11232687654  1.209168E-15
6604.16557573356  1.487499E-15
6604.21880286784  3.827827E-15
6604.2720082588  5.741307E-15
6604.32519188565  2.380105E-15
6604.3783537274  2.573563E-16
6604.43149376282  3.177347E-15
6604.48461197052  4.121719E-15
6604.53770832884  7.003571E-15
6604.59078281596  1.135077E-15
6604.64383540981  4.761645E-18
6604.69686608811  3.288041E-16
6604.74987482837  3.375947E-17
6604.80286160789  3.199416E-15
6604.85582640373  2.857807E-15
6604.90876919273  5.944621E-16
6604.96168995154  4.493376E-15
6605.01458865654  -2.293820E-15
6605.06746528393  -5.070091E-16
6605.12031980965  -2.406018E-15
6605.17315220943  5.727313E-16
6605.22596245878  2.119749E-15
6605.27875053296  5.510344E-15
6605.33151640702  3.682335E-15
6605.38426005575  9.257306E-15
6605.43698145373  2.999860E-15
6605.48968057532  2.349592E-15
6605.54235739461  -2.356840E-15
6605.59501188546  2.804006E-15
6605.64764402153  9.933692E-16
6605.70025377618  7.094788E-16
6605.75284112258  3.177817E-15
6605.80540603363  -7.178563E-16
6605.85794848201  2.162283E-15
6605.91046844013  9.281894E-16
6605.96296588017  1.064572E-15
6606.01544077406  2.761837E-15
6606.06789309349  -1.572448E-15
6606.12032280988  -2.779989E-15
6606.17272989441  2.185251E-15
6606.22511431803  3.118038E-15
6606.27747605139  1.838704E-15
6606.32981506494  -2.054101E-16
6606.38213132882  4.106371E-15
6606.43442481296  -1.701688E-15
6606.486695487  4.268686E-15
6606.53894332033  3.894218E-15
6606.59116828207  5.951431E-15
6606.64337034111  4.356604E-15
6606.69554946604  9.463773E-16
6606.7477056252  -7.995679E-16
6606.79983878666  -4.733202E-16
6606.85194891822  -7.762347E-16
6606.90403598742  -9.291672E-16
6606.95609996152  3.769330E-15
6607.00814080752  -7.156179E-17
6607.06015849213  3.679645E-15
6607.1121529818  2.232264E-15
6607.16412424269  2.077314E-15
6607.21607224071  3.370111E-15
6607.26799694145  3.037480E-15
6607.31989831025  2.202843E-15
6607.37177631216  7.874700E-16
6607.42363091195  1.852588E-15
6607.47546207411  2.461629E-15
6607.52726976282  3.066084E-15
6607.57905394201  4.255873E-15
6607.63081457529  1.173163E-16
6607.682551626  -2.276796E-17
6607.73426505718  -1.643920E-15
6607.78595483157  -1.732960E-15
6607.83762091164  3.553045E-15
6607.88926325955  4.781564E-15
6607.94088183714  5.395519E-15
6607.992476606  4.644900E-15
6608.04404752737  8.824116E-15
6608.09559456223  1.040174E-15
6608.14711767124  4.679844E-16
6608.19861681476  -1.384156E-15
6608.25009195283  4.101259E-15
6608.30154304519  -1.457649E-15
6608.35297005129  2.411637E-15
6608.40437293026  2.641528E-15
6608.45575164089  -2.436772E-15
6608.5071061417  2.253144E-15
6608.55843639088  1.548393E-16
6608.60974234629  4.966649E-15
6608.66102396549  6.594631E-16
6608.71228120571  2.996244E-15
6608.76351402388  2.943053E-15
6608.81472237658  4.917939E-15
6608.86590622009  2.668676E-15
6608.91706551035  6.352920E-15
6608.96820020298  2.230292E-15
6609.01931025327  1.445303E-15
6609.07039561619  2.679126E-15
6609.12145624637  2.228293E-15
6609.17249209811  9.753560E-16
6609.22350312538  2.293958E-15
6609.2744892818  2.157669E-15
6609.32545052068  6.608197E-15
6609.37638679496  -6.697183E-16
6609.42729805727  -2.820991E-15
6609.47818425987  5.278924E-15
6609.52904535471  3.366182E-15
6609.57988129336  3.366596E-15
6609.63069202707  1.028147E-15
6609.68147750674  1.276910E-15
6609.7322376829  4.732228E-15
6609.78297250576  4.573370E-16
6609.83368192514  6.685022E-16
6609.88436589055  4.576356E-15
6609.93502435111  3.505885E-15
6609.9856572556  -1.494989E-15
6610.03626455243  -1.942160E-15
6610.08684618966  -3.682917E-15
6610.13740211499  4.024338E-15
6610.18793227574  6.841002E-15
6610.23843661889  7.433652E-16
6610.28891509103  -9.393880E-16
6610.33936763839  -4.749947E-17
6610.38979420683  2.603543E-15
6610.44019474185  -1.515480E-15
6610.49056918856  1.641930E-15
6610.54091749171  5.200086E-15
6610.59123959565  4.457740E-15
6610.64153544438  6.585720E-15
6610.6918049815  4.742499E-15
6610.74204815025  -5.872229E-18
6610.79226489347  4.334385E-17
6610.84245515361  2.369066E-15
6610.89261887275  4.991111E-15
6610.94275599257  5.647720E-15
6610.99286645437  1.989192E-16
6611.04295019906  4.703761E-15
6611.09300716715  5.449949E-15
6611.14303729875  -1.614436E-15
6611.19304053358  5.312476E-15
6611.24301681097  1.360189E-15
6611.29296606984  -1.222801E-15
6611.34288824872  2.960894E-15
6611.39278328572  -2.160734E-15
6611.44265111855  -3.492651E-15
6611.49249168453  6.255899E-15
6611.54230492056  2.618805E-15
6611.59209076311  2.480167E-15
6611.64184914829  5.082190E-15
6611.69158001173  -5.492093E-16
6611.74128328871  -3.437556E-16
6611.79095891405  1.987859E-15
6611.84060682217  9.114159E-14
6611.89022694705  5.264400E-16
6611.93981922228  4.949738E-16
6611.989383581  4.385326E-16
6612.03891995594  -2.970645E-16
6612.08842827939  -7.416009E-16
6612.13790848321  1.252644E-15
6612.18736049886  8.734146E-16
6612.23678425732  2.450156E-15
6612.28617968918  4.769853E-15
6612.33554672455  4.451077E-15
6612.38488529315  7.577453E-15
6612.43419532422  6.018398E-15
6612.48347674657  3.915250E-15
6612.53272948859  2.948093E-15
6612.5819534782  8.175637E-15
6612.63114864286  1.276910E-15
6612.68031490963  2.947706E-15
6612.72945220508  1.797114E-15
6612.77856045533  4.253305E-16
6612.82763958606  2.450258E-15
6612.87668952248  4.285439E-16
6612.92571018936  -1.750001E-16
6612.974701511  7.285263E-16
6613.02366341124  -2.774641E-15
6613.07259581345  -2.272591E-15
6613.12149864054  -1.780564E-15
6613.17037181496  2.721785E-15
6613.21921525868  -5.357196E-16
6613.26802889321  1.928898E-15
6613.31681263958  3.446087E-15
6613.36556641834  6.442119E-15
6613.41429014957  1.433379E-15
6613.46298375288  5.468176E-15
6613.51164714739  4.033263E-15
6613.56028025175  3.432548E-15
6613.60888298409  -2.741735E-15
6613.65745526211  7.840522E-16
6613.70599700298  1.144603E-14
6613.75450812339  -3.271390E-15
6613.80298853955  3.627326E-15
6613.85143816717  -8.715808E-16
6613.89985692145  -1.242057E-15
6613.94824471713  8.238839E-17
6613.9966014684  2.818584E-15
6614.04492708899  7.768044E-15
6614.09322149211  2.235866E-15
6614.14148459047  1.192633E-14
6614.18971629627  4.311229E-15
6614.2379165212  1.048189E-14
6614.28608517645  1.810498E-14
6614.33422217267  6.725315E-16
6614.38232742003  3.901396E-16
6614.43040082817  1.425230E-15
6614.47844230619  6.447158E-16
6614.5264517627  -3.916281E-15
6614.57442910578  3.924325E-15
6614.62237424296  4.130939E-15
6614.67028708128  3.456358E-15
6614.71816752724  -1.840996E-15
6614.76601548679  -3.381984E-15
6614.81383086537  3.078468E-15
6614.86161356787  7.676915E-15
6614.90936349866  4.118372E-16
6614.95708056156  5.347553E-15
6615.00476465984  8.821807E-15
6615.05241569625  6.414049E-15
6615.10003357298  6.636209E-15
6615.14761819167  1.767630E-15
6615.19516945343  1.924241E-16
6615.2426872588  6.117235E-15
6615.29017150778  -2.070656E-15
6615.3376220998  1.582737E-15
6615.38503893375  6.549784E-16
6615.43242190795  5.000872E-15
6615.47977092016  -4.710892E-15
6615.52708586757  -2.900629E-15
6615.57436664684  1.908549E-15
6615.62161315401  2.891044E-15
6615.66882528458  3.301478E-15
6615.71600293349  1.177990E-15
6615.76314599507  1.064174E-14
6615.81025436312  8.435721E-15
6615.85732793081  4.994152E-15
6615.90436659078  1.161761E-15
6615.95137023505  -9.876275E-16
6615.99833875508  1.546204E-14
6616.04527204173  7.128169E-15
6616.09216998527  -5.258973E-16
6616.1390324754  -3.394610E-15
6616.18585940121  6.056256E-15
6616.23265065118  6.283539E-15
6616.27940611323  -1.994991E-15
6616.32612567466  1.095629E-15
6616.37280922216  5.584928E-16
6616.41945664183  2.554245E-15
6616.46606781916  4.812028E-15
6616.51264263904  1.137196E-15
6616.55918098574  9.455459E-15
6616.60568274292  -5.192233E-16
6616.65214779362  1.706395E-15
6616.69857602028  6.747428E-15
6616.7449673047  9.421802E-15
6616.79132152809  1.736349E-15
6616.83763857099  3.931750E-15
6616.88391831336  -1.358542E-16
6616.9301606345  1.302585E-15
6616.97636541311  3.782782E-15
6617.02253252723  -1.625980E-15
6617.06866185428  1.450967E-14
6617.11475327105  7.776668E-17
6617.16080665367  5.206593E-15
6617.20682187764  1.833936E-16
6617.25279881783  -1.650877E-16
6617.29873734845  -3.460914E-15
6617.34463734305  -3.846588E-15
6617.39049867456  7.735956E-15
6617.43632121523  8.426947E-15
6617.48210483669  7.737672E-15
6617.52784940987  3.282598E-15
6617.57355480507  1.104891E-15
6617.61922089192  -2.014792E-15
6617.66484753938  2.858445E-15
6617.71043461576  5.381087E-15
6617.7559819887  1.377271E-14
6617.80148952514  -2.416793E-16
6617.84695709138  1.581855E-16
6617.89238455304  4.477344E-15
6617.93777177505  6.913409E-15
6617.98311862166  1.818050E-15
6618.02842495646  -7.887634E-16
6618.07369064233  2.627947E-15
6618.11891554147  4.605438E-15
6618.1640995154  4.638875E-15
6618.20924242494  -2.908835E-15
6618.25434413022  -4.614027E-15
6618.29940449067  -2.152758E-15
6618.34442336502  -3.047891E-15
6618.38940061131  9.672648E-15
6618.43433608686  1.281651E-15
6618.4792296483  5.576894E-15
6618.52408115155  3.739336E-15
6618.5688904518  -1.024793E-15
6618.61365740356  2.933948E-15
6618.65838186058  4.767694E-15
6618.70306367594  6.904811E-15
6618.74770270198  1.055072E-15
6618.79229879031  3.383469E-15
6618.83685179181  1.974024E-15
6618.88136155667  4.669425E-15
6618.9258279343  4.656005E-15
6618.97025077341  9.019328E-15
6619.01462992196  3.907050E-15
6619.05896522719  2.021935E-15
6619.10325653559  -1.988496E-16
6619.14750369291  1.678191E-12
6619.19170654415  3.354374E-13
6619.23586493356  9.228839E-16
6619.27997870466  -1.183693E-15
6619.32404770019  1.226714E-14
6619.36807176217  1.223982E-14
6619.41205073184  7.734230E-15
6619.45598444967  8.733254E-16
6619.4998727554  7.655752E-16
6619.54371548799  -7.612298E-15
6619.58751248562  -9.440762E-16
6619.63126358572  8.969696E-16
6619.67496862494  2.647966E-15
6619.71862743916  1.369215E-14
6619.76223986348  1.699167E-15
6619.80580573222  5.058357E-16
6619.84932487891  6.793539E-15
6619.89279713631  5.747597E-15
6619.9362223364  2.274347E-15
6619.97960031034  -2.237702E-15
6620.02293088852  1.077343E-14
6620.06621390054  7.101651E-15
6620.10944917518  8.395225E-15
6620.15263654045  -2.700377E-15
6620.19577582353  3.064346E-15
6620.23886685081  5.271864E-15
6620.28190944786  -1.058730E-15
6620.32490343947  1.537208E-14
6620.36784864958  3.901589E-16
6620.41074490134  1.633939E-15
6620.45359201706  6.998920E-16
6620.49638981826  4.364982E-15
6620.5391381256  8.722016E-15
6620.58183675895  7.159820E-15
6620.62448553734  1.850437E-15
6620.66708427894  2.794649E-15
6620.70963280114  -1.281060E-15
6620.75213092044  1.258326E-15
6620.79457845254  -1.675685E-15
6620.83697521228  -6.329214E-16
6620.87932101366  1.012942E-14
6620.92161566983  8.042848E-16
6620.9638589931  1.273891E-15
6621.00605079492  4.810717E-15
6621.04819088588  1.046746E-14
6621.09027907572  3.943873E-15
6621.13231517333  3.952068E-15
6621.17429898671  -8.275262E-16
6621.21623032302  -4.492535E-16
6621.25810898854  -1.517224E-15
6621.29993478868  -4.056340E-15
6621.34170752797  2.073524E-15
6621.38342701008  1.757741E-15
6621.42509303779  -1.219431E-15
6621.46670541299  -1.383670E-16
6621.50826393671  1.135070E-14
6621.54976840906  -5.964311E-15
6621.59121862929  9.373400E-16
6621.63261439574  1.969800E-14
6621.67395550585  1.479285E-14
6621.71524175619  1.803335E-15
6621.75647294239  -3.335616E-15
6621.7976488592  -6.042209E-15
6621.83876930047  4.107111E-15
6621.87983405911  1.164438E-14
6621.92084292714  9.381488E-15
6621.96179569568  8.885886E-16
6622.00269215489  7.944212E-15
6622.04353209405  3.350193E-15
6622.08431530148  2.040911E-16
6622.12504156461  1.130164E-14
6622.16571066993  -3.516993E-15
6622.20632240297  4.558595E-15
6622.24687654836  1.427763E-14
6622.28737288978  -1.049894E-15
6622.32781120997  -5.015559E-16
6622.36819129072  4.844387E-15
6622.40851291289  -4.083899E-16
6622.44877585637  -4.613419E-16
6622.48897990011  2.402273E-15
6622.52912482211  6.687760E-15
6622.56921039941  6.033102E-15
6622.60923640808  6.758995E-15
6622.64920262323  1.232085E-14
6622.68910881902  7.399142E-15
6622.72895476861  8.306242E-16
6622.76874024422  -3.485317E-15
6622.80846501707  7.867848E-15
6622.84812885742  2.631201E-15
6622.88773153455  3.802676E-15
6622.92727281673  6.251486E-15
6622.96675247128  -7.720561E-16
6623.0061702645  1.107497E-15
6623.04552596171  -1.450565E-14
6623.08481932725  -2.340658E-15
6623.12405012443  1.448760E-14
6623.16321811558  3.211518E-15
6623.20232306203  2.702698E-15
6623.24136472408  7.318818E-15
6623.28034286104  -7.889659E-15
6623.31925723121  -8.506141E-16
6623.35810759185  1.981132E-14
6623.39689369921  8.036224E-15
6623.43561530855  1.257292E-14
6623.47427217405  1.444036E-15
6623.51286404891  1.312810E-14
6623.55139068527  7.109346E-15
6623.58985183425  4.002718E-15
6623.62824724591  1.782715E-14
6623.66657666932  5.617525E-16
6623.70483985245  6.780627E-15
6623.74303654225  2.479017E-15
6623.78116648462  6.199751E-15
6623.81922942443  2.840067E-16
6623.85722510544  -4.122469E-15
6623.89515327039  -1.102750E-14
6623.93301366097  5.080781E-15
6623.97080601777  -2.024923E-15
6624.00853008033  5.684480E-16
6624.04618558713  5.228528E-15
6624.08377227556  1.431418E-14
6624.12128988193  7.254208E-15
6624.15873814149  -1.551772E-15
6624.1961167884  5.802996E-15
6624.23342555571  -3.344061E-15
6624.27066417541  3.549811E-15
6624.30783237839  1.169632E-14
6624.34492989445  1.479120E-15
6624.38195645227  2.354918E-15
6624.41891177945  3.266505E-17
6624.45579560247  6.343807E-16
6624.49260764671  5.491689E-15
6624.52934763645  1.747772E-14
6624.56601529483  -4.670155E-15
6624.60261034389  8.303117E-15
6624.63913250455  3.184080E-15
6624.6755814966  -9.055848E-16
6624.7119570387  -7.402092E-15
6624.74825884839  5.800038E-15
6624.78448664207  -3.175915E-15
6624.82064013501  -7.614992E-15
6624.85671904132  -1.456697E-14
6624.89272307399  -3.390786E-15
6624.92865194486  -6.647526E-16
6624.96450536461  1.454672E-14
6625.00028304278  1.237554E-14
6625.03598468774  1.874693E-14
6625.07161000672  4.168197E-15
6625.10715870577  9.011129E-15
6625.14263048977  1.048343E-14
6625.17802506246  9.135536E-15
6625.21334212638  1.668279E-15
6625.24858138292  1.251378E-15
6625.28374253225  1.550124E-15
6625.3188252734  5.947175E-16
6625.3538293042  1.229625E-14
6625.38875432129  4.675190E-15
6625.42360002011  -4.245543E-16
6625.45836609492  2.662320E-15
6625.49305223879  -8.942683E-17
6625.52765814355  9.564505E-15
6625.56218349986  3.806487E-15
6625.59662799715  -4.428953E-16
