6498.10644531252  1.525983E-15
6498.17082728587  1.114113E-15
6498.23520925922  2.505870E-15
6498.29959123257  2.586621E-15
6498.36397320592  3.710338E-16
6498.42835517927  -3.785953E-16
6498.49273715262  5.487317E-15
6498.55711912597  5.662529E-15
6498.62150109932  2.234463E-15
6498.68588307267  1.145031E-14
6498.75026504603  6.051514E-15
6498.81464701937  9.683651E-16
6498.87902899273  4.052044E-15
6498.94341096608  1.050356E-14
6499.00779293943  5.806786E-15
6499.07217491278  -3.192315E-15
6499.13655688613  1.061913E-15
6499.20093885948  -2.864058E-15
6499.26532083283  -6.150383E-15
6499.32970280618  -1.161391E-15
6499.39408477953  2.082323E-15
6499.45846675288  4.510972E-15
6499.52284872623  8.450535E-15
6499.58723069958  1.662537E-15
6499.65161267293  -1.610042E-15
6499.71599464628  5.067979E-15
6499.78037661964  8.355968E-15
6499.84475859299  4.864476E-15
6499.90914056634  3.657736E-15
6499.97352253969  6.376303E-15
6500.03790451304  1.016218E-14
6500.10228648639  6.215893E-15
6500.16666845974  1.379777E-15
6500.23105043309  2.634547E-15
6500.29543240644  2.541900E-15
6500.35981437979  2.192598E-15
6500.42419635314  2.470378E-15
6500.48857832649  2.571026E-15
6500.55296029984  -4.087284E-16
6500.61734227319  1.720912E-15
6500.68172424654  1.153973E-15
6500.74610621989  2.844043E-15
6500.81048819324  8.503846E-15
6500.8748701666  7.148149E-15
6500.93925213995  3.317283E-15
6501.0036341133  2.053473E-15
6501.06801608665  4.234812E-15
6501.13239806  2.666612E-15
6501.19678003335  1.596007E-15
6501.2611620067  5.232067E-15
6501.32554398005  4.321920E-15
6501.3899259534  1.150351E-14
6501.45430792675  1.367910E-14
6501.5186899001  4.390024E-15
6501.58307187345  -1.452564E-15
6501.6474538468  -6.121167E-16
6501.71183582015  -1.033126E-15
6501.77621779351  -5.317749E-17
6501.84059976686  6.460602E-15
6501.90498174021  5.652047E-15
6501.96936371356  3.391322E-15
6502.03374568691  3.360991E-15
6502.09812766026  3.831485E-15
6502.16250963361  -1.801453E-17
6502.22689160696  2.032189E-15
6502.29127358031  1.983505E-15
6502.35565555366  3.730902E-15
6502.42003752701  7.459403E-16
6502.48441950036  -1.079455E-15
6502.54880147371  2.565685E-15
6502.61318344706  5.187478E-15
6502.67756542042  2.330235E-15
6502.74194739376  1.578634E-15
6502.80632936712  3.066008E-15
6502.87071134047  3.122276E-15
6502.93509331382  5.559320E-16
6502.99947528717  -1.116129E-15
6503.06385726052  1.571220E-15
6503.12823923387  3.909918E-15
6503.19262120722  2.936094E-15
6503.25700318057  6.487231E-15
6503.32138515392  8.296039E-15
6503.38576712727  5.137780E-15
6503.45014910062  2.101640E-15
6503.51453107397  -2.695302E-15
6503.57891304732  -9.525053E-16
6503.64329502067  7.422304E-15
6503.70767699402  7.338262E-15
6503.77205896737  4.437470E-15
6503.83644094073  3.023802E-15
6503.90082291408  1.966033E-15
6503.96520488743  6.917494E-16
6504.02958686078  4.129357E-15
6504.09396883413  4.521189E-15
6504.15835080748  4.304124E-15
6504.22273278083  2.442281E-15
6504.28711475418  2.957957E-15
6504.35149672753  2.089432E-15
6504.41587870088  2.688185E-15
6504.48026067423  5.630961E-15
6504.54464264758  4.432454E-15
6504.60902462093  2.601498E-15
6504.67340659428  9.507414E-16
6504.73778856763  1.098410E-15
6504.80217054099  3.916191E-15
6504.86655251434  5.767697E-15
6504.93093448769  3.119806E-15
6504.99531646104  2.533165E-15
6505.05969843439  3.316455E-15
6505.12408040774  1.575484E-15
6505.18846238109  5.727331E-15
6505.25284435444  7.191069E-15
6505.31722632779  4.190510E-15
6505.38160830114  -2.243899E-15
6505.44599027449  3.385254E-16
6505.51037224784  3.962332E-15
6505.57475422119  5.437279E-15
6505.63913619454  2.546886E-15
6505.70351816789  2.849537E-15
6505.76790014125  4.517957E-15
6505.83228211459  7.045014E-15
6505.89666408795  8.632535E-15
6505.9610460613  6.646929E-15
6506.02542803465  5.764124E-15
6506.089810008  -4.513005E-16
6506.15419198135  1.309696E-18
6506.2185739547  3.950144E-15
6506.28295592805  4.785982E-15
6506.3473379014  9.799152E-15
6506.41171987475  6.633078E-15
6506.4761018481  1.923385E-15
6506.54048382145  5.633840E-15
6506.6048657948  1.753946E-15
6506.66924776816  3.399992E-15
6506.7336297415  2.565168E-15
6506.79801171486  9.549961E-16
6506.86239368821  5.058064E-16
6506.92677566156  1.121642E-15
6506.99115763491  7.072103E-16
6507.05553960826  5.049376E-15
6507.11992158161  5.584965E-15
6507.18430355496  5.685283E-15
6507.24868552831  3.073694E-15
6507.31306750166  3.003223E-15
6507.37744947501  3.459723E-15
6507.44183144836  1.153546E-15
6507.50621342171  7.643623E-16
6507.57059539506  1.519815E-15
6507.63497736841  1.780846E-15
6507.69935934177  1.436976E-15
6507.76374131512  6.240375E-16
6507.82812328847  2.161179E-15
6507.89250526182  4.817129E-15
6507.95688723517  5.305955E-15
6508.02126920852  4.028871E-15
6508.08565118187  1.437617E-15
6508.15003315522  1.260302E-15
6508.21441512857  1.553046E-15
6508.27879710192  8.797359E-16
6508.34317907527  4.077392E-15
6508.40756104862  1.661269E-15
6508.47194302197  8.622308E-16
6508.53632499532  2.848493E-15
6508.60070696868  3.689506E-15
6508.66508894202  2.756806E-15
6508.72947091538  1.298607E-15
6508.79385288873  6.058610E-16
6508.85823486208  1.256922E-15
6508.92261683543  3.269103E-15
6508.98699880878  3.502345E-15
6509.05138078213  2.762761E-15
6509.11576275548  6.188478E-15
6509.18014472883  2.748043E-15
6509.24452670218  1.258838E-15
6509.30890867553  4.795502E-15
6509.37329064888  2.616364E-15
6509.43767262223  4.222414E-15
6509.50205459558  4.136757E-15
6509.56643656893  4.948712E-15
6509.63081854229  9.765989E-16
6509.69520051563  1.637664E-15
6509.75958248899  4.298989E-15
6509.82396446234  5.439859E-15
6509.88834643569  6.093707E-15
6509.95272840904  5.296243E-15
6510.01711038239  1.740933E-15
6510.08149235574  4.632582E-15
6510.14587432909  4.947759E-15
6510.21025630244  4.355470E-15
6510.27463827579  4.394018E-15
6510.33902024914  3.655380E-15
6510.40340222249  1.706288E-15
6510.46778419584  4.130059E-16
6510.53216616919  6.600118E-17
6510.59654814254  3.607363E-16
6510.6609301159  4.181061E-15
6510.72531208925  3.992851E-15
6510.7896940626  1.935345E-15
6510.85407603595  1.343720E-15
6510.9184580093  3.675813E-15
6510.98283998265  3.120556E-15
6511.047221956  4.040282E-15
6511.11160392935  4.634637E-15
6511.1759859027  2.754761E-15
6511.24036787605  5.571877E-15
6511.3047498494  5.350394E-15
6511.36913182275  3.219311E-15
6511.4335137961  4.455297E-15
6511.49789576945  2.862751E-15
6511.5622777428  6.216974E-15
6511.62665971615  3.700515E-15
6511.69104168951  6.827132E-15
6511.75542366286  6.605869E-15
6511.81980563621  2.193185E-15
6511.88418760956  2.251078E-15
6511.94856958291  2.321472E-15
6512.01295155626  2.405314E-15
6512.07733352961  3.370507E-15
6512.14171550296  7.785147E-15
6512.20609747631  5.585400E-15
6512.27047944966  2.343194E-15
6512.33486142301  4.925901E-15
6512.39924339636  4.563076E-15
6512.46362536971  4.154382E-15
6512.52800734306  6.013418E-15
6512.59238931641  6.633182E-15
6512.65677128976  3.177119E-15
6512.72115326312  2.443368E-15
6512.78553523647  1.680531E-16
6512.84991720982  1.234393E-15
6512.91429918317  2.904838E-15
6512.97868115652  4.331726E-15
6513.04306312987  3.875616E-15
6513.10744510322  2.018847E-15
6513.17182707657  2.378081E-15
6513.23620904992  4.365928E-15
6513.30059102327  4.709824E-15
6513.36497299662  4.282324E-15
6513.42935496997  -1.154637E-14
6513.49373694332  3.952503E-15
6513.55811891668  2.824783E-15
6513.62250089003  3.504428E-15
6513.68688286338  -1.107514E-14
6513.75126483673  3.330225E-15
6513.81564681008  2.256738E-15
6513.88002878343  1.435655E-15
6513.94441075678  1.998989E-15
6514.00879273013  3.703448E-15
6514.07317470348  5.326535E-15
6514.13755667683  4.809570E-15
6514.20193865018  5.370283E-15
6514.26632062353  3.774110E-15
6514.33070259688  2.323173E-15
6514.39508457023  2.578177E-15
6514.45946654358  3.792899E-15
6514.52384851693  5.615255E-15
6514.58823049028  4.984727E-15
6514.65261246364  5.653058E-15
6514.71699443699  4.769180E-15
6514.78137641034  2.113037E-15
6514.84575838369  3.082456E-15
6514.91014035704  5.704911E-15
6514.97452233039  6.617434E-15
6515.03890430374  5.159440E-15
6515.10328627709  3.988780E-15
6515.16766825044  4.810468E-15
6515.23205022379  4.396065E-15
6515.29643219714  2.755928E-15
6515.36081417049  3.886709E-15
6515.42519614384  5.203105E-15
6515.48957811719  5.616326E-15
6515.55396009054  5.653319E-15
6515.61834206389  5.376389E-15
6515.68272403725  5.659477E-15
6515.7471060106  6.611683E-15
6515.81148798395  6.691639E-15
6515.8758699573  4.250057E-15
6515.94025193065  5.524646E-15
6516.004633904  6.339993E-15
6516.06901587735  2.603885E-15
6516.1333978507  4.760814E-15
6516.19777982405  7.904328E-15
6516.2621617974  6.451728E-15
6516.32654377075  3.813277E-15
6516.3909257441  4.054089E-15
6516.45530771745  2.366253E-15
6516.51968969081  4.415638E-15
6516.58407166415  4.999230E-15
6516.64845363751  4.492732E-15
6516.71283561086  2.425539E-15
6516.77721758421  3.232101E-15
6516.84159955756  3.934510E-15
6516.90598153091  6.269088E-15
6516.97036350426  5.926651E-15
6517.03474547761  6.059118E-15
6517.09912745096  5.000246E-15
6517.16350942431  6.076019E-15
6517.22789139766  4.335307E-15
6517.29227337101  4.010885E-15
6517.35665534436  5.497791E-15
6517.42103731771  7.008915E-15
6517.48541929106  7.009073E-15
6517.54980126441  3.970525E-15
6517.61418323776  3.656408E-15
6517.67856521112  5.589703E-15
6517.74294718447  4.020878E-15
6517.80732915782  2.864783E-15
6517.87171113117  5.505433E-15
6517.93609310452  4.428611E-15
6518.00047507787  5.168478E-15
6518.06485705122  6.783761E-15
6518.12923902457  5.475274E-15
6518.19362099792  7.261876E-15
6518.25800297127  7.922906E-15
6518.32238494462  5.026008E-15
6518.38676691797  7.134311E-15
6518.45114889132  5.375278E-15
6518.51553086467  4.724175E-15
6518.57991283802  3.818682E-15
6518.64429481138  5.035985E-15
6518.70867678473  4.802682E-15
6518.77305875808  6.022956E-15
6518.83744073143  6.472330E-15
6518.90182270478  4.570599E-15
6518.96620467813  2.695323E-15
6519.03058665148  3.644017E-15
6519.09496862483  5.592026E-15
6519.15935059818  6.451465E-15
6519.22373257153  6.396041E-15
6519.28811454488  5.031699E-15
6519.35249651823  4.959004E-15
6519.41687849158  3.718387E-15
6519.48126046494  5.963832E-15
6519.54564243829  7.297815E-15
6519.61002441164  5.587692E-15
6519.67440638499  6.262679E-15
6519.73878835834  5.698224E-15
6519.80317033169  4.016889E-15
6519.86755230504  5.636280E-15
6519.93193427839  4.718412E-15
6519.99631625174  4.472753E-15
6520.06069822509  5.821594E-15
6520.12508019844  5.526953E-15
6520.18946217179  4.311614E-15
6520.25384414514  3.147232E-15
6520.31822611849  4.710056E-15
6520.38260809184  7.331725E-15
6520.44699006519  7.240271E-15
6520.51137203855  7.460641E-15
6520.5757540119  6.512607E-15
6520.64013598525  4.749385E-15
6520.70451795859  5.752523E-15
6520.76889993195  5.926173E-15
6520.8332819053  5.720057E-15
6520.89766387865  5.698420E-15
6520.962045852  5.464721E-15
6521.02642782535  4.260090E-15
6521.0908097987  4.892184E-15
6521.15519177205  4.239726E-15
6521.2195737454  3.881196E-15
6521.28395571875  4.495812E-15
6521.3483376921  4.063421E-15
6521.41271966545  6.253311E-15
6521.4771016388  5.932505E-15
6521.54148361216  5.353434E-15
6521.60586558551  5.319009E-15
6521.67024755886  3.906973E-15
6521.73462953221  5.053862E-15
6521.79901150556  6.462170E-15
6521.86339347891  4.895025E-15
6521.92777545226  3.386378E-15
6521.99215742561  5.136610E-15
6522.05653939896  4.978019E-15
6522.12092137231  4.908594E-15
6522.18530334566  4.996139E-15
6522.24968531901  5.702180E-15
6522.31406729236  4.733748E-15
6522.37844926571  4.077645E-15
6522.44283123906  3.307026E-15
6522.50721321241  4.419709E-15
6522.57159518577  5.957175E-15
6522.63597715912  5.784981E-15
6522.70035913247  5.829722E-15
6522.76474110582  4.757576E-15
6522.82912307917  5.598463E-15
6522.89350505252  5.377733E-15
6522.95788702587  4.705301E-15
6523.02226899922  5.008331E-15
6523.08665097257  6.070516E-15
6523.15103294592  5.562296E-15
6523.21541491927  5.833348E-15
6523.27979689262  5.173159E-15
6523.34417886597  4.625933E-15
6523.40856083932  5.575198E-15
6523.47294281267  5.010061E-15
6523.53732478602  6.365566E-15
6523.60170675938  6.251262E-15
6523.66608873273  5.862915E-15
6523.73047070608  6.526870E-15
6523.79485267943  6.999586E-15
6523.85923465278  5.849925E-15
6523.92361662613  4.687194E-15
6523.98799859948  5.260828E-15
6524.05238057283  5.987753E-15
6524.11676254618  6.292807E-15
6524.18114451953  6.021265E-15
6524.24552649288  4.400235E-15
6524.30990846623  4.267024E-15
6524.37429043958  5.332803E-15
6524.43867241293  5.558695E-15
6524.50305438628  6.045888E-15
6524.56743635964  4.550064E-15
6524.63181833299  4.598911E-15
6524.69620030634  4.493715E-15
6524.76058227969  2.799087E-15
6524.82496425304  5.041406E-15
6524.88934622639  6.172715E-15
6524.95372819974  5.595257E-15
6525.01811017309  5.058043E-15
6525.08249214644  5.846621E-15
6525.14687411979  4.616765E-15
6525.21125609314  5.659082E-15
6525.27563806649  3.896983E-15
6525.34002003984  4.425901E-15
6525.40440201319  5.623102E-15
6525.46878398655  5.531106E-15
6525.5331659599  4.352562E-15
6525.59754793325  6.210902E-15
6525.6619299066  5.921378E-15
6525.72631187995  5.614832E-15
6525.7906938533  5.977685E-15
6525.85507582665  6.992294E-15
6525.9194578  6.017798E-15
6525.98383977335  5.624407E-15
6526.0482217467  7.165529E-15
6526.11260372005  8.315854E-15
6526.1769856934  8.325400E-15
6526.24136766675  8.817029E-15
6526.3057496401  1.101816E-14
6526.37013161345  1.395163E-14
6526.4345135868  1.604410E-14
6526.49889556016  1.702435E-14
6526.56327753351  1.860082E-14
6526.62765950686  1.983771E-14
6526.69204148021  2.005074E-14
6526.75642345356  2.281768E-14
6526.82080542691  2.505277E-14
6526.88518740026  2.374899E-14
6526.94956937361  2.362094E-14
6527.01395134696  1.999832E-14
6527.07833332031  1.680916E-14
6527.14271529366  1.615217E-14
6527.20709726701  1.641602E-14
6527.27147924036  1.431787E-14
6527.33586121371  1.199607E-14
6527.40024318707  8.139204E-15
6527.46462516041  3.395639E-15
6527.52900713377  -7.127856E-15
6527.59338910712  6.654854E-15
6527.65777108047  6.231114E-15
6527.72215305382  1.404220E-15
6527.78653502717  -3.850869E-15
6527.85091700052  5.663726E-16
6527.91529897387  2.066229E-16
6527.97968094722  3.420297E-16
6528.04406292057  1.192059E-15
6528.10844489392  3.169577E-15
6528.17282686727  5.982255E-15
6528.23720884062  5.298547E-15
6528.30159081397  4.633396E-15
6528.36597278732  4.029330E-15
6528.43035476068  3.369778E-15
6528.49473673403  4.169519E-15
6528.55911870738  5.187475E-15
6528.62350068073  5.075660E-15
6528.68788265408  6.365963E-15
6528.75226462743  7.104231E-15
6528.81664660078  6.938429E-15
6528.88102857413  4.930419E-15
6528.94541054748  5.415923E-15
6529.00979252083  4.967089E-15
6529.07417449418  5.678441E-15
6529.13855646753  6.298878E-15
6529.20293844088  5.702084E-15
6529.26732041423  5.305252E-15
6529.33170238758  4.241205E-15
6529.39608436093  6.293849E-15
6529.46046633428  6.451175E-15
6529.52484830764  5.710933E-15
6529.58923028099  5.918037E-15
6529.65361225434  4.543627E-15
6529.71799422769  6.208921E-15
6529.78237620104  6.187333E-15
6529.84675817439  6.589073E-15
6529.91114014774  5.600454E-15
6529.97552212109  4.168943E-15
6530.03990409444  3.446578E-15
6530.10428606779  5.466790E-15
6530.16866804114  5.486265E-15
6530.23305001449  5.083641E-15
6530.29743198784  5.157567E-15
6530.36181396119  5.223263E-15
6530.42619593454  5.483736E-15
6530.4905779079  5.934272E-15
6530.55495988125  5.657827E-15
6530.6193418546  5.669049E-15
6530.68372382795  5.928419E-15
6530.7481058013  5.470215E-15
6530.81248777465  5.879414E-15
6530.876869748  6.180709E-15
6530.94125172135  5.860384E-15
6531.0056336947  6.522087E-15
6531.07001566805  6.487892E-15
6531.1343976414  5.371819E-15
6531.19877961475  5.112575E-15
6531.2631615881  5.919565E-15
6531.32754356145  5.935131E-15
6531.3919255348  5.623253E-15
6531.45630750816  5.351610E-15
6531.52068948151  5.202919E-15
6531.58507145486  5.472117E-15
6531.64945342821  5.872050E-15
6531.71383540156  5.249254E-15
6531.77821737491  4.733916E-15
6531.84259934826  6.229558E-15
6531.90698132161  4.836582E-15
6531.97136329496  4.816350E-15
6532.03574526831  4.929979E-15
6532.10012724166  5.697908E-15
6532.16450921501  5.745513E-15
6532.22889118836  4.820951E-15
6532.29327316171  4.637739E-15
6532.35765513506  5.857947E-15
6532.42203710842  7.177021E-15
6532.48641908177  4.794487E-15
6532.55080105512  2.470173E-15
6532.61518302847  2.208934E-15
6532.67956500182  -2.206907E-15
6532.74394697517  5.385210E-15
6532.80832894852  6.639245E-15
6532.87271092187  6.793913E-15
6532.93709289522  3.673300E-15
6533.00147486857  8.067929E-15
6533.06585684192  7.558786E-15
6533.13023881527  6.511549E-15
6533.19462078862  5.304968E-15
6533.25900276197  4.749306E-15
6533.32338473532  4.747648E-15
6533.38776670867  4.457020E-15
6533.45214868203  4.553757E-15
6533.51653065538  5.264492E-15
6533.58091262873  4.869915E-15
6533.64529460208  4.902281E-15
6533.70967657543  5.499623E-15
6533.77405854878  5.660385E-15
6533.83844052213  5.075765E-15
6533.90282249548  4.838933E-15
6533.96720446883  4.462753E-15
6534.03158644218  3.834616E-15
6534.09596841553  4.027393E-15
6534.16035038888  4.835991E-15
6534.22473236223  5.118309E-15
6534.28911433558  5.849181E-15
6534.35349630893  6.026282E-15
6534.41787828229  5.564630E-15
6534.48226025563  5.114131E-15
6534.54664222899  5.234831E-15
6534.61102420234  5.109582E-15
6534.67540617569  6.304240E-15
6534.73978814904  6.137162E-15
6534.80417012239  4.969075E-15
6534.86855209574  5.053103E-15
6534.93293406909  4.717140E-15
6534.99731604244  5.345266E-15
6535.06169801579  4.330494E-15
6535.12607998914  4.219580E-15
6535.19046196249  5.144981E-15
6535.25484393584  5.713730E-15
6535.3192259092  5.565987E-15
6535.38360788254  4.879052E-15
6535.44798985589  4.254954E-15
6535.51237182925  5.238467E-15
6535.5767538026  5.410099E-15
6535.64113577595  5.517510E-15
6535.7055177493  4.927504E-15
6535.76989972265  4.637674E-15
6535.834281696  5.528496E-15
6535.89866366935  6.440364E-15
6535.9630456427  6.284481E-15
6536.02742761605  5.800346E-15
6536.0918095894  5.949014E-15
6536.15619156275  5.838509E-15
6536.2205735361  3.961998E-15
6536.28495550945  3.224425E-15
6536.3493374828  4.487183E-15
6536.41371945616  5.671343E-15
6536.47810142951  5.215672E-15
6536.54248340286  5.497670E-15
6536.60686537621  5.836881E-15
6536.67124734956  6.130792E-15
6536.73562932291  5.302138E-15
6536.80001129626  4.879961E-15
6536.86439326961  4.770446E-15
6536.92877524296  4.746569E-15
6536.99315721631  4.868998E-15
6537.05753918966  5.263660E-15
6537.12192116301  6.052964E-15
6537.18630313636  6.168388E-15
6537.25068510972  5.651015E-15
6537.31506708306  5.857352E-15
6537.37944905642  5.788076E-15
6537.44383102977  5.309453E-15
6537.50821300312  5.302414E-15
6537.57259497647  5.597441E-15
6537.63697694982  4.542735E-15
6537.70135892317  4.465411E-15
6537.76574089652  4.419142E-15
6537.83012286987  5.178803E-15
6537.89450484322  5.248315E-15
6537.95888681657  4.250347E-15
6538.02326878992  4.480045E-15
6538.08765076327  5.210532E-15
6538.15203273662  4.214723E-15
6538.21641470997  4.770149E-15
6538.28079668332  5.050477E-15
6538.34517865668  4.409042E-15
6538.40956063003  4.828859E-15
6538.47394260337  5.347921E-15
6538.53832457673  5.040672E-15
6538.60270655008  4.793038E-15
6538.66708852343  4.341480E-15
6538.73147049678  4.605507E-15
6538.79585247013  5.315576E-15
6538.86023444348  5.770465E-15
6538.92461641683  5.281677E-15
6538.98899839018  5.054226E-15
6539.05338036353  4.728220E-15
6539.11776233688  5.733069E-15
6539.18214431023  6.523038E-15
6539.24652628358  6.591524E-15
6539.31090825694  6.011029E-15
6539.37529023029  5.778091E-15
6539.43967220364  5.563125E-15
6539.50405417699  4.796873E-15
6539.56843615034  5.268893E-15
6539.63281812369  6.017175E-15
6539.69720009704  5.303705E-15
6539.76158207039  5.721966E-15
6539.82596404374  5.697899E-15
6539.89034601709  5.395256E-15
6539.95472799044  6.451363E-15
6540.01910996379  5.723254E-15
6540.08349193714  4.903924E-15
6540.14787391049  4.580343E-15
6540.21225588384  4.978655E-15
6540.27663785719  4.649298E-15
6540.34101983055  4.691514E-15
6540.4054018039  5.781484E-15
6540.46978377725  5.518278E-15
6540.5341657506  5.171595E-15
6540.59854772395  5.004350E-15
6540.6629296973  5.891566E-15
6540.72731167065  5.145577E-15
6540.791693644  5.409013E-15
6540.85607561735  5.832456E-15
6540.9204575907  6.053016E-15
6540.98483956405  5.884225E-15
6541.0492215374  4.951478E-15
6541.11360351075  4.810875E-15
6541.1779854841  5.178839E-15
6541.24236745745  5.311757E-15
6541.3067494308  4.877531E-15
6541.37113140416  4.353416E-15
6541.43551337751  5.284048E-15
6541.49989535086  6.428448E-15
6541.56427732421  6.116927E-15
6541.62865929756  4.464131E-15
6541.69304127091  5.597915E-15
6541.75742324426  5.083953E-15
6541.82180521761  5.153373E-15
6541.88618719096  5.656777E-15
6541.95056916431  5.827046E-15
6542.01495113766  6.370722E-15
6542.07933311101  7.151998E-15
6542.14371508436  6.054619E-15
6542.20809705771  5.765136E-15
6542.27247903106  5.293037E-15
6542.33686100442  5.784405E-15
6542.40124297777  5.217718E-15
6542.46562495112  5.449576E-15
6542.53000692447  5.835713E-15
6542.59438889782  5.958150E-15
6542.65877087117  7.310548E-15
6542.72315284452  6.486234E-15
6542.78753481787  6.093934E-15
6542.85191679122  6.826022E-15
6542.91629876457  6.736590E-15
6542.98068073792  7.269291E-15
6543.04506271127  7.330921E-15
6543.10944468462  6.487298E-15
6543.17382665797  7.677511E-15
6543.23820863132  7.396939E-15
6543.30259060467  7.363273E-15
6543.36697257803  7.647894E-15
6543.43135455138  7.395066E-15
6543.49573652473  7.482243E-15
6543.56011849808  8.024805E-15
6543.62450047143  6.563882E-15
6543.68888244478  6.824175E-15
6543.75326441813  7.100798E-15
6543.81764639148  6.764407E-15
6543.88202836483  7.550028E-15
6543.94641033818  8.587342E-15
6544.01079231153  8.224699E-15
6544.07517428488  7.948915E-15
6544.13955625823  8.192118E-15
6544.20393823158  7.362345E-15
6544.26832020494  7.725136E-15
6544.33270217829  7.722531E-15
6544.39708415164  8.383070E-15
6544.46146612499  8.829321E-15
6544.52584809834  8.673869E-15
6544.59023007169  8.349261E-15
6544.65461204504  8.906350E-15
6544.71899401839  8.944176E-15
6544.78337599174  9.415707E-15
6544.84775796509  1.020714E-14
6544.91213993844  9.413812E-15
6544.97652191179  9.059909E-15
6545.04090388514  1.008478E-14
6545.10528585849  1.037183E-14
6545.16966783184  1.044635E-14
6545.23404980519  1.109587E-14
6545.29843177855  1.063933E-14
6545.3628137519  1.109062E-14
6545.42719572525  1.088342E-14
6545.4915776986  1.091927E-14
6545.55595967195  1.102737E-14
6545.6203416453  1.013133E-14
6545.68472361865  1.027710E-14
6545.749105592  1.143364E-14
6545.81348756535  1.157359E-14
6545.8778695387  1.196388E-14
6545.94225151205  1.188689E-14
6546.0066334854  1.129537E-14
6546.07101545875  1.171515E-14
6546.1353974321  1.180583E-14
6546.19977940545  1.267342E-14
6546.26416137881  1.324204E-14
6546.32854335216  1.155875E-14
6546.39292532551  1.253331E-14
6546.45730729886  1.263542E-14
6546.52168927221  1.447800E-14
6546.58607124556  1.969907E-14
6546.65045321891  3.669307E-14
6546.71483519226  7.620237E-14
6546.77921716561  1.592694E-13
6546.84359913896  3.078946E-13
6546.90798111231  5.417748E-13
6546.97236308566  8.846411E-13
6547.03674505901  1.328845E-12
6547.10112703236  1.844631E-12
6547.16550900571  2.406218E-12
6547.22989097906  2.899723E-12
6547.29427295242  3.301560E-12
6547.35865492576  3.544742E-12
6547.42303689912  3.592945E-12
6547.48741887247  3.485241E-12
6547.55180084582  3.269753E-12
6547.61618281917  3.027828E-12
6547.68056479252  2.889498E-12
6547.74494676587  2.827159E-12
6547.80932873922  2.883311E-12
6547.87371071257  3.027973E-12
6547.93809268592  3.198186E-12
6548.00247465927  3.374376E-12
6548.06685663262  3.485658E-12
6548.13123860597  3.504002E-12
6548.19562057932  3.367012E-12
6548.26000255268  2.986058E-12
6548.32438452602  2.552599E-12
6548.38876649938  2.052951E-12
6548.45314847273  1.552088E-12
6548.51753044608  1.109547E-12
6548.58191241943  7.325471E-13
6548.64629439278  4.475933E-13
6548.71067636613  2.681701E-13
6548.77505833948  1.644622E-13
6548.83944031283  1.091851E-13
6548.90382228618  8.045614E-14
6548.96820425953  6.384723E-14
6549.03258623288  5.294509E-14
6549.09696820623  4.582896E-14
6549.16135017959  4.062042E-14
6549.22573215293  3.482465E-14
6549.29011412629  2.970776E-14
6549.35449609964  2.779907E-14
6549.41887807299  2.477331E-14
6549.48326004634  2.041726E-14
6549.54764201969  1.950024E-14
6549.61202399304  1.613085E-14
6549.67640596639  1.522013E-14
6549.74078793974  1.378146E-14
6549.80516991309  1.334562E-14
6549.86955188644  1.255875E-14
6549.93393385979  1.091309E-14
6549.99831583314  1.084083E-14
6550.06269780649  1.180801E-14
6550.12707977984  1.157674E-14
6550.19146175319  1.145254E-14
6550.25584372654  1.073183E-14
6550.3202256999  1.120336E-14
6550.38460767325  1.053382E-14
6550.4489896466  1.135999E-14
6550.51337161995  1.106158E-14
6550.5777535933  9.574049E-15
6550.64213556665  9.978000E-15
6550.70651754  8.465324E-15
6550.77089951335  9.246528E-15
6550.8352814867  1.050011E-14
6550.89966346005  1.076274E-14
6550.9640454334  9.823532E-15
6551.02842740675  1.038856E-14
6551.0928093801  9.805782E-15
6551.15719135345  9.584877E-15
6551.2215733268  1.068952E-14
6551.28595530016  1.105805E-14
6551.35033727351  1.065763E-14
6551.41471924686  9.845836E-15
6551.47910122021  9.576331E-15
6551.54348319356  8.443146E-15
6551.60786516691  1.004993E-14
6551.67224714026  9.667806E-15
6551.73662911361  9.628169E-15
6551.80101108696  9.804475E-15
6551.86539306031  9.268937E-15
6551.92977503366  9.271575E-15
6551.99415700701  8.904429E-15
6552.05853898036  8.683615E-15
6552.12292095371  9.549857E-15
6552.18730292707  9.551148E-15
6552.25168490041  9.697859E-15
6552.31606687377  8.749156E-15
6552.38044884712  6.281989E-15
6552.44483082047  9.535136E-15
6552.50921279382  8.466328E-15
6552.57359476717  8.101594E-15
6552.63797674052  -2.926346E-15
6552.70235871387  4.057676E-15
6552.76674068722  5.270428E-15
6552.83112266057  7.042439E-15
6552.89550463392  9.416309E-15
6552.95988660727  9.568293E-15
6553.02426858062  8.554905E-15
6553.08865055397  8.593707E-15
6553.15303252732  7.846657E-15
6553.21741450068  7.759599E-15
6553.28179647402  8.061636E-15
6553.34617844738  7.901908E-15
6553.41056042073  8.501965E-15
6553.47494239408  1.065407E-14
6553.53932436743  1.166420E-14
6553.60370634078  1.190992E-14
6553.66808831413  1.260653E-14
6553.73247028748  1.063547E-14
6553.79685226083  8.907269E-15
6553.86123423418  7.792747E-15
6553.92561620753  8.518246E-15
6553.98999818088  8.330991E-15
6554.05438015423  8.185061E-15
6554.11876212759  8.099859E-15
6554.18314410094  7.765134E-15
6554.24752607429  8.414120E-15
6554.31190804764  9.306908E-15
6554.37629002099  7.857129E-15
6554.44067199434  7.255400E-15
6554.50505396769  7.226220E-15
6554.56943594104  7.794342E-15
6554.63381791439  6.500985E-15
6554.69819988774  7.177153E-15
6554.76258186109  7.151223E-15
6554.82696383444  7.264161E-15
6554.89134580779  8.197455E-15
6554.95572778114  7.537975E-15
6555.0201097545  7.122778E-15
6555.08449172784  7.875902E-15
6555.14887370119  8.555472E-15
6555.21325567455  7.695066E-15
6555.2776376479  7.017085E-15
6555.34201962125  7.696696E-15
6555.4064015946  7.847366E-15
6555.47078356795  7.977765E-15
6555.5351655413  8.140768E-15
6555.59954751465  7.990066E-15
6555.663929488  7.583810E-15
6555.72831146135  7.327869E-15
6555.7926934347  6.633677E-15
6555.85707540805  6.541727E-15
6555.9214573814  7.685736E-15
6555.98583935475  6.888199E-15
6556.0502213281  5.905544E-15
6556.11460330145  7.415811E-15
6556.17898527481  7.598633E-15
6556.24336724816  7.518850E-15
6556.30774922151  7.121322E-15
6556.37213119486  5.053688E-15
6556.43651316821  6.232571E-15
6556.50089514156  7.833514E-15
6556.56527711491  7.020400E-15
6556.62965908826  6.106923E-15
6556.69404106161  6.266132E-15
6556.75842303496  6.982511E-15
6556.82280500831  7.403331E-15
6556.88718698166  6.967585E-15
6556.95156895501  6.721609E-15
6557.01595092836  7.574064E-15
6557.08033290172  7.539762E-15
6557.14471487507  7.763048E-15
6557.20909684842  6.846439E-15
6557.27347882177  7.740225E-15
6557.33786079512  7.447776E-15
6557.40224276847  7.214101E-15
6557.46662474182  6.532295E-15
6557.53100671517  6.083826E-15
6557.59538868852  6.740091E-15
6557.65977066187  7.068036E-15
6557.72415263522  7.319695E-15
6557.78853460857  6.752359E-15
6557.85291658192  6.656211E-15
6557.91729855527  6.932213E-15
6557.98168052862  7.320169E-15
6558.04606250197  7.667340E-15
6558.11044447533  6.945144E-15
6558.17482644868  6.574134E-15
6558.23920842203  7.568371E-15
6558.30359039538  6.770943E-15
6558.36797236873  6.100318E-15
6558.43235434208  7.712900E-15
6558.49673631543  7.610944E-15
6558.56111828878  7.640733E-15
6558.62550026213  8.172245E-15
6558.68988223548  8.816226E-15
6558.75426420883  1.091115E-14
6558.81864618218  1.235115E-14
6558.88302815553  1.546177E-14
6558.94741012888  2.100162E-14
6559.01179210223  2.920910E-14
6559.07617407558  4.103474E-14
6559.14055604894  5.616842E-14
6559.20493802229  7.766459E-14
6559.26931999564  1.041488E-13
6559.33370196899  1.404967E-13
6559.39808394234  1.796259E-13
6559.46246591569  2.278400E-13
6559.52684788904  2.735090E-13
6559.59122986239  3.232172E-13
6559.65561183574  3.714751E-13
6559.71999380909  4.056560E-13
6559.78437578244  4.307619E-13
6559.84875775579  4.443591E-13
6559.91313972914  4.305246E-13
6559.97752170249  3.936089E-13
6560.04190367584  3.510842E-13
6560.1062856492  3.037048E-13
6560.17066762255  2.505357E-13
6560.2350495959  2.019237E-13
6560.29943156925  1.582454E-13
6560.3638135426  1.197941E-13
6560.42819551595  9.104252E-14
6560.4925774893  7.013422E-14
6560.55695946265  5.464116E-14
6560.621341436  4.346571E-14
6560.68572340935  3.440854E-14
6560.7501053827  2.682416E-14
6560.81448735605  2.451270E-14
6560.8788693294  2.232531E-14
6560.94325130275  2.273986E-14
6561.0076332761  2.879118E-14
6561.07201524945  4.223486E-14
6561.13639722281  6.998342E-14
6561.20077919616  1.134131E-13
6561.26516116951  1.881653E-13
6561.32954314286  3.135470E-13
6561.39392511621  5.123966E-13
6561.45830708956  8.068334E-13
6561.52268906291  1.215668E-12
6561.58707103626  1.792644E-12
6561.65145300961  2.560116E-12
6561.71583498296  3.414348E-12
6561.78021695631  4.498468E-12
6561.84459892966  5.822561E-12
6561.90898090301  6.850093E-12
6561.97336287636  7.430009E-12
6562.03774484971  7.774446E-12
6562.10212682306  8.025112E-12
6562.16650879641  8.275935E-12
6562.23089076977  8.511226E-12
6562.29527274312  8.646171E-12
6562.35965471647  8.691200E-12
6562.42403668982  8.706921E-12
6562.48841866317  8.733607E-12
6562.55280063652  8.749962E-12
6562.61718260987  8.642926E-12
6562.68156458322  8.440094E-12
6562.74594655657  8.222764E-12
6562.81032852992  8.055615E-12
6562.87471050327  7.817401E-12
6562.93909247662  7.666177E-12
6563.00347444997  7.504340E-12
6563.06785642333  7.004388E-12
6563.13223839668  6.058873E-12
6563.19662037003  4.947990E-12
6563.26100234338  3.849284E-12
6563.32538431673  2.930437E-12
6563.38976629008  2.181933E-12
6563.45414826343  1.586465E-12
6563.51853023678  1.128601E-12
6563.58291221013  7.909728E-13
6563.64729418348  5.606174E-13
6563.71167615683  3.958204E-13
6563.77605813018  2.856766E-13
6563.84044010353  2.067085E-13
6563.90482207688  1.525122E-13
6563.96920405023  1.199719E-13
6564.03358602359  9.346099E-14
6564.09796799693  7.256380E-14
6564.16234997029  5.680137E-14
6564.22673194364  4.736092E-14
6564.29111391699  3.900203E-14
6564.35549589034  3.333537E-14
6564.41987786369  2.897235E-14
6564.48425983704  2.558078E-14
6564.54864181039  2.040594E-14
6564.61302378374  1.724370E-14
6564.67740575709  1.594687E-14
6564.74178773044  1.341893E-14
6564.80616970379  1.126450E-14
6564.87055167714  9.503535E-15
6564.93493365049  8.793590E-15
6564.99931562384  9.839028E-15
6565.06369759719  1.102526E-14
6565.12807957055  9.857306E-15
6565.1924615439  9.319077E-15
6565.25684351725  1.016163E-14
6565.3212254906  1.029831E-14
6565.38560746395  9.369362E-15
6565.4499894373  9.328170E-15
6565.51437141065  9.277819E-15
6565.578753384  8.789114E-15
6565.64313535735  9.338681E-15
6565.7075173307  9.142919E-15
6565.77189930405  9.049431E-15
6565.8362812774  8.794871E-15
6565.90066325075  8.233931E-15
6565.9650452241  7.302204E-15
6566.02942719746  6.160588E-15
6566.0938091708  7.487102E-15
6566.15819114416  8.270923E-15
6566.22257311751  8.191213E-15
6566.28695509086  8.364833E-15
6566.35133706421  9.511347E-15
6566.41571903756  8.017596E-15
6566.48010101091  7.255966E-15
6566.54448298426  8.414796E-15
6566.60886495761  8.263349E-15
6566.67324693096  8.906216E-15
6566.73762890431  8.949189E-15
6566.80201087766  6.569505E-15
6566.86639285101  6.973514E-15
6566.93077482437  7.262551E-15
6566.99515679771  7.262222E-15
6567.05953877107  6.842159E-15
6567.12392074441  7.034592E-15
6567.18830271777  6.319499E-15
6567.25268469112  5.688863E-15
6567.31706666447  5.278412E-15
6567.38144863782  5.758495E-15
6567.44583061117  5.570971E-15
6567.51021258452  6.654346E-15
6567.57459455787  6.736082E-15
6567.63897653122  6.549207E-15
6567.70335850457  6.415959E-15
6567.76774047792  5.922850E-15
6567.83212245127  6.419568E-15
6567.89650442462  6.325630E-15
6567.96088639798  6.531314E-15
6568.02526837132  6.800008E-15
6568.08965034468  7.048773E-15
6568.15403231803  6.850287E-15
6568.21841429138  7.628684E-15
6568.28279626473  6.727305E-15
6568.34717823808  7.343402E-15
6568.41156021143  5.692149E-15
6568.47594218478  5.491279E-15
6568.54032415813  6.567501E-15
6568.60470613148  6.581723E-15
6568.66908810483  6.306119E-15
6568.73347007818  8.187843E-15
6568.79785205153  8.316000E-15
6568.86223402488  7.448941E-15
6568.92661599823  5.567458E-15
6568.99099797159  6.445098E-15
6569.05537994494  5.487911E-15
6569.11976191829  5.451992E-15
6569.18414389164  6.863335E-15
6569.24852586499  7.176382E-15
6569.31290783834  7.739152E-15
6569.37728981169  6.892006E-15
6569.44167178504  5.887543E-15
6569.50605375839  5.801814E-15
6569.57043573174  7.067008E-15
6569.63481770509  6.914321E-15
6569.69919967844  6.265268E-15
6569.76358165179  6.577078E-15
6569.82796362514  6.460433E-15
6569.89234559849  6.443126E-15
6569.95672757184  6.774509E-15
6570.0211095452  7.175375E-15
6570.08549151855  6.415714E-15
6570.1498734919  6.618160E-15
6570.21425546525  6.784318E-15
6570.2786374386  6.101760E-15
6570.34301941195  5.487971E-15
6570.4074013853  5.152503E-15
6570.47178335865  6.037841E-15
6570.536165332  6.435141E-15
6570.60054730535  5.916018E-15
6570.6649292787  6.068915E-15
6570.72931125205  5.744857E-15
6570.7936932254  6.328071E-15
6570.85807519875  6.053757E-15
6570.9224571721  5.984904E-15
6570.98683914546  6.415480E-15
6571.05122111881  6.987160E-15
6571.11560309216  6.893759E-15
6571.17998506551  6.680664E-15
6571.24436703886  7.212435E-15
6571.30874901221  6.739936E-15
6571.37313098556  5.471411E-15
6571.43751295891  6.990816E-15
6571.50189493226  7.513159E-15
6571.56627690561  7.197151E-15
6571.63065887896  6.362531E-15
6571.69504085231  5.446673E-15
6571.75942282566  5.842962E-15
6571.82380479901  6.213112E-15
6571.88818677236  6.220471E-15
6571.95256874572  5.991212E-15
6572.01695071907  5.986075E-15
6572.08133269242  5.807728E-15
6572.14571466577  4.606781E-15
6572.21009663912  3.947257E-15
6572.27447861247  3.340943E-15
6572.33886058582  3.239157E-15
6572.40324255917  6.225422E-16
6572.46762453252  6.033774E-15
6572.53200650587  6.526728E-15
6572.59638847922  7.074316E-15
6572.66077045257  -2.193005E-15
6572.72515242592  3.948807E-15
6572.78953439928  4.067445E-15
6572.85391637262  5.058168E-15
6572.91829834597  5.767116E-15
6572.98268031933  6.589276E-15
6573.04706229268  7.383359E-15
6573.11144426603  7.284805E-15
6573.17582623938  6.254721E-15
6573.24020821273  5.765755E-15
6573.30459018608  6.510230E-15
6573.36897215943  6.108484E-15
6573.43335413278  5.909640E-15
6573.49773610613  7.613957E-15
6573.56211807948  6.369064E-15
6573.62650005283  6.620573E-15
6573.69088202618  6.536716E-15
6573.75526399953  5.297530E-15
6573.81964597288  5.903233E-15
6573.88402794623  6.010485E-15
6573.94840991958  6.049004E-15
6574.01279189294  6.575130E-15
6574.07717386629  6.725208E-15
6574.14155583964  4.955364E-15
6574.20593781299  5.818065E-15
6574.27031978634  6.499159E-15
6574.33470175969  6.099877E-15
6574.39908373304  6.077632E-15
6574.46346570639  5.781801E-15
6574.52784767974  6.397248E-15
6574.59222965309  6.279901E-15
6574.65661162644  6.393796E-15
6574.72099359979  5.892578E-15
6574.78537557314  7.105776E-15
6574.84975754649  6.257127E-15
6574.91413951985  6.424992E-15
6574.9785214932  6.357729E-15
6575.04290346655  6.250116E-15
6575.1072854399  6.507512E-15
6575.17166741325  6.684824E-15
6575.2360493866  6.545740E-15
6575.30043135995  6.131243E-15
6575.3648133333  5.882819E-15
6575.42919530665  5.587971E-15
6575.49357728  5.581960E-15
6575.55795925335  6.702915E-15
6575.6223412267  6.437969E-15
6575.68672320005  4.987098E-15
6575.7511051734  6.714766E-15
6575.81548714675  6.334740E-15
6575.8798691201  6.616527E-15
6575.94425109346  6.623371E-15
6576.00863306681  6.530278E-15
6576.07301504016  6.190010E-15
6576.13739701351  6.075620E-15
6576.20177898686  6.756442E-15
6576.26616096021  6.916528E-15
6576.33054293356  6.789075E-15
6576.39492490691  6.037379E-15
6576.45930688026  5.751779E-15
6576.52368885361  6.007250E-15
6576.58807082696  6.286429E-15
6576.65245280031  6.336235E-15
6576.71683477366  5.807222E-15
6576.78121674701  5.977285E-15
6576.84559872036  6.071428E-15
6576.90998069372  5.682587E-15
6576.97436266706  6.252610E-15
6577.03874464042  7.995758E-15
6577.10312661377  1.002107E-14
6577.16750858712  1.277540E-14
6577.23189056047  1.363360E-14
6577.29627253382  1.490185E-14
6577.36065450717  1.476348E-14
6577.42503648052  1.485974E-14
6577.48941845387  1.534069E-14
6577.55380042722  1.470651E-14
6577.61818240057  1.506054E-14
6577.68256437392  1.521259E-14
6577.74694634727  1.531607E-14
6577.81132832062  1.427662E-14
6577.87571029398  1.437188E-14
6577.94009226733  1.436084E-14
6578.00447424068  1.460134E-14
6578.06885621403  1.376126E-14
6578.13323818738  1.388627E-14
6578.19762016073  1.324424E-14
6578.26200213408  1.216635E-14
6578.32638410743  9.456743E-15
6578.39076608078  9.944303E-15
6578.45514805413  7.880911E-15
6578.51953002748  8.095184E-15
6578.58391200083  6.935792E-15
6578.64829397418  5.957207E-15
6578.71267594753  6.347974E-15
6578.77705792088  6.493665E-15
6578.84143989423  6.286042E-15
6578.90582186758  6.881021E-15
6578.97020384094  6.367123E-15
6579.03458581429  6.767603E-15
6579.09896778764  6.601089E-15
6579.16334976099  6.383554E-15
6579.22773173434  6.796492E-15
6579.29211370769  6.316304E-15
6579.35649568104  6.545758E-15
6579.42087765439  7.749480E-15
6579.48525962774  7.337644E-15
6579.54964160109  7.885731E-15
6579.61402357444  6.909263E-15
6579.67840554779  6.935524E-15
6579.74278752114  8.064563E-15
6579.80716949449  8.122792E-15
6579.87155146784  8.057948E-15
6579.93593344119  8.033417E-15
6580.00031541455  7.521424E-15
6580.0646973879  6.714657E-15
6580.12907936125  7.188893E-15
6580.1934613346  6.946738E-15
6580.25784330795  5.926670E-15
6580.3222252813  6.501306E-15
6580.38660725465  6.485049E-15
6580.450989228  6.090125E-15
6580.51537120135  7.361529E-15
6580.5797531747  7.413724E-15
6580.64413514805  6.665318E-15
6580.7085171214  7.529936E-15
6580.77289909475  5.922463E-15
6580.8372810681  7.202052E-15
6580.90166304145  6.991236E-15
6580.96604501481  8.595855E-15
6581.03042698816  7.972621E-15
6581.09480896151  6.818117E-15
6581.15919093486  5.903716E-15
6581.22357290821  5.994525E-15
6581.28795488156  5.909326E-15
6581.35233685491  7.499853E-15
6581.41671882826  6.348138E-15
6581.48110080161  8.525233E-15
6581.54548277496  9.363025E-15
6581.60986474831  8.117495E-15
6581.67424672166  8.022975E-15
6581.73862869501  6.501309E-15
6581.80301066836  1.029307E-14
6581.86739264171  1.233705E-14
6581.93177461507  1.858798E-14
6581.99615658842  4.190432E-14
6582.06053856177  1.035481E-13
6582.12492053512  2.627204E-13
6582.18930250847  5.765877E-13
6582.25368448182  1.127148E-12
6582.31806645517  1.987170E-12
6582.38244842852  3.180824E-12
6582.44683040187  4.762331E-12
6582.51121237522  6.540981E-12
6582.57559434857  7.665901E-12
6582.63997632192  8.168337E-12
6582.70435829527  8.331804E-12
6582.76874026862  8.421154E-12
6582.83312224198  8.434315E-12
6582.89750421532  8.363483E-12
6582.96188618868  8.294624E-12
6583.02626816203  8.137911E-12
6583.09065013538  7.981713E-12
6583.15503210873  7.938256E-12
6583.21941408208  8.014801E-12
6583.28379605543  8.134439E-12
6583.34817802878  8.272134E-12
6583.41256000213  8.368604E-12
6583.47694197548  8.444944E-12
6583.54132394883  8.461225E-12
6583.60570592218  8.388271E-12
6583.67008789553  8.025388E-12
6583.73446986888  7.220923E-12
6583.79885184224  5.844117E-12
6583.86323381559  4.272939E-12
6583.92761578894  2.901764E-12
6583.99199776229  1.873763E-12
6584.05637973564  1.126690E-12
6584.12076170899  6.400530E-13
6584.18514368234  3.883947E-13
6584.24952565569  2.570921E-13
6584.31390762904  1.948729E-13
6584.37828960239  1.591062E-13
6584.44267157574  1.278612E-13
6584.50705354909  1.062686E-13
6584.57143552244  9.011073E-14
6584.63581749579  7.523645E-14
6584.70019946915  6.332855E-14
6584.76458144249  5.103565E-14
6584.82896341585  4.369445E-14
6584.8933453892  3.551375E-14
6584.95772736255  2.821420E-14
6585.0221093359  2.356719E-14
6585.08649130925  2.009530E-14
6585.1508732826  1.611309E-14
6585.21525525595  1.471355E-14
6585.2796372293  1.381715E-14
6585.34401920265  1.230615E-14
6585.408401176  1.092742E-14
6585.47278314935  9.974409E-15
6585.5371651227  8.674752E-15
6585.60154709605  8.870624E-15
6585.6659290694  8.042791E-15
6585.73031104276  7.980202E-15
6585.7946930161  8.322448E-15
6585.85907498946  7.270162E-15
6585.92345696281  6.655551E-15
6585.98783893616  8.406440E-15
6586.05222090951  7.734653E-15
6586.11660288286  7.909078E-15
6586.18098485621  7.193356E-15
6586.24536682956  6.259870E-15
6586.30974880291  6.187009E-15
6586.37413077626  6.549190E-15
6586.43851274961  5.485870E-15
6586.50289472296  6.478277E-15
6586.56727669631  6.385377E-15
6586.63165866966  6.929668E-15
6586.69604064301  7.288442E-15
6586.76042261637  7.246576E-15
6586.82480458972  7.549053E-15
6586.88918656307  6.260731E-15
6586.95356853642  5.852944E-15
6587.01795050977  6.185367E-15
6587.08233248312  7.311595E-15
6587.14671445647  7.453545E-15
6587.21109642982  6.502847E-15
6587.27547840317  5.557818E-15
6587.33986037652  5.129211E-15
6587.40424234987  5.811490E-15
6587.46862432322  6.679371E-15
6587.53300629657  7.217630E-15
6587.59738826992  7.080309E-15
6587.66177024327  6.754710E-15
6587.72615221662  6.113426E-15
6587.79053418997  6.882805E-15
6587.85491616333  6.056748E-15
6587.91929813668  5.665331E-15
6587.98368011003  6.587407E-15
6588.04806208338  5.299174E-15
6588.11244405673  6.360963E-15
6588.17682603008  5.994755E-15
6588.24120800343  5.797509E-15
6588.30558997678  5.316686E-15
6588.36997195013  5.507910E-15
6588.43435392348  5.694735E-15
6588.49873589683  5.554728E-15
6588.56311787018  5.693364E-15
6588.62749984353  4.668995E-15
6588.69188181688  6.091203E-15
6588.75626379023  6.395612E-15
6588.82064576359  4.872508E-15
6588.88502773694  5.558877E-15
6588.94940971029  5.376507E-15
6589.01379168364  5.850897E-15
6589.07817365699  5.621752E-15
6589.14255563034  5.401902E-15
6589.20693760369  5.809542E-15
6589.27131957704  5.990614E-15
6589.33570155039  4.794137E-15
6589.40008352374  6.155216E-15
6589.46446549709  5.804475E-15
6589.52884747044  6.562353E-15
6589.59322944379  5.823598E-15
6589.65761141714  6.020776E-15
6589.7219933905  6.236580E-15
6589.78637536385  6.272452E-15
6589.8507573372  6.691331E-15
6589.91513931055  6.048181E-15
6589.9795212839  6.501681E-15
6590.04390325725  5.461351E-15
6590.1082852306  6.064107E-15
6590.17266720395  5.872198E-15
6590.2370491773  5.691829E-15
6590.30143115065  4.578762E-15
6590.365813124  4.590398E-15
6590.43019509735  5.544049E-15
6590.4945770707  6.056498E-15
6590.55895904405  6.040736E-15
6590.6233410174  5.675997E-15
6590.68772299075  6.344156E-15
6590.75210496411  5.876041E-15
6590.81648693745  6.709275E-15
6590.88086891081  5.965161E-15
6590.94525088416  5.630575E-15
6591.00963285751  5.771872E-15
6591.07401483086  6.037438E-15
6591.13839680421  5.465121E-15
6591.20277877756  5.848511E-15
6591.26716075091  6.036457E-15
6591.33154272426  4.842295E-15
6591.39592469761  5.644800E-15
6591.46030667096  5.647042E-15
6591.52468864431  6.277611E-15
6591.58907061766  5.651858E-15
6591.65345259101  5.036478E-15
6591.71783456436  6.330539E-15
6591.78221653771  5.911907E-15
6591.84659851107  5.630204E-15
6591.91098048442  5.742059E-15
6591.97536245777  5.878090E-15
6592.03974443112  6.210467E-15
6592.10412640447  4.882840E-15
6592.16850837782  4.987504E-15
6592.23289035117  5.268164E-15
6592.29727232452  5.550814E-15
6592.36165429787  4.263616E-15
6592.42603627122  4.461866E-15
6592.49041824457  4.304469E-15
6592.55480021792  5.429101E-15
6592.61918219127  4.558435E-15
6592.68356416463  3.806159E-15
6592.74794613797  5.034716E-15
6592.81232811132  5.284677E-15
6592.87671008468  6.229769E-15
6592.94109205803  5.784422E-15
6593.00547403138  4.623213E-15
6593.06985600473  6.105267E-15
6593.13423797808  5.418709E-15
6593.19861995143  4.897876E-15
6593.26300192478  5.177409E-15
6593.32738389813  4.576192E-15
6593.39176587148  5.610597E-15
6593.45614784483  5.718335E-15
6593.52052981818  6.329540E-15
6593.58491179153  5.369419E-15
6593.64929376488  6.271154E-15
6593.71367573823  5.087094E-15
6593.77805771159  5.077675E-15
6593.84243968494  4.950199E-15
6593.90682165829  5.056774E-15
6593.97120363164  4.884356E-15
6594.03558560499  5.093613E-15
6594.09996757834  4.362155E-15
6594.16434955169  5.019926E-15
6594.22873152504  4.900475E-15
6594.29311349839  4.912076E-15
6594.35749547174  4.717291E-15
6594.42187744509  5.384656E-15
6594.48625941844  4.741419E-15
6594.55064139179  5.208960E-15
6594.61502336514  3.050055E-15
6594.67940533849  1.803904E-15
6594.74378731184  1.728031E-15
6594.8081692852  -1.107292E-15
6594.87255125855  5.600979E-15
6594.9369332319  6.205412E-15
6595.00131520525  5.538179E-15
6595.0656971786  2.457589E-15
6595.13007915195  2.777278E-15
6595.1944611253  2.723367E-15
6595.25884309865  3.235290E-15
6595.323225072  2.912459E-15
6595.38760704535  3.441506E-15
6595.4519890187  4.138827E-15
6595.51637099205  5.552533E-15
6595.58075296541  5.561568E-15
6595.64513493875  4.512859E-15
6595.70951691211  4.364975E-15
6595.77389888546  4.509042E-15
6595.83828085881  4.907224E-15
6595.90266283216  4.906298E-15
6595.96704480551  5.202992E-15
6596.03142677886  5.181086E-15
6596.09580875221  5.017546E-15
6596.16019072556  5.981506E-15
6596.22457269891  5.106822E-15
6596.28895467226  3.974327E-15
6596.35333664561  4.780395E-15
6596.41771861896  4.448768E-15
6596.48210059231  4.930749E-15
6596.54648256566  5.860896E-15
6596.61086453902  6.102034E-15
6596.67524651236  7.150977E-15
6596.73962848572  6.862753E-15
6596.80401045907  4.749714E-15
6596.86839243242  5.839338E-15
6596.93277440577  5.608667E-15
6596.99715637912  4.554710E-15
6597.06153835247  4.977526E-15
6597.12592032582  4.273091E-15
6597.19030229917  4.364073E-15
6597.25468427252  5.060921E-15
6597.31906624587  5.484661E-15
6597.38344821922  5.109910E-15
6597.44783019257  5.559754E-15
6597.51221216592  4.152606E-15
6597.57659413927  5.200802E-15
6597.64097611263  4.394892E-15
6597.70535808597  5.201484E-15
6597.76974005933  6.200509E-15
6597.83412203268  5.288543E-15
6597.89850400603  4.964382E-15
6597.96288597938  5.253624E-15
6598.02726795273  5.582822E-15
6598.09164992608  4.328850E-15
6598.15603189943  4.453715E-15
6598.22041387278  4.739586E-15
6598.28479584613  4.339352E-15
6598.34917781948  3.962241E-15
6598.41355979283  3.708611E-15
6598.47794176618  3.971162E-15
6598.54232373953  4.079414E-15
6598.60670571289  3.201180E-15
6598.67108768623  1.164052E-15
6598.73546965958  1.083621E-15
6598.79985163294  -1.207268E-15
6598.86423360629  5.638852E-15
6598.92861557964  5.792334E-15
6598.99299755299  1.922940E-15
6599.05737952634  2.918497E-15
6599.12176149969  5.135441E-15
6599.18614347304  6.317730E-15
6599.25052544639  7.039562E-15
6599.31490741974  5.250230E-15
6599.37928939309  4.378041E-15
6599.44367136644  4.329093E-15
6599.5080533398  4.578870E-15
6599.57243531314  5.331951E-15
6599.63681728649  4.976847E-15
6599.70119925984  5.179379E-15
6599.7655812332  4.495988E-15
6599.82996320655  5.202035E-15
6599.8943451799  5.296787E-15
6599.95872715325  5.791870E-15
6600.0231091266  5.562687E-15
6600.08749109995  5.249471E-15
6600.1518730733  4.329757E-15
6600.21625504665  6.780691E-15
6600.28063702  5.722893E-15
6600.34501899335  6.918147E-15
6600.4094009667  5.928429E-15
6600.47378294005  6.988415E-15
6600.5381649134  4.001962E-15
6600.60254688675  5.231763E-15
6600.66692886011  4.893748E-15
6600.73131083346  4.201025E-15
6600.79569280681  4.965083E-15
6600.86007478016  5.403969E-15
6600.92445675351  5.298715E-15
6600.98883872686  5.472920E-15
6601.05322070021  4.942856E-15
6601.11760267356  4.292251E-15
6601.18198464691  4.786426E-15
6601.24636662026  5.281011E-15
6601.31074859361  5.964153E-15
6601.37513056696  6.555239E-15
6601.43951254031  5.055354E-15
6601.50389451366  5.150978E-15
6601.56827648701  6.028355E-15
6601.63265846037  6.148200E-15
6601.69704043372  6.279310E-15
6601.76142240707  5.095506E-15
6601.82580438042  5.792755E-15
6601.89018635377  4.835753E-15
6601.95456832712  5.035967E-15
6602.01895030047  4.468728E-15
6602.08333227382  5.476684E-15
6602.14771424717  6.240527E-15
6602.21209622052  5.896903E-15
6602.27647819387  5.920046E-15
6602.34086016722  6.648863E-15
6602.40524214057  5.532574E-15
6602.46962411392  6.482619E-15
6602.53400608727  5.327132E-15
6602.59838806063  4.709429E-15
6602.66277003398  6.831772E-15
6602.72715200733  6.159199E-15
6602.79153398068  4.831268E-15
6602.85591595403  5.373095E-15
6602.92029792738  4.698969E-15
6602.98467990073  5.455817E-15
6603.04906187408  5.189762E-15
6603.11344384743  3.931708E-15
6603.17782582078  5.771305E-15
6603.24220779413  5.168356E-15
6603.30658976748  4.336534E-15
6603.37097174083  5.570886E-15
6603.43535371418  4.628992E-15
6603.49973568753  4.884667E-15
6603.56411766088  4.361506E-15
6603.62849963424  5.276233E-15
6603.69288160759  5.993554E-15
6603.75726358094  6.711784E-15
6603.82164555429  5.705113E-15
6603.88602752764  5.532166E-15
6603.95040950099  6.925553E-15
6604.01479147434  7.252787E-15
6604.07917344769  7.115893E-15
6604.14355542104  5.456715E-15
6604.20793739439  6.334929E-15
6604.27231936774  7.306228E-15
6604.33670134109  6.817717E-15
6604.40108331444  6.133282E-15
6604.46546528779  6.218251E-15
6604.52984726115  4.620818E-15
6604.5942292345  6.346394E-15
6604.65861120784  5.629237E-15
6604.7229931812  4.774039E-15
6604.78737515455  5.089937E-15
6604.8517571279  4.428217E-15
6604.91613910125  5.367304E-15
6604.9805210746  6.124456E-15
6605.04490304795  4.782727E-15
6605.1092850213  5.945550E-15
6605.17366699465  6.707186E-15
6605.238048968  4.697688E-15
6605.30243094135  4.703243E-15
6605.3668129147  5.103496E-15
6605.43119488805  5.922767E-15
6605.4955768614  5.163611E-15
6605.55995883475  4.591531E-15
6605.6243408081  3.718208E-15
6605.68872278146  3.773888E-15
6605.75310475481  5.158562E-15
6605.81748672816  6.334369E-15
6605.88186870151  5.440931E-15
6605.94625067486  4.976951E-15
6606.01063264821  6.455144E-15
6606.07501462156  4.812880E-15
6606.13939659491  4.677324E-15
6606.20377856826  3.252174E-15
6606.26816054161  4.233860E-15
6606.33254251496  5.173845E-15
6606.39692448831  4.283677E-15
6606.46130646166  4.579611E-15
6606.52568843501  4.364831E-15
6606.59007040837  6.043832E-15
6606.65445238172  5.308455E-15
6606.71883435507  5.262001E-15
6606.78321632842  5.299416E-15
6606.84759830177  5.710830E-15
6606.91198027512  4.333354E-15
6606.97636224847  4.223198E-15
6607.04074422182  4.790923E-15
6607.10512619517  5.164522E-15
6607.16950816852  5.591653E-15
6607.23389014187  4.339080E-15
6607.29827211522  4.171070E-15
6607.36265408857  3.760504E-15
6607.42703606192  3.293323E-15
6607.49141803527  5.179762E-15
6607.55580000862  4.161412E-15
6607.62018198198  4.209809E-15
6607.68456395533  4.356839E-15
6607.74894592868  5.271986E-15
6607.81332790203  3.200031E-15
6607.87770987538  5.882620E-15
6607.94209184873  6.369898E-15
6608.00647382208  6.296768E-15
6608.07085579543  4.837011E-15
6608.13523776878  4.203030E-15
6608.19961974213  4.661244E-15
6608.26400171548  4.039488E-15
6608.32838368883  3.500969E-15
6608.39276566218  3.976940E-15
6608.45714763553  4.415257E-15
6608.52152960888  5.628400E-15
6608.58591158223  4.360197E-15
6608.65029355559  4.360491E-15
6608.71467552894  4.854414E-15
6608.77905750229  5.473341E-15
6608.84343947564  5.237059E-15
6608.90782144899  5.301029E-15
6608.97220342234  4.921119E-15
6609.03658539569  5.327359E-15
6609.10096736904  4.908523E-15
6609.16534934239  5.578684E-15
6609.22973131574  5.361495E-15
6609.29411328909  3.990144E-15
6609.35849526244  5.689135E-15
6609.42287723579  5.205749E-15
6609.48725920914  5.225876E-15
6609.55164118249  5.156614E-15
6609.61602315585  5.480565E-15
6609.6804051292  4.172284E-15
6609.74478710255  4.259850E-15
6609.8091690759  5.232210E-15
6609.87355104925  5.952602E-15
6609.9379330226  6.061571E-15
6610.00231499595  6.414193E-15
6610.0666969693  6.105842E-15
6610.13107894265  4.282524E-15
6610.195460916  2.584557E-15
6610.25984288935  5.208783E-15
6610.3242248627  4.984387E-15
6610.38860683605  4.787460E-15
6610.4529888094  4.667459E-15
6610.51737078276  5.643412E-15
6610.5817527561  4.583272E-15
6610.64613472946  4.789387E-15
6610.71051670281  5.612499E-15
6610.77489867616  5.416699E-15
6610.83928064951  5.237654E-15
6610.90366262286  5.623232E-15
6610.96804459621  5.293932E-15
6611.03242656956  5.505903E-15
6611.09680854291  5.417463E-15
6611.16119051626  4.515234E-15
6611.22557248961  5.581679E-15
6611.28995446296  4.091192E-15
6611.35433643631  4.490267E-15
6611.41871840966  4.582949E-15
6611.48310038301  4.711256E-15
6611.54748235636  5.536246E-15
6611.61186432971  3.998382E-15
6611.67624630307  5.414649E-15
6611.74062827642  5.625439E-15
6611.80501024977  5.812538E-15
6611.86939222312  6.069410E-15
6611.93377419647  4.138484E-15
6611.99815616982  6.095434E-15
6612.06253814317  4.945089E-15
6612.12692011652  5.035521E-15
6612.19130208987  5.060996E-15
6612.25568406322  4.547274E-15
6612.32006603657  2.923448E-15
6612.38444800992  3.891392E-15
6612.44882998327  4.350712E-15
6612.51321195662  4.641383E-15
6612.57759392998  4.658500E-15
6612.64197590333  5.073652E-15
6612.70635787668  4.545327E-15
6612.77073985003  4.660465E-15
6612.83512182338  5.703675E-15
6612.89950379673  4.539278E-15
6612.96388577008  5.592909E-15
6613.02826774343  6.775723E-15
6613.09264971678  4.266007E-15
6613.15703169013  4.491167E-15
6613.22141366348  4.680982E-15
6613.28579563683  4.660068E-15
6613.35017761019  6.322750E-15
6613.41455958353  4.526848E-15
6613.47894155689  6.852333E-15
6613.54332353024  7.150935E-15
6613.60770550359  3.606947E-15
6613.67208747694  6.057081E-15
6613.73646945029  4.318643E-15
6613.80085142364  5.490538E-15
6613.86523339699  5.810814E-15
6613.92961537034  5.556387E-15
6613.99399734369  5.151305E-15
6614.05837931704  4.509095E-15
6614.12276129039  6.713304E-15
6614.18714326374  4.482945E-15
6614.25152523709  3.529657E-15
6614.31590721044  5.792609E-15
6614.3802891838  6.277631E-15
6614.44467115714  5.129983E-15
6614.5090531305  6.924214E-15
6614.57343510385  6.212994E-15
6614.6378170772  6.971135E-15
6614.70219905055  5.576480E-15
6614.7665810239  6.046626E-15
6614.83096299725  5.795398E-15
6614.8953449706  5.856285E-15
6614.95972694395  5.206335E-15
6615.0241089173  3.082729E-15
6615.08849089065  4.886129E-15
6615.152872864  4.522781E-15
6615.21725483735  6.730486E-15
6615.2816368107  6.960481E-15
6615.34601878405  6.656946E-15
6615.4104007574  4.835599E-15
6615.47478273076  4.696264E-15
6615.53916470411  3.907503E-15
6615.60354667746  3.285239E-15
6615.66792865081  4.839688E-15
6615.73231062416  6.993338E-15
6615.79669259751  5.809957E-15
6615.86107457086  4.114538E-15
6615.92545654421  4.561957E-15
6615.98983851756  4.474552E-15
6616.05422049091  5.603653E-15
6616.11860246426  5.224993E-15
6616.18298443761  5.637588E-15
6616.24736641096  6.159282E-15
6616.31174838431  5.359333E-15
6616.37613035767  5.314943E-15
6616.44051233102  5.720902E-15
6616.50489430437  6.422212E-15
6616.56927627772  5.294556E-15
6616.63365825107  4.364008E-15
6616.69804022442  4.414790E-15
6616.76242219777  5.089198E-15
6616.82680417112  3.584477E-15
6616.89118614447  4.279825E-15
6616.95556811782  4.430234E-15
6617.01995009117  3.780281E-15
6617.08433206452  4.548558E-15
6617.14871403787  5.732926E-15
6617.21309601122  6.613873E-15
6617.27747798457  5.673707E-15
6617.34185995792  3.915391E-15
6617.40624193127  4.249285E-15
6617.47062390463  4.757461E-15
6617.53500587797  6.825406E-15
6617.59938785133  4.848177E-15
6617.66376982468  5.404815E-15
6617.72815179803  4.583193E-15
6617.79253377138  3.789581E-15
6617.85691574473  5.224304E-15
6617.92129771808  5.299078E-15
6617.98567969143  2.456063E-15
6618.05006166478  5.108771E-15
6618.11444363813  2.518178E-15
6618.17882561148  6.643661E-15
6618.24320758483  5.484176E-15
6618.30758955818  5.561883E-15
6618.37197153153  4.678302E-15
6618.43635350489  4.600073E-15
6618.50073547824  4.114739E-15
6618.56511745159  2.500286E-15
6618.62949942494  4.295978E-15
6618.69388139829  4.773052E-15
6618.75826337164  3.813351E-15
6618.82264534499  3.590493E-15
6618.88702731834  3.890648E-15
6618.95140929169  3.808283E-15
6619.01579126504  5.144102E-15
6619.08017323839  2.747560E-15
6619.14455521174  4.024364E-15
6619.20893718509  4.513890E-15
6619.27331915844  2.739869E-15
6619.33770113179  4.641620E-15
6619.40208310515  2.491325E-15
6619.46646507849  4.341672E-15
6619.53084705185  4.937214E-15
6619.5952290252  4.736126E-15
6619.65961099855  2.328765E-15
6619.7239929719  3.524053E-15
6619.78837494525  6.021475E-15
6619.8527569186  4.054471E-15
6619.91713889195  2.437538E-15
6619.9815208653  1.763480E-15
6620.04590283865  3.595103E-15
6620.110284812  5.516093E-15
6620.17466678535  -2.813746E-15
6620.2390487587  2.056808E-15
6620.30343073205  3.664029E-15
6620.3678127054  7.253842E-15
6620.43219467875  5.861313E-15
6620.49657665211  4.920351E-15
6620.56095862546  5.704390E-15
6620.62534059881  2.857100E-15
6620.68972257216  3.785255E-15
6620.75410454551  6.359736E-15
6620.81848651886  7.373767E-15
6620.88286849221  3.442203E-15
6620.94725046556  1.183523E-15
6621.01163243891  6.992518E-15
6621.07601441226  4.003204E-15
6621.14039638561  7.427468E-15
6621.20477835896  2.128852E-15
6621.26916033231  2.698111E-15
6621.33354230566  1.446607E-16
6621.39792427901  3.781308E-15
6621.46230625237  6.630465E-15
6621.52668822572  4.467591E-15
6621.59107019907  6.324476E-15
6621.65545217242  6.753237E-15
6621.71983414577  4.943013E-15
6621.78421611912  3.028495E-15
6621.84859809247  3.510112E-15
6621.91298006582  4.704914E-15
6621.97736203917  3.380292E-15
6622.04174401252  5.147850E-15
6622.10612598587  4.888962E-15
6622.17050795922  6.731716E-15
6622.23488993257  5.433887E-15
6622.29927190593  5.011725E-15
6622.36365387927  5.738590E-15
6622.42803585263  5.072086E-15
6622.49241782598  6.699707E-15
6622.55679979933  5.426692E-15
6622.62118177268  4.839922E-15
6622.68556374603  4.084322E-15
6622.74994571938  3.950045E-15
6622.81432769273  6.155185E-15
6622.87870966608  6.592157E-15
6622.94309163943  3.893783E-15
6623.00747361278  4.466748E-15
6623.07185558613  4.120801E-15
6623.13623755948  4.348739E-15
6623.20061953283  5.640733E-15
6623.26500150618  6.061312E-15
6623.32938347953  4.079974E-15
6623.39376545288  6.485745E-15
6623.45814742623  5.082121E-15
6623.52252939959  6.145783E-15
6623.58691137294  6.048074E-15
6623.65129334629  9.337118E-16
6623.71567531964  5.855373E-15
6623.78005729299  3.242510E-15
6623.84443926634  5.232340E-15
6623.90882123969  4.951544E-15
6623.97320321304  3.883047E-15
6624.03758518639  2.704966E-15
6624.10196715974  3.579763E-15
6624.16634913309  5.075778E-15
6624.23073110644  6.447072E-15
6624.29511307979  3.554029E-15
6624.35949505315  2.813145E-15
6624.4238770265  5.338379E-15
6624.48825899985  5.624119E-15
6624.5526409732  5.951413E-15
6624.61702294655  5.313726E-15
6624.6814049199  4.750797E-15
6624.74578689325  4.009602E-15
6624.8101688666  5.983528E-15
6624.87455083995  5.053493E-15
6624.9389328133  1.281569E-15
6625.00331478665  5.177282E-15
6625.06769676  4.723580E-15
6625.13207873335  4.837237E-15
6625.1964607067  5.089157E-15
6625.26084268005  2.978530E-15
6625.3252246534  1.693232E-15
6625.38960662676  6.277489E-15
6625.45398860011  3.176876E-15
6625.51837057346  7.202417E-15
6625.58275254681  5.007583E-15
6625.64713452016  7.842105E-15
6625.71151649351  7.408995E-15
6625.77589846686  6.923870E-15
6625.84028044021  8.155397E-15
6625.90466241356  6.445166E-15
6625.96904438691  4.430934E-15
6626.03342636026  4.286399E-15
6626.09780833361  1.570335E-15
6626.16219030696  3.483311E-15
6626.22657228031  4.819665E-15
6626.29095425366  7.482710E-15
6626.35533622701  5.558091E-15
6626.41971820037  3.818673E-15
6626.48410017372  2.617763E-15
6626.54848214707  3.883323E-15
6626.61286412042  3.328893E-15
6626.67724609377  3.299525E-15
