4805.3608398438  -2.855060E-14
4805.40865179611  -1.797818E-14
4805.45646374841  1.082053E-14
4805.50427570072  3.367831E-14
4805.55208765302  1.303346E-15
4805.59989960532  -4.434187E-14
4805.64771155763  -1.221736E-14
4805.69552350993  1.215256E-13
4805.74333546223  2.433294E-13
4805.79114741454  5.661628E-14
4805.83895936684  2.278963E-14
4805.88677131914  5.932640E-14
4805.93458327145  -2.773298E-14
4805.98239522375  -5.788631E-14
4806.03020717605  -2.753811E-14
4806.07801912836  1.592141E-14
4806.12583108066  4.415421E-15
4806.17364303297  -4.458156E-14
4806.22145498527  -1.185319E-14
4806.26926693757  4.823527E-14
4806.31707888988  6.806249E-14
4806.36489084218  1.255847E-13
4806.41270279448  -2.161721E-14
4806.46051474679  -2.064458E-14
4806.50832669909  9.226919E-14
4806.55613865139  1.096652E-14
4806.6039506037  8.518702E-14
4806.651762556  4.924448E-14
4806.6995745083  1.034679E-14
4806.74738646061  2.983990E-14
4806.79519841291  1.885437E-14
4806.84301036521  1.761457E-14
4806.89082231752  3.565759E-14
4806.93863426982  -1.219599E-14
4806.98644622212  -2.736904E-14
4807.03425817443  -4.362732E-13
4807.08207012673  -1.348046E-14
4807.12988207903  -4.676619E-15
4807.17769403134  3.454363E-14
4807.22550598364  -3.990463E-13
4807.27331793594  -1.454323E-14
4807.32112988825  -2.836834E-15
4807.36894184055  -2.497720E-14
4807.41675379286  -2.849666E-14
4807.46456574516  7.702476E-14
4807.51237769746  1.140307E-13
4807.56018964977  -4.723946E-14
4807.60800160207  -1.239388E-14
4807.65581355437  4.911181E-14
4807.70362550668  -1.773291E-14
4807.75143745898  2.399692E-14
4807.79924941128  1.068597E-13
4807.84706136358  1.522705E-13
4807.89487331589  1.297931E-13
4807.94268526819  -2.142144E-14
4807.9904972205  -1.360327E-14
4808.0383091728  5.293181E-14
4808.0861211251  7.963235E-14
4808.13393307741  3.354137E-15
4808.18174502971  -5.106600E-14
4808.22955698201  -4.672552E-14
4808.27736893432  1.388937E-15
4808.32518088662  4.128380E-14
4808.37299283892  3.592481E-14
4808.42080479123  -6.450689E-17
4808.46861674353  -3.368040E-14
4808.51642869583  7.888073E-15
4808.56424064814  6.499065E-14
4808.61205260044  2.220833E-14
4808.65986455274  -1.867305E-14
4808.70767650505  -2.603247E-14
4808.75548845735  -3.682221E-14
4808.80330040965  -3.265443E-14
4808.85111236196  1.988525E-14
4808.89892431426  -2.802912E-14
4808.94673626657  -6.241833E-14
4808.99454821887  1.906176E-14
4809.04236017117  3.683276E-14
4809.09017212347  7.815238E-14
4809.13798407578  7.453031E-14
4809.18579602808  6.049635E-14
4809.23360798039  3.447770E-14
4809.28141993269  9.134189E-15
4809.32923188499  1.097522E-14
4809.3770438373  5.796938E-14
4809.4248557896  3.413313E-14
4809.4726677419  -2.605948E-14
4809.52047969421  -3.366632E-14
4809.56829164651  -3.762731E-15
4809.61610359881  1.833145E-14
4809.66391555112  -1.928933E-14
4809.71172750342  1.080779E-14
4809.75953945572  -9.993088E-15
4809.80735140803  -8.359721E-15
4809.85516336033  -1.899875E-14
4809.90297531263  3.938379E-14
4809.95078726494  1.621957E-14
4809.99859921724  -2.414368E-14
4810.04641116954  -2.405355E-14
4810.09422312185  -7.449499E-15
4810.14203507415  -4.190202E-14
4810.18984702646  -6.649436E-14
4810.23765897876  -7.639266E-14
4810.28547093106  -3.613475E-14
4810.33328288336  5.099721E-14
4810.38109483567  1.943153E-14
4810.42890678797  -1.416200E-14
4810.47671874028  5.289982E-14
4810.52453069258  1.714415E-14
4810.57234264488  1.750717E-14
4810.62015459719  1.859647E-14
4810.66796654949  -2.176754E-14
4810.71577850179  -3.046722E-14
4810.7635904541  -1.776737E-14
4810.8114024064  -3.259257E-15
4810.8592143587  -3.234467E-14
4810.90702631101  2.156152E-14
4810.95483826331  7.788461E-14
4811.00265021561  5.456817E-14
4811.05046216792  -1.330276E-14
4811.09827412022  2.307939E-15
4811.14608607252  1.243212E-14
4811.19389802483  -1.094091E-15
4811.24170997713  1.258637E-14
4811.28952192943  -1.647820E-14
4811.33733388174  -1.581210E-14
4811.38514583404  -1.902012E-15
4811.43295778634  5.597619E-15
4811.48076973865  7.650995E-15
4811.52858169095  -1.530676E-14
4811.57639364326  -6.263939E-15
4811.62420559556  -1.195930E-14
4811.67201754786  -3.474339E-15
4811.71982950016  1.879708E-14
4811.76764145247  4.209036E-14
4811.81545340477  3.992184E-14
4811.86326535708  3.658532E-14
4811.91107730938  6.761071E-14
4811.95888926168  3.246441E-14
4812.00670121399  -1.499995E-14
4812.05451316629  -2.670862E-14
4812.10232511859  9.850582E-15
4812.1501370709  1.363223E-15
4812.1979490232  2.333390E-15
4812.2457609755  4.945240E-15
4812.29357292781  -1.580244E-16
4812.34138488011  8.008453E-15
4812.38919683241  1.241281E-14
4812.43700878472  1.636438E-14
4812.48482073702  -1.151121E-14
4812.53263268932  1.421568E-14
4812.58044464163  -7.255818E-15
4812.62825659393  -8.754324E-15
4812.67606854623  7.559092E-15
4812.72388049854  1.325815E-14
4812.77169245084  1.429283E-14
4812.81950440314  8.092045E-15
4812.86731635545  4.834613E-15
4812.91512830775  -2.265874E-14
4812.96294026006  2.446286E-15
4813.01075221236  6.559064E-15
4813.05856416466  -1.747620E-14
4813.10637611696  4.198695E-14
4813.15418806927  7.694485E-15
4813.20200002157  -3.993009E-16
4813.24981197388  9.218338E-15
4813.29762392618  1.955919E-15
4813.34543587848  1.146684E-14
4813.39324783079  -5.107441E-15
4813.44105978309  -1.874004E-14
4813.48887173539  -1.592205E-14
4813.5366836877  -1.802369E-14
4813.58449564  -2.109400E-14
4813.6323075923  -1.373580E-14
4813.68011954461  -1.269737E-14
4813.72793149691  1.697371E-14
4813.77574344921  -3.578769E-14
4813.82355540152  -1.190365E-14
4813.87136735382  7.035665E-15
4813.91917930612  2.399301E-14
4813.96699125843  3.915546E-14
4814.01480321073  9.061724E-15
4814.06261516304  6.612579E-15
4814.11042711534  1.406153E-14
4814.15823906764  -1.036070E-15
4814.20605101995  5.162208E-15
4814.25386297225  6.359420E-16
4814.30167492455  -1.097565E-14
4814.34948687686  -7.911211E-15
4814.39729882916  -1.346576E-14
4814.44511078146  -7.343098E-15
4814.49292273377  3.780933E-14
4814.54073468607  3.306929E-14
4814.58854663837  9.791130E-15
4814.63635859068  1.192713E-14
4814.68417054298  5.037687E-15
4814.73198249528  5.011464E-15
4814.77979444759  1.190242E-14
4814.82760639989  2.746688E-14
4814.87541835219  7.406707E-15
4814.9232303045  7.007194E-15
4814.9710422568  1.726590E-14
4815.0188542091  1.337667E-14
4815.06666616141  -1.151714E-14
4815.11447811371  -4.224033E-15
4815.16229006602  4.183901E-14
4815.21010201832  1.802596E-14
4815.25791397062  -3.944524E-15
4815.30572592292  -1.678535E-15
4815.35353787523  -3.071050E-15
4815.40134982753  6.550673E-15
4815.44916177984  2.256985E-15
4815.49697373214  1.754931E-14
4815.54478568444  -3.296797E-15
4815.59259763675  4.321062E-14
4815.64040958905  2.412490E-14
4815.68822154135  1.730737E-14
4815.73603349365  1.057336E-14
4815.78384544596  5.867005E-15
4815.83165739826  2.057711E-14
4815.87946935057  4.023669E-16
4815.92728130287  -6.299625E-16
4815.97509325517  -1.359145E-14
4816.02290520748  4.834276E-15
4816.07071715978  8.549222E-15
4816.11852911208  1.585287E-14
4816.16634106439  -9.404886E-15
4816.21415301669  -1.546743E-14
4816.26196496899  -7.127295E-15
4816.3097769213  -3.758902E-15
4816.3575888736  4.050662E-15
4816.4054008259  7.820271E-15
4816.45321277821  -1.134221E-13
4816.50102473051  1.638615E-14
4816.54883668281  1.196279E-14
4816.59664863512  1.268144E-14
4816.64446058742  1.742817E-14
4816.69227253972  -4.079979E-14
4816.74008449203  3.090775E-14
4816.78789644433  2.200807E-13
4816.83570839664  -3.079202E-14
4816.88352034894  -3.561126E-14
4816.93133230124  3.135180E-15
4816.97914425354  8.492442E-15
4817.02695620585  2.688198E-15
4817.07476815815  -1.261704E-15
4817.12258011046  1.342029E-15
4817.17039206276  -1.703949E-16
4817.21820401506  -3.570564E-15
4817.26601596737  -1.257296E-14
4817.31382791967  1.573881E-15
4817.36163987197  8.723292E-16
4817.40945182428  -3.153690E-15
4817.45726377658  -5.646281E-15
4817.50507572888  9.440057E-15
4817.55288768119  1.124854E-14
4817.60069963349  1.296740E-14
4817.64851158579  2.074195E-14
4817.6963235381  -3.020862E-15
4817.7441354904  6.979975E-15
4817.7919474427  1.247694E-14
4817.83975939501  9.150771E-15
4817.88757134731  -3.826792E-15
4817.93538329961  6.736203E-15
4817.98319525192  2.035359E-14
4818.03100720422  1.009628E-14
4818.07881915653  -9.509301E-15
4818.12663110883  7.483441E-15
4818.17444306113  5.406957E-15
4818.22225501344  1.497041E-15
4818.27006696574  1.042338E-14
4818.31787891804  1.610793E-14
4818.36569087035  1.464858E-15
4818.41350282265  -4.952632E-15
4818.46131477495  -1.510445E-15
4818.50912672726  8.492252E-15
4818.55693867956  3.295151E-15
4818.60475063186  -6.930938E-15
4818.65256258417  3.291440E-15
4818.70037453647  1.435565E-14
4818.74818648877  1.124015E-14
4818.79599844108  3.162538E-15
4818.84381039338  8.392114E-15
4818.89162234568  1.879485E-14
4818.93943429799  5.958684E-15
4818.98724625029  -2.562076E-15
4819.03505820259  1.138223E-14
4819.0828701549  -1.937209E-15
4819.1306821072  1.282453E-15
4819.1784940595  1.435709E-14
4819.22630601181  1.174746E-14
4819.27411796411  -5.937084E-16
4819.32192991641  1.288601E-15
4819.36974186872  -7.185522E-15
4819.41755382102  -3.493274E-15
4819.46536577332  -8.048296E-16
4819.51317772563  6.960472E-15
4819.56098967793  -9.019688E-15
4819.60880163024  5.404406E-15
4819.65661358254  2.016153E-15
4819.70442553484  7.851288E-15
4819.75223748715  1.009605E-14
4819.80004943945  1.102762E-14
4819.84786139175  1.483267E-14
4819.89567334406  7.689586E-15
4819.94348529636  9.105710E-15
4819.99129724866  4.456544E-15
4820.03910920097  8.736733E-15
4820.08692115327  1.911403E-14
4820.13473310557  1.370717E-14
4820.18254505788  1.198922E-14
4820.23035701018  1.037892E-14
4820.27816896248  2.755419E-15
4820.32598091479  9.411036E-15
4820.37379286709  -1.004327E-16
4820.42160481939  1.076720E-15
4820.4694167717  5.118532E-15
4820.517228724  9.623364E-15
4820.5650406763  2.675390E-15
4820.61285262861  -3.290021E-15
4820.66066458091  -6.047023E-16
4820.70847653321  1.094161E-15
4820.75628848552  4.111326E-15
4820.80410043782  -6.495869E-15
4820.85191239012  -3.204097E-15
4820.89972434243  -8.253168E-15
4820.94753629473  -3.699065E-15
4820.99534824704  1.539881E-14
4821.04316019934  2.024809E-14
4821.09097215164  5.551164E-15
4821.13878410395  1.068630E-14
4821.18659605625  1.461487E-14
4821.23440800855  6.563013E-15
4821.28221996086  2.508657E-15
4821.33003191316  7.264851E-15
4821.37784386546  1.712343E-14
4821.42565581777  9.299744E-15
4821.47346777007  1.619737E-15
4821.52127972237  1.449466E-14
4821.56909167468  9.334690E-15
4821.61690362698  5.635952E-15
4821.66471557928  1.305828E-14
4821.71252753159  6.787287E-15
4821.76033948389  -3.842278E-15
4821.80815143619  -7.730120E-15
4821.8559633885  7.743024E-15
4821.9037753408  2.391569E-15
4821.95158729311  1.865450E-15
4821.99939924541  1.160064E-14
4822.04721119771  6.217275E-15
4822.09502315002  1.245469E-14
4822.14283510232  8.575970E-15
4822.19064705462  -2.758144E-15
4822.23845900692  2.267767E-15
4822.28627095923  2.591014E-15
4822.33408291153  5.451124E-15
4822.38189486383  2.249189E-15
4822.42970681614  6.929260E-15
4822.47751876844  2.259999E-15
4822.52533072075  -1.152377E-14
4822.57314267305  -2.671754E-16
4822.62095462535  1.097412E-14
4822.66876657766  9.640971E-15
4822.71657852996  -8.611439E-17
4822.76439048226  6.105605E-15
4822.81220243457  8.699753E-15
4822.86001438687  9.752466E-15
4822.90782633917  1.157493E-14
4822.95563829148  1.631420E-15
4823.00345024378  4.033259E-15
4823.05126219608  1.033022E-14
4823.09907414839  5.611180E-15
4823.14688610069  3.915728E-15
4823.194698053  1.833400E-15
4823.2425100053  4.901052E-15
4823.2903219576  3.719873E-15
4823.33813390991  9.350830E-15
4823.38594586221  1.227181E-14
4823.43375781451  8.104847E-15
4823.48156976682  8.877338E-15
4823.52938171912  1.542137E-14
4823.57719367142  1.132133E-14
4823.62500562373  6.819773E-15
4823.67281757603  8.527477E-15
4823.72062952833  1.747889E-15
4823.76844148064  6.078401E-15
4823.81625343294  4.569233E-15
4823.86406538524  -5.019541E-15
4823.91187733755  5.803831E-15
4823.95968928985  5.620347E-15
4824.00750124215  1.356676E-14
4824.05531319446  9.219180E-15
4824.10312514676  1.341897E-14
4824.15093709906  1.032316E-14
4824.19874905137  8.428998E-15
4824.24656100367  1.697010E-14
4824.29437295597  1.935650E-14
4824.34218490828  1.034561E-14
4824.38999686058  9.192512E-15
4824.43780881288  1.721140E-14
4824.48562076519  1.690050E-14
4824.53343271749  9.544227E-15
4824.5812446698  4.404993E-15
4824.6290566221  1.308427E-14
4824.6768685744  1.411125E-14
4824.72468052671  2.151882E-15
4824.77249247901  4.757871E-15
4824.82030443131  7.106160E-15
4824.86811638361  4.289145E-15
4824.91592833592  5.477817E-15
4824.96374028822  8.528205E-15
4825.01155224053  1.065767E-14
4825.05936419283  6.862124E-15
4825.10717614513  9.432426E-15
4825.15498809744  1.158429E-14
4825.20280004974  4.718301E-15
4825.25061200204  6.305978E-15
4825.29842395435  3.767608E-15
4825.34623590665  2.027371E-15
4825.39404785895  3.640937E-15
4825.44185981126  8.568773E-15
4825.48967176356  9.933361E-15
4825.53748371586  1.079574E-14
4825.58529566817  7.006168E-15
4825.63310762047  8.710278E-15
4825.68091957277  5.341168E-15
4825.72873152508  5.126089E-16
4825.77654347738  3.621687E-16
4825.82435542969  6.983346E-15
4825.87216738199  7.167091E-15
4825.91997933429  5.172222E-15
4825.9677912866  7.766336E-15
4826.0156032389  7.998596E-15
4826.0634151912  3.328074E-15
4826.1112271435  3.047554E-15
4826.15903909581  7.940119E-15
4826.20685104811  -5.350025E-16
4826.25466300041  5.164896E-15
4826.30247495272  3.266665E-15
4826.35028690502  1.366715E-15
4826.39809885733  1.308339E-14
4826.44591080963  1.312882E-14
4826.49372276193  4.627895E-15
4826.54153471424  6.101736E-15
4826.58934666654  7.454834E-15
4826.63715861884  7.366017E-15
4826.68497057115  9.183557E-15
4826.73278252345  6.742976E-15
4826.78059447575  3.144358E-15
4826.82840642806  5.574526E-15
4826.87621838036  3.650920E-15
4826.92403033266  1.018787E-14
4826.97184228497  1.260499E-14
4827.01965423727  8.553593E-15
4827.06746618957  4.762874E-15
4827.11527814188  2.152090E-15
4827.16309009418  4.607372E-15
4827.21090204648  6.761878E-15
4827.25871399879  1.038792E-14
4827.30652595109  6.193904E-15
4827.3543379034  7.059702E-15
4827.4021498557  8.610784E-15
4827.449961808  6.598969E-15
4827.49777376031  5.550969E-15
4827.54558571261  3.522177E-15
4827.59339766491  2.775478E-15
4827.64120961722  2.542059E-15
4827.68902156952  3.217189E-15
4827.73683352182  5.721711E-15
4827.78464547413  7.614329E-15
4827.83245742643  3.612377E-15
4827.88026937873  4.214376E-15
4827.92808133104  2.056491E-15
4827.97589328334  1.466608E-15
4828.02370523564  9.315142E-15
4828.07151718795  7.664238E-15
4828.11932914025  7.659487E-15
4828.16714109255  6.225879E-15
4828.21495304486  4.091897E-15
4828.26276499716  2.248772E-15
4828.31057694946  3.364151E-15
4828.35838890177  9.489042E-15
4828.40620085407  3.160012E-15
4828.45401280637  9.319963E-15
4828.50182475868  9.033049E-15
4828.54963671098  4.698950E-15
4828.59744866328  8.885075E-15
4828.64526061559  5.859231E-15
4828.69307256789  1.093796E-14
4828.7408845202  1.164919E-14
4828.7886964725  3.347103E-16
4828.8365084248  1.511293E-15
4828.88432037711  9.124645E-15
4828.93213232941  7.046398E-15
4828.97994428171  7.307121E-15
4829.02775623402  1.291166E-14
4829.07556818632  7.253440E-15
4829.12338013862  1.860341E-15
4829.17119209093  5.399563E-15
4829.21900404323  1.442089E-15
4829.26681599553  2.752440E-15
4829.31462794784  3.908665E-15
4829.36243990014  8.199743E-15
4829.41025185244  7.893717E-15
4829.45806380475  7.168580E-15
4829.50587575705  8.198532E-15
4829.55368770935  3.432110E-15
4829.60149966166  7.002055E-15
4829.64931161396  2.210668E-15
4829.69712356626  3.032226E-15
4829.74493551857  8.454630E-15
4829.79274747087  3.273568E-15
4829.84055942317  5.435695E-15
4829.88837137548  7.947337E-15
4829.93618332778  9.734480E-15
4829.98399528008  7.809538E-15
4830.03180723239  3.400282E-15
4830.07961918469  7.756411E-16
4830.127431137  6.384680E-17
4830.1752430893  6.253451E-15
4830.2230550416  7.028682E-15
4830.27086699391  6.613164E-15
4830.31867894621  9.007341E-15
4830.36649089851  5.481815E-15
4830.41430285082  8.126335E-15
4830.46211480312  7.982491E-15
4830.50992675542  8.610972E-15
4830.55773870773  8.323070E-15
4830.60555066003  6.906163E-15
4830.65336261233  3.972494E-15
4830.70117456464  7.014567E-15
4830.74898651694  9.195014E-15
4830.79679846924  4.710190E-15
4830.84461042155  7.690131E-15
4830.89242237385  7.165691E-15
4830.94023432616  4.556041E-15
4830.98804627846  6.802731E-15
4831.03585823076  8.243057E-15
4831.08367018306  8.786925E-15
4831.13148213537  8.864440E-15
4831.17929408767  8.968341E-15
4831.22710603998  5.943936E-15
4831.27491799228  7.030844E-15
4831.32272994458  9.131559E-15
4831.37054189689  4.937878E-15
4831.41835384919  3.601670E-15
4831.46616580149  2.915887E-15
4831.5139777538  4.348574E-15
4831.5617897061  6.592858E-15
4831.6096016584  5.577250E-15
4831.65741361071  5.037152E-15
4831.70522556301  9.061030E-15
4831.75303751531  5.536920E-15
4831.80084946762  6.306799E-15
4831.84866141992  7.007396E-15
4831.89647337222  3.935365E-15
4831.94428532453  7.167417E-15
4831.99209727683  8.079970E-15
4832.03990922913  4.883886E-15
4832.08772118144  2.491426E-15
4832.13553313374  4.322090E-15
4832.18334508604  8.322091E-15
4832.23115703835  9.458634E-15
4832.27896899065  6.691408E-15
4832.32678094296  6.231876E-15
4832.37459289526  9.024277E-15
4832.42240484756  7.459962E-15
4832.47021679986  5.198527E-15
4832.51802875217  5.695889E-15
4832.56584070447  2.422693E-15
4832.61365265678  5.629419E-15
4832.66146460908  7.359481E-15
4832.70927656138  6.234706E-15
4832.75708851369  5.328583E-15
4832.80490046599  4.206122E-15
4832.85271241829  6.187597E-15
4832.9005243706  8.698009E-15
4832.9483363229  9.733279E-15
4832.9961482752  6.104900E-15
4833.04396022751  4.932741E-15
4833.09177217981  5.568411E-15
4833.13958413211  5.234317E-15
4833.18739608442  6.229071E-15
4833.23520803672  2.574664E-15
4833.28301998902  5.736853E-15
4833.33083194133  4.732881E-15
4833.37864389363  6.832500E-15
4833.42645584593  6.495689E-15
4833.47426779824  5.441037E-15
4833.52207975054  8.310922E-15
4833.56989170284  7.664310E-15
4833.61770365515  5.447032E-15
4833.66551560745  8.093165E-15
4833.71332755976  6.181507E-15
4833.76113951206  5.721727E-15
4833.80895146436  3.919885E-15
4833.85676341666  6.306037E-15
4833.90457536897  6.669667E-15
4833.95238732127  7.489519E-15
4834.00019927357  6.172878E-15
4834.04801122588  5.735706E-15
4834.09582317818  7.868370E-15
4834.14363513049  6.428900E-15
4834.19144708279  9.627359E-15
4834.23925903509  6.636671E-15
4834.2870709874  5.605750E-15
4834.3348829397  6.141702E-15
4834.382694892  4.633346E-15
4834.43050684431  5.946057E-15
4834.47831879661  7.352330E-15
4834.52613074891  6.757942E-15
4834.57394270122  4.542153E-15
4834.62175465352  6.758319E-15
4834.66956660582  3.435274E-15
4834.71737855813  1.468206E-15
4834.76519051043  3.507686E-15
4834.81300246273  3.880056E-15
4834.86081441504  3.361283E-15
4834.90862636734  7.904211E-16
4834.95643831964  1.153854E-15
4835.00425027195  3.016196E-15
4835.05206222425  3.987810E-15
4835.09987417656  5.391746E-15
4835.14768612886  6.292503E-15
4835.19549808116  4.995007E-15
4835.24331003347  2.509928E-15
4835.29112198577  4.400301E-15
4835.33893393807  5.461957E-15
4835.38674589038  5.141207E-15
4835.43455784268  7.684161E-15
4835.48236979498  8.399629E-15
4835.53018174729  7.459962E-15
4835.57799369959  6.772968E-15
4835.62580565189  8.369159E-15
4835.6736176042  3.725730E-15
4835.7214295565  5.328822E-15
4835.7692415088  5.102354E-15
4835.81705346111  4.820971E-15
4835.86486541341  7.551930E-15
4835.91267736571  3.446048E-15
4835.96048931802  2.763493E-15
4836.00830127032  3.762332E-15
4836.05611322262  7.714165E-15
4836.10392517493  7.822899E-15
4836.15173712723  6.571321E-15
4836.19954907953  4.876671E-15
4836.24736103184  1.395669E-15
4836.29517298414  3.609112E-15
4836.34298493644  1.044961E-14
4836.39079688875  6.798819E-15
4836.43860884105  4.550271E-15
4836.48642079335  7.509815E-15
4836.53423274566  9.004145E-15
4836.58204469796  8.942453E-15
4836.62985665027  8.233630E-15
4836.67766860257  3.580550E-15
4836.72548055487  5.316335E-15
4836.77329250718  3.824564E-15
4836.82110445948  3.877411E-15
4836.86891641178  -8.479566E-15
4836.91672836409  4.041521E-15
4836.96454031639  5.512271E-15
4837.01235226869  6.275525E-15
4837.060164221  -1.669008E-15
4837.1079761733  2.184340E-15
4837.1557881256  2.478758E-15
4837.20360007791  3.192215E-15
4837.25141203021  2.295159E-15
4837.29922398251  4.041522E-15
4837.34703593482  2.698564E-15
4837.39484788712  1.903819E-15
4837.44265983942  5.502717E-15
4837.49047179173  3.005240E-15
4837.53828374403  5.298136E-15
4837.58609569633  5.064528E-15
4837.63390764864  2.321477E-15
4837.68171960094  5.626151E-15
4837.72953155324  7.843412E-15
4837.77734350555  8.413910E-15
4837.82515545785  3.682572E-15
4837.87296741015  2.518884E-15
4837.92077936246  3.619432E-15
4837.96859131476  6.780333E-15
4838.01640326707  6.770017E-15
4838.06421521937  3.064410E-15
4838.11202717167  3.062118E-15
4838.15983912398  7.907267E-15
4838.20765107628  4.260722E-15
4838.25546302858  6.056892E-15
4838.30327498089  8.240540E-15
4838.35108693319  8.273431E-15
4838.39889888549  7.871781E-15
4838.4467108378  6.792079E-15
4838.4945227901  4.169045E-15
4838.5423347424  4.833019E-15
4838.59014669471  4.801125E-15
4838.63795864701  5.216878E-15
4838.68577059931  4.090842E-15
4838.73358255162  1.724864E-15
4838.78139450392  2.600275E-15
4838.82920645622  5.262271E-15
4838.87701840853  7.703139E-15
4838.92483036083  5.555383E-15
4838.97264231314  6.650472E-15
4839.02045426544  6.438155E-15
4839.06826621774  6.791518E-15
4839.11607817005  4.148333E-15
4839.16389012235  4.957409E-15
4839.21170207465  7.629342E-15
4839.25951402696  4.986909E-15
4839.30732597926  1.069995E-15
4839.35513793156  -3.016659E-16
4839.40294988387  -7.412065E-16
4839.45076183617  1.155110E-14
4839.49857378847  1.144609E-14
4839.54638574078  8.464122E-15
4839.59419769308  6.930102E-15
4839.64200964538  2.513033E-15
4839.68982159769  3.952094E-15
4839.73763354999  -6.775554E-16
4839.78544550229  -4.158250E-17
4839.8332574546  7.232694E-15
4839.8810694069  7.474401E-15
4839.9288813592  9.071297E-15
4839.97669331151  7.420989E-15
4840.02450526381  2.740252E-15
4840.07231721611  5.497524E-15
4840.12012916842  4.505037E-15
4840.16794112072  4.347476E-15
4840.21575307302  4.234669E-15
4840.26356502533  3.548653E-15
4840.31137697763  2.124870E-15
4840.35918892994  3.721016E-15
4840.40700088224  6.429924E-15
4840.45481283454  5.920869E-15
4840.50262478685  3.243723E-15
4840.55043673915  4.533607E-15
4840.59824869145  1.311015E-15
4840.64606064376  4.322345E-15
4840.69387259606  7.427121E-15
4840.74168454836  4.845309E-15
4840.78949650067  5.154018E-15
4840.83730845297  6.295017E-15
4840.88512040527  5.682285E-15
4840.93293235758  5.714214E-15
4840.98074430988  4.207857E-15
4841.02855626218  4.982936E-15
4841.07636821449  4.065640E-15
4841.12418016679  3.312247E-15
4841.17199211909  3.573675E-15
4841.2198040714  5.320371E-15
4841.2676160237  4.195419E-15
4841.315427976  2.870775E-15
4841.36323992831  4.882728E-15
4841.41105188061  1.887968E-15
4841.45886383291  4.252188E-15
4841.50667578522  4.591821E-15
4841.55448773752  3.747488E-15
4841.60229968982  4.527561E-15
4841.65011164213  5.172733E-15
4841.69792359443  6.303929E-15
4841.74573554674  6.532357E-15
4841.79354749904  5.465211E-15
4841.84135945134  6.319994E-15
4841.88917140364  4.725120E-15
4841.93698335595  3.283469E-15
4841.98479530825  2.982754E-15
4842.03260726056  3.818429E-15
4842.08041921286  3.658591E-15
4842.12823116516  4.255524E-15
4842.17604311747  4.753643E-15
4842.22385506977  4.327313E-15
4842.27166702207  4.635775E-15
4842.31947897438  6.296240E-15
4842.36729092668  3.443967E-15
4842.41510287898  1.257328E-15
4842.46291483129  3.361867E-15
4842.51072678359  5.139826E-15
4842.55853873589  8.452566E-15
4842.6063506882  8.218296E-15
4842.6541626405  4.132737E-15
4842.7019745928  5.490761E-15
4842.74978654511  4.893187E-15
4842.79759849741  6.974699E-15
4842.84541044972  5.678976E-15
4842.89322240202  4.760342E-15
4842.94103435432  6.608001E-15
4842.98884630663  5.390771E-15
4843.03665825893  7.744061E-15
4843.08447021123  9.144142E-15
4843.13228216354  4.369439E-15
4843.18009411584  3.922151E-15
4843.22790606814  4.376105E-15
4843.27571802045  5.252110E-15
4843.32352997275  8.491619E-15
4843.37134192505  6.001429E-15
4843.41915387736  4.365560E-15
4843.46696582966  4.764304E-15
4843.51477778196  4.956394E-15
4843.56258973427  3.641966E-15
4843.61040168657  5.112044E-15
4843.65821363887  5.524380E-15
4843.70602559118  6.643490E-15
4843.75383754348  2.733440E-15
4843.80164949578  4.168014E-15
4843.84946144809  3.563803E-15
4843.89727340039  5.968843E-15
4843.94508535269  5.676872E-15
4843.992897305  3.422645E-15
4844.0407092573  3.871022E-15
4844.0885212096  3.329542E-15
4844.13633316191  4.168322E-15
4844.18414511421  2.339828E-15
4844.23195706651  5.239946E-15
4844.27976901882  4.549223E-15
4844.32758097112  4.773856E-15
4844.37539292343  4.390265E-15
4844.42320487573  4.808104E-15
4844.47101682803  4.308071E-15
4844.51882878034  2.262699E-15
4844.56664073264  2.654736E-15
4844.61445268494  2.002195E-15
4844.66226463725  4.335351E-15
4844.71007658955  3.740952E-15
4844.75788854185  3.427978E-15
4844.80570049416  5.187766E-15
4844.85351244646  5.738991E-15
4844.90132439876  3.139854E-15
4844.94913635107  4.849160E-15
4844.99694830337  5.443868E-15
4845.04476025567  4.664273E-15
4845.09257220798  5.905614E-15
4845.14038416028  4.688684E-15
4845.18819611258  2.357730E-15
4845.23600806489  4.515702E-15
4845.28382001719  3.796458E-15
4845.33163196949  2.442727E-15
4845.3794439218  6.276014E-15
4845.4272558741  5.422865E-15
4845.4750678264  3.919922E-15
4845.52287977871  3.257509E-15
4845.57069173101  4.195629E-15
4845.61850368331  4.465470E-15
4845.66631563562  6.657259E-15
4845.71412758792  4.513481E-15
4845.76193954023  3.130471E-15
4845.80975149253  3.974750E-15
4845.85756344483  5.323660E-15
4845.90537539714  5.362207E-15
4845.95318734944  3.678398E-15
4846.00099930174  2.606069E-15
4846.04881125405  3.037833E-15
4846.09662320635  4.960715E-15
4846.14443515865  4.432015E-15
4846.19224711096  4.892248E-15
4846.24005906326  4.474534E-15
4846.28787101556  2.535433E-15
4846.33568296787  5.232660E-15
4846.38349492017  4.266506E-15
4846.43130687247  4.862936E-15
4846.47911882478  5.879834E-15
4846.52693077708  5.790419E-15
4846.57474272938  5.523641E-15
4846.62255468169  4.101059E-15
4846.67036663399  3.866430E-15
4846.7181785863  2.937917E-15
4846.7659905386  2.997665E-15
4846.8138024909  5.645635E-15
4846.86161444321  4.802988E-15
4846.90942639551  8.362055E-15
4846.95723834781  5.710974E-15
4847.00505030012  2.865971E-15
4847.05286225242  4.471031E-15
4847.10067420472  5.954164E-15
4847.14848615703  4.341079E-15
4847.19629810933  5.024578E-15
4847.24411006163  6.730031E-15
4847.29192201394  4.564610E-15
4847.33973396624  6.070744E-15
4847.38754591854  5.314094E-15
4847.43535787085  7.290706E-15
4847.48316982315  4.683378E-15
4847.53098177545  6.075797E-15
4847.57879372776  6.605078E-15
4847.62660568006  8.121129E-15
4847.67441763236  6.720519E-15
4847.72222958467  5.107917E-15
4847.77004153697  2.820629E-15
4847.81785348927  5.268471E-15
4847.86566544158  6.903383E-15
4847.91347739388  2.981091E-15
4847.96128934618  2.581874E-15
4848.00910129849  6.517813E-15
4848.05691325079  4.976326E-15
4848.1047252031  4.681437E-15
4848.1525371554  1.756731E-15
4848.2003491077  4.311579E-15
4848.24816106001  3.443251E-15
4848.29597301231  5.667198E-15
4848.34378496461  5.340068E-15
4848.39159691692  6.312539E-15
4848.43940886922  6.697165E-15
4848.48722082152  5.184252E-15
4848.53503277383  2.724328E-15
4848.58284472613  5.410564E-15
4848.63065667843  6.546526E-15
4848.67846863074  8.482373E-15
4848.72628058304  4.272147E-15
4848.77409253534  6.214847E-15
4848.82190448765  3.271745E-15
4848.86971643995  3.538110E-15
4848.91752839225  4.750821E-15
4848.96534034456  6.547227E-15
4849.01315229686  6.105727E-15
4849.06096424916  6.642661E-15
4849.10877620147  6.092865E-15
4849.15658815377  2.612125E-15
4849.20440010607  2.133251E-15
4849.25221205838  3.665348E-15
4849.30002401068  3.520026E-15
4849.34783596298  5.821123E-15
4849.39564791529  6.813575E-15
4849.44345986759  8.514356E-15
4849.4912718199  8.438886E-15
4849.5390837722  7.316988E-15
4849.5868957245  6.907349E-15
4849.63470767681  1.137450E-14
4849.68251962911  1.297770E-14
4849.73033158141  1.132590E-14
4849.77814353372  8.160752E-15
4849.82595548602  7.947286E-15
4849.87376743832  7.552289E-15
4849.92157939063  1.111200E-14
4849.96939134293  1.761631E-14
4850.01720329523  1.410055E-14
4850.06501524754  1.644194E-14
4850.11282719984  1.552897E-14
4850.16063915214  1.799981E-14
4850.20845110445  1.571035E-14
4850.25626305675  1.502974E-14
4850.30407500905  1.349453E-14
4850.35188696136  1.531835E-14
4850.39969891366  1.311659E-14
4850.44751086596  9.428929E-15
4850.49532281827  1.045055E-14
4850.54313477057  9.448696E-15
4850.59094672288  9.764311E-15
4850.63875867518  1.023585E-14
4850.68657062748  9.469790E-15
4850.73438257979  1.143231E-14
4850.78219453209  1.387394E-14
4850.83000648439  1.065556E-14
4850.8778184367  9.803786E-15
4850.925630389  9.832307E-15
4850.9734423413  7.373493E-15
4851.0212542936  6.544613E-15
4851.06906624591  4.946850E-15
4851.11687819821  7.403039E-15
4851.16469015052  7.108132E-15
4851.21250210282  6.012336E-15
4851.26031405512  7.064399E-15
4851.30812600743  5.433403E-15
4851.35593795973  3.759966E-15
4851.40374991203  4.558206E-15
4851.45156186434  5.564768E-15
4851.49937381664  8.753604E-15
4851.54718576894  9.086524E-15
4851.59499772125  4.148917E-15
4851.64280967355  6.651228E-15
4851.69062162585  9.366536E-15
4851.73843357816  6.498100E-15
4851.78624553046  4.516040E-15
4851.83405748276  3.953814E-15
4851.88186943507  1.366248E-15
4851.92968138737  4.107858E-15
4851.97749333967  3.259264E-15
4852.02530529198  5.944219E-15
4852.07311724428  6.218629E-15
4852.12092919659  7.965426E-15
4852.16874114889  4.669083E-15
4852.21655310119  4.473402E-15
4852.2643650535  7.700312E-15
4852.3121770058  6.845117E-15
4852.3599889581  5.779709E-15
4852.40780091041  5.550188E-15
4852.45561286271  8.860087E-15
4852.50342481501  6.777146E-15
4852.55123676732  6.822118E-15
4852.59904871962  5.683679E-15
4852.64686067192  5.825276E-15
4852.69467262423  4.720491E-15
4852.74248457653  4.942549E-15
4852.79029652883  5.262306E-15
4852.83810848114  6.157021E-15
4852.88592043344  8.196051E-15
4852.93373238574  8.247113E-15
4852.98154433805  6.353914E-15
4853.02935629035  5.965985E-15
4853.07716824265  4.264154E-15
4853.12498019496  5.093830E-15
4853.17279214726  4.971976E-15
4853.22060409956  4.763711E-15
4853.26841605187  4.454338E-15
4853.31622800417  4.096472E-15
4853.36403995647  7.224007E-15
4853.41185190878  7.272922E-15
4853.45966386108  5.000358E-15
4853.50747581339  5.746752E-15
4853.55528776569  6.084820E-15
4853.60309971799  5.218830E-15
4853.6509116703  5.803881E-15
4853.6987236226  5.283849E-15
4853.7465355749  4.720831E-15
4853.79434752721  5.134847E-15
4853.84215947951  7.388324E-15
4853.88997143181  7.487460E-15
4853.93778338412  7.018709E-15
4853.98559533642  5.443752E-15
4854.03340728872  4.102093E-15
4854.08121924103  6.905428E-15
4854.12903119333  6.698887E-15
4854.17684314563  7.108782E-15
4854.22465509794  5.897061E-15
4854.27246705024  5.005387E-15
4854.32027900254  5.225421E-15
4854.36809095485  3.875899E-15
4854.41590290715  6.100003E-15
4854.46371485945  4.482053E-15
4854.51152681176  3.687144E-15
4854.55933876406  5.568562E-15
4854.60715071637  3.174405E-15
4854.65496266867  2.871970E-15
4854.70277462097  1.450828E-15
4854.75058657327  4.105085E-15
4854.79839852558  2.366274E-15
4854.84621047788  4.239419E-15
4854.89402243019  5.475950E-16
4854.94183438249  5.220266E-15
4854.98964633479  3.849130E-15
4855.0374582871  7.098409E-15
4855.0852702394  5.918520E-15
4855.1330821917  8.252229E-15
4855.18089414401  1.040200E-14
4855.22870609631  8.658806E-15
4855.27651804861  1.090760E-14
4855.32433000092  8.222622E-15
4855.37214195322  5.311105E-15
4855.41995390552  3.616954E-15
4855.46776585783  9.026774E-15
4855.51557781013  9.019795E-15
4855.56338976243  5.971028E-15
4855.61120171474  8.030630E-15
4855.65901366704  9.890456E-15
4855.70682561934  7.241684E-15
4855.75463757165  5.575644E-15
4855.80244952395  2.087372E-15
4855.85026147625  3.185812E-15
4855.89807342856  6.852496E-15
4855.94588538086  3.071065E-15
4855.99369733317  4.716975E-15
4856.04150928547  2.292827E-15
4856.08932123777  7.413089E-15
4856.13713319008  8.499958E-15
4856.18494514238  4.833890E-15
4856.23275709468  4.847850E-15
4856.28056904699  4.651860E-15
4856.32838099929  4.654018E-15
4856.37619295159  6.752943E-15
4856.4240049039  8.586259E-15
4856.4718168562  5.293875E-15
4856.5196288085  7.030972E-15
4856.56744076081  5.114809E-15
4856.61525271311  5.068704E-15
4856.66306466541  4.604277E-15
4856.71087661772  6.280228E-15
4856.75868857002  7.449524E-15
4856.80650052232  5.744266E-15
4856.85431247463  5.715886E-15
4856.90212442693  7.289521E-15
4856.94993637923  6.504413E-15
4856.99774833154  6.626436E-15
4857.04556028384  4.906694E-15
4857.09337223614  4.659384E-15
4857.14118418845  3.642316E-15
4857.18899614075  3.368716E-15
4857.23680809305  2.668490E-15
4857.28462004536  3.939050E-15
4857.33243199766  6.139886E-15
4857.38024394997  5.038861E-15
4857.42805590227  4.965948E-15
4857.47586785457  5.570018E-15
4857.52367980688  -4.919335E-14
4857.57149175918  8.059054E-15
4857.61930371148  7.290431E-15
4857.66711566378  -5.344862E-14
4857.71492761609  2.459820E-15
4857.76273956839  3.261778E-15
4857.81055152069  4.065688E-15
4857.858363473  4.250765E-15
4857.9061754253  6.228879E-15
4857.95398737761  4.615317E-15
4858.00179932991  3.480007E-15
4858.04961128221  3.118646E-15
4858.09742323452  5.130442E-15
4858.14523518682  4.761047E-15
4858.19304713912  4.475246E-15
4858.24085909143  6.802607E-15
4858.28867104373  8.033093E-15
4858.33648299603  7.785274E-15
4858.38429494834  8.456132E-15
4858.43210690064  9.198592E-15
4858.47991885294  1.172363E-14
4858.52773080525  1.239074E-14
4858.57554275755  1.386863E-14
4858.62335470985  1.827407E-14
4858.67116666216  2.428133E-14
4858.71897861446  3.384248E-14
4858.76679056677  4.178422E-14
4858.81460251907  5.838595E-14
4858.86241447137  7.455312E-14
4858.91022642368  9.016007E-14
4858.95803837598  1.010357E-13
4859.00585032828  1.117596E-13
4859.05366228059  1.210660E-13
4859.10147423289  1.222446E-13
4859.14928618519  1.259341E-13
4859.1970981375  1.251446E-13
4859.2449100898  1.163717E-13
4859.2927220421  1.033059E-13
4859.34053399441  9.200433E-14
4859.38834594671  6.766685E-14
4859.43615789901  6.193078E-14
4859.48396985132  5.280637E-14
4859.53178180362  3.966678E-14
4859.57959375592  2.884285E-14
4859.62740570823  1.497607E-14
4859.67521766053  1.682900E-14
4859.72302961283  1.491181E-14
4859.77084156514  1.366536E-14
4859.81865351744  8.931141E-15
4859.86646546975  8.824032E-15
4859.91427742205  6.165382E-15
4859.96208937435  7.283682E-15
4860.00990132666  8.698608E-15
4860.05771327896  1.277973E-14
4860.10552523126  1.902178E-14
4860.15333718357  2.924373E-14
4860.20114913587  4.372476E-14
4860.24896108817  7.870203E-14
4860.29677304048  1.276885E-13
4860.34458499278  1.988244E-13
4860.39239694508  3.010480E-13
4860.44020889739  4.518586E-13
4860.48802084969  6.340736E-13
4860.53583280199  8.842784E-13
4860.5836447543  1.154726E-12
4860.6314567066  1.483679E-12
4860.6792686589  1.820048E-12
4860.72708061121  2.172262E-12
4860.77489256351  2.520747E-12
4860.82270451581  2.792627E-12
4860.87051646812  3.147441E-12
4860.91832842042  3.414197E-12
4860.96614037272  3.620563E-12
4861.01395232503  3.735833E-12
4861.06176427733  3.838612E-12
4861.10957622963  3.864730E-12
4861.15738818194  3.853689E-12
4861.20520013424  3.797118E-12
4861.25301208655  3.643703E-12
4861.30082403885  3.456098E-12
4861.34863599115  3.265012E-12
4861.39644794346  2.984134E-12
4861.44425989576  2.594496E-12
4861.49207184806  2.123118E-12
4861.53988380037  1.767550E-12
4861.58769575267  1.463786E-12
4861.63550770497  1.238443E-12
4861.68331965728  1.023054E-12
4861.73113160958  7.851651E-13
4861.77894356188  5.805102E-13
4861.82675551419  4.201751E-13
4861.87456746649  2.983469E-13
4861.92237941879  2.086999E-13
4861.9701913711  1.419261E-13
4862.0180033234  1.042881E-13
4862.0658152757  7.613734E-14
4862.11362722801  5.621034E-14
4862.16143918031  4.131987E-14
4862.20925113261  3.499140E-14
4862.25706308492  2.095336E-14
4862.30487503722  1.525404E-14
4862.35268698952  1.194873E-14
4862.40049894183  9.177551E-15
4862.44831089413  4.888870E-15
4862.49612284643  1.049731E-14
4862.54393479874  9.327943E-15
4862.59174675104  9.660476E-15
4862.63955870334  1.127995E-14
4862.68737065565  9.232312E-15
4862.73518260795  9.439630E-15
4862.78299456026  1.030598E-14
4862.83080651256  8.270082E-15
4862.87861846486  8.961307E-15
4862.92643041717  6.055256E-15
4862.97424236947  4.945288E-15
4863.02205432177  7.966063E-15
4863.06986627408  7.694678E-15
4863.11767822638  -1.321761E-14
4863.16549017868  1.308394E-15
4863.21330213099  3.159907E-16
4863.26111408329  9.384744E-17
4863.30892603559  -1.101555E-16
4863.3567379879  1.011515E-16
4863.4045499402  4.334833E-16
4863.4523618925  -4.162195E-16
4863.50017384481  3.965124E-15
4863.54798579711  4.516583E-15
4863.59579774941  3.999570E-15
4863.64360970172  4.106482E-15
4863.69142165402  2.883450E-15
4863.73923360632  3.049298E-15
4863.78704555863  2.901343E-15
4863.83485751093  5.254427E-15
4863.88266946324  3.471907E-15
4863.93048141554  -1.198997E-16
4863.97829336784  1.137111E-15
4864.02610532015  2.132846E-15
4864.07391727245  5.343979E-15
4864.12172922475  7.253824E-15
4864.16954117706  6.322017E-15
4864.21735312936  3.557468E-15
4864.26516508166  3.585729E-15
4864.31297703397  4.260530E-15
4864.36078898627  5.273306E-15
4864.40860093857  4.956945E-15
4864.45641289088  5.719775E-15
4864.50422484318  4.049607E-15
4864.55203679548  4.190756E-15
4864.59984874779  3.188954E-15
4864.64766070009  2.627997E-15
4864.69547265239  4.523364E-15
4864.7432846047  5.436138E-15
4864.791096557  5.578033E-15
4864.8389085093  3.363877E-15
4864.88672046161  4.093446E-15
4864.93453241391  5.295016E-15
4864.98234436621  4.530115E-15
4865.03015631852  4.636603E-15
4865.07796827082  4.216833E-15
4865.12578022313  5.102942E-15
4865.17359217543  5.430828E-15
4865.22140412773  4.167333E-15
4865.26921608004  6.262740E-15
4865.31702803234  5.964601E-15
4865.36483998464  5.055449E-15
4865.41265193695  6.341722E-15
4865.46046388925  6.695791E-15
4865.50827584155  4.285512E-15
4865.55608779385  4.780036E-15
4865.60389974616  5.350100E-15
4865.65171169846  5.938926E-15
4865.69952365077  4.778488E-15
4865.74733560307  3.251306E-15
4865.79514755537  4.652953E-15
4865.84295950768  2.556660E-15
4865.89077145998  4.150265E-15
4865.93858341228  4.400736E-15
4865.98639536459  5.438323E-15
4866.03420731689  4.670060E-15
4866.08201926919  4.402052E-15
4866.1298312215  4.306224E-15
4866.1776431738  5.394082E-15
4866.2254551261  3.930696E-15
4866.27326707841  5.638093E-15
4866.32107903071  3.641542E-15
4866.36889098301  5.417256E-15
4866.41670293532  4.344779E-15
4866.46451488762  4.244791E-15
4866.51232683993  5.747523E-15
4866.56013879223  6.287892E-15
4866.60795074453  5.862691E-15
4866.65576269684  6.480447E-15
4866.70357464914  5.566154E-15
4866.75138660144  5.346627E-15
4866.79919855374  7.045786E-15
4866.84701050605  4.709066E-15
4866.89482245835  6.587504E-15
4866.94263441066  5.755561E-15
4866.99044636296  5.118178E-15
4867.03825831526  4.956092E-15
4867.08607026757  4.347126E-15
4867.13388221987  6.139565E-15
4867.18169417217  4.535235E-15
4867.22950612448  4.763225E-15
4867.27731807678  6.477433E-15
4867.32513002908  5.498023E-15
4867.37294198139  5.982412E-15
4867.42075393369  5.132548E-15
4867.46856588599  3.952740E-15
4867.5163778383  6.561380E-15
4867.5641897906  3.717401E-15
4867.61200174291  5.089295E-15
4867.65981369521  4.676821E-15
4867.70762564751  3.616842E-15
4867.75543759982  4.845369E-15
4867.80324955212  2.906113E-15
4867.85106150442  3.842615E-15
4867.89887345673  2.241923E-15
4867.94668540903  4.412560E-15
4867.99449736133  4.628850E-15
4868.04230931363  4.707527E-15
4868.09012126594  4.415608E-15
4868.13793321824  3.539161E-15
4868.18574517055  2.869346E-15
4868.23355712285  3.890204E-15
4868.28136907515  3.766969E-15
4868.32918102746  2.983580E-15
4868.37699297976  6.033495E-15
4868.42480493206  3.555711E-15
4868.47261688437  4.053691E-15
4868.52042883667  4.521350E-15
4868.56824078897  5.679859E-15
4868.61605274128  5.304849E-15
4868.66386469358  3.918374E-15
4868.71167664588  4.166913E-15
4868.75948859819  4.470318E-15
4868.80730055049  5.374845E-15
4868.85511250279  4.963138E-15
4868.9029244551  5.365764E-15
4868.9507364074  6.839054E-15
4868.99854835971  3.275296E-15
4869.04636031201  4.726187E-15
4869.09417226431  6.162155E-15
4869.14198421662  3.588485E-15
4869.18979616892  3.887960E-15
4869.23760812122  4.910103E-15
4869.28542007353  5.878894E-15
4869.33323202583  6.505728E-15
4869.38104397813  4.307600E-15
4869.42885593044  3.652717E-15
4869.47666788274  2.827777E-15
4869.52447983504  6.275170E-15
4869.57229178735  2.676727E-15
4869.62010373965  4.516278E-15
4869.66791569195  3.528548E-15
4869.71572764426  3.521775E-15
4869.76353959656  4.544037E-15
4869.81135154886  5.584196E-15
4869.85916350117  6.837936E-15
4869.90697545347  5.699407E-15
4869.95478740577  4.482680E-15
4870.00259935808  5.234996E-15
4870.05041131038  5.098793E-15
4870.09822326268  3.647553E-15
4870.14603521499  3.687906E-15
4870.19384716729  3.063726E-15
4870.24165911959  3.667323E-15
4870.2894710719  4.831477E-15
4870.3372830242  3.826503E-15
4870.3850949765  4.785049E-15
4870.43290692881  4.908367E-15
4870.48071888111  3.388565E-15
4870.52853083342  5.068932E-15
4870.57634278572  5.077169E-15
4870.62415473802  5.897246E-15
4870.67196669033  4.978631E-15
4870.71977864263  5.479146E-15
4870.76759059493  3.019423E-15
4870.81540254724  3.621308E-15
4870.86321449954  4.452975E-15
4870.91102645184  3.339280E-15
4870.95883840415  4.217683E-15
4871.00665035645  2.743862E-15
4871.05446230875  4.551537E-15
4871.10227426106  3.994584E-15
4871.15008621336  3.455333E-15
4871.19789816566  1.551712E-15
4871.24571011797  4.683385E-16
4871.29352207027  6.808683E-17
4871.34133402257  2.446223E-16
4871.38914597488  -2.143927E-15
4871.43695792718  6.866222E-15
4871.48476987948  4.742383E-15
4871.53258183179  6.882208E-15
4871.58039378409  4.061659E-15
4871.62820573639  -5.001716E-15
4871.6760176887  1.696817E-15
4871.723829641  7.623380E-16
4871.77164159331  8.238605E-16
4871.81945354561  2.498448E-15
4871.86726549791  3.600978E-15
4871.91507745022  3.507239E-15
4871.96288940252  8.123026E-16
4872.01070135482  1.349404E-15
4872.05851330713  2.666536E-16
4872.10632525943  1.755376E-15
4872.15413721173  2.081275E-15
4872.20194916404  4.363001E-15
4872.24976111634  4.197666E-15
4872.29757306864  1.852770E-15
4872.34538502095  6.263829E-16
4872.39319697325  8.748231E-16
4872.44100892555  3.859079E-15
4872.48882087786  2.494356E-15
4872.53663283016  6.773641E-15
4872.58444478246  6.221866E-15
4872.63225673477  5.148481E-15
4872.68006868707  3.803558E-15
4872.72788063937  1.056558E-15
4872.77569259168  5.258848E-15
4872.82350454398  2.410257E-15
4872.87131649629  9.302220E-16
4872.91912844859  2.315856E-15
4872.96694040089  3.736051E-15
4873.0147523532  3.334852E-15
4873.0625643055  3.507154E-16
4873.1103762578  5.136268E-15
4873.15818821011  5.969797E-15
4873.20600016241  5.045003E-15
4873.25381211471  5.316294E-15
4873.30162406702  2.970282E-15
4873.34943601932  4.264415E-15
4873.39724797162  6.007111E-15
4873.44505992393  4.189951E-15
4873.49287187623  3.524575E-15
4873.54068382853  2.119455E-15
4873.58849578084  4.585383E-15
4873.63630773314  4.823676E-15
4873.68411968544  2.992750E-15
4873.73193163775  2.458481E-15
4873.77974359005  2.171062E-15
4873.82755554235  6.710924E-15
4873.87536749466  5.920250E-15
4873.92317944696  6.360935E-15
4873.97099139926  5.881462E-15
4874.01880335157  3.969287E-15
4874.06661530387  5.594014E-16
4874.11442725617  3.137220E-15
4874.16223920848  8.389937E-16
4874.21005116078  4.303657E-15
4874.25786311309  2.057173E-15
4874.30567506539  4.682359E-15
4874.35348701769  3.436436E-15
4874.40129897  3.826552E-15
4874.4491109223  2.896498E-15
4874.4969228746  4.300860E-15
4874.54473482691  4.984381E-15
4874.59254677921  4.218279E-15
4874.64035873151  4.430601E-15
4874.68817068381  3.111677E-15
4874.73598263612  4.318961E-15
4874.78379458842  3.531672E-15
4874.83160654073  3.775984E-15
4874.87941849303  1.665412E-15
4874.92723044533  5.644282E-16
4874.97504239764  -3.401461E-15
4875.02285434994  7.440009E-15
4875.07066630224  3.230344E-15
4875.11847825455  -4.889131E-15
4875.16629020685  3.136581E-16
4875.21410215915  1.228414E-16
4875.26191411146  3.835988E-16
4875.30972606376  1.952260E-15
4875.35753801607  5.635864E-15
4875.40534996837  3.236335E-15
4875.45316192067  3.847500E-15
4875.50097387298  2.615006E-15
4875.54878582528  5.113344E-15
4875.59659777758  5.507388E-15
4875.64440972989  1.872730E-15
4875.69222168219  5.136363E-16
4875.74003363449  6.475537E-15
4875.7878455868  3.276710E-15
4875.8356575391  1.827925E-15
4875.8834694914  3.036492E-15
4875.9312814437  5.205455E-15
4875.97909339601  2.066256E-15
4876.02690534831  4.986352E-15
4876.07471730061  3.621783E-15
4876.12252925292  6.008860E-15
4876.17034120522  5.163923E-15
4876.21815315753  2.338865E-15
4876.26596510983  3.693660E-15
4876.31377706213  4.533422E-15
4876.36158901444  2.455660E-15
4876.40940096674  1.536441E-15
4876.45721291904  2.187236E-15
4876.50502487135  2.365958E-15
4876.55283682365  2.361152E-15
4876.60064877595  6.840658E-15
4876.64846072826  5.249241E-15
4876.69627268056  5.946637E-15
4876.74408463287  3.458334E-15
4876.79189658517  2.376268E-15
4876.83970853747  2.053546E-15
4876.88752048978  4.017432E-15
4876.93533244208  2.876911E-15
4876.98314439438  5.877167E-15
4877.03095634669  4.225006E-15
4877.07876829899  5.319460E-15
4877.12658025129  5.274042E-15
4877.17439220359  1.813371E-15
4877.2222041559  4.793487E-15
4877.2700161082  4.379500E-15
4877.31782806051  4.085342E-15
4877.36564001281  5.159646E-15
4877.41345196511  4.070547E-15
4877.46126391742  2.494197E-15
4877.50907586972  9.414780E-16
4877.55688782202  6.048197E-15
4877.60469977433  2.113985E-15
4877.65251172663  2.910231E-15
4877.70032367893  7.754389E-15
4877.74813563124  3.254704E-15
4877.79594758354  3.132811E-16
4877.84375953584  3.111419E-15
4877.89157148815  3.238392E-15
4877.93938344045  5.115282E-15
4877.98719539275  5.791281E-15
4878.03500734506  3.614598E-15
4878.08281929736  2.222724E-15
4878.13063124966  6.147306E-15
4878.17844320197  4.790239E-15
4878.22625515427  7.008415E-15
4878.27406710658  5.031053E-15
4878.32187905888  5.603502E-15
4878.36969101118  3.904334E-15
4878.41750296348  1.814900E-15
4878.46531491579  9.639674E-16
4878.51312686809  2.228503E-16
4878.56093882039  1.772264E-15
4878.6087507727  3.857357E-15
4878.656562725  5.174441E-15
4878.70437467731  2.883298E-15
4878.75218662961  4.138419E-15
4878.79999858191  4.924367E-15
4878.84781053422  4.788090E-15
4878.89562248652  5.599613E-15
4878.94343443882  5.794920E-15
4878.99124639113  7.485594E-15
4879.03905834343  5.456862E-15
4879.08687029573  4.112100E-15
4879.13468224804  1.950118E-15
4879.18249420034  6.656262E-15
4879.23030615264  2.148505E-15
4879.27811810495  4.274099E-15
4879.32593005725  2.115603E-15
4879.37374200955  1.728384E-15
4879.42155396186  2.150611E-15
4879.46936591416  1.090577E-15
4879.51717786646  1.245783E-15
4879.56498981877  7.238997E-15
4879.61280177107  7.420082E-15
4879.66061372338  7.803628E-15
4879.70842567568  5.627941E-15
4879.75623762798  5.441992E-15
4879.80404958029  4.747907E-15
4879.85186153259  4.527956E-15
4879.89967348489  3.517512E-16
4879.9474854372  2.600067E-15
4879.9952973895  4.834523E-15
4880.0431093418  6.957120E-15
4880.09092129411  4.797719E-15
4880.13873324641  8.281224E-15
4880.18654519871  5.527811E-15
4880.23435715102  5.452046E-15
4880.28216910332  6.694579E-15
4880.32998105562  2.536919E-15
4880.37779300793  8.660553E-15
4880.42560496023  9.349537E-15
4880.47341691253  3.122343E-15
4880.52122886484  4.524688E-15
4880.56904081714  6.083961E-15
4880.61685276944  3.480090E-15
4880.66466472175  2.983648E-15
4880.71247667405  3.288474E-15
4880.76028862636  6.079758E-15
4880.80810057866  2.006210E-15
4880.85591253096  5.208628E-15
4880.90372448327  7.072734E-15
4880.95153643557  2.874719E-15
4880.99934838787  3.413569E-15
4881.04716034018  5.998019E-15
4881.09497229248  1.240993E-16
4881.14278424478  4.779989E-15
4881.19059619709  3.895185E-15
4881.23840814939  3.569022E-15
4881.28622010169  3.489599E-15
4881.334032054  4.550574E-15
4881.3818440063  5.049564E-15
4881.4296559586  4.962021E-15
4881.47746791091  5.327120E-15
4881.52527986321  3.768092E-15
4881.57309181551  2.125742E-15
4881.62090376782  2.449235E-15
4881.66871572012  3.294844E-15
4881.71652767242  1.678580E-15
4881.76433962473  2.313713E-15
4881.81215157703  1.055261E-15
4881.85996352933  9.189978E-15
4881.90777548164  6.071786E-15
4881.95558743394  2.146184E-15
4882.00339938624  -1.392658E-16
4882.05121133855  4.410913E-15
4882.09902329085  6.212739E-15
4882.14683524316  4.902984E-15
4882.19464719546  1.998870E-15
4882.24245914776  6.022572E-15
4882.29027110007  5.140884E-15
4882.33808305237  9.192903E-15
4882.38589500467  7.731224E-15
4882.43370695698  3.816511E-15
4882.48151890928  3.394917E-15
4882.52933086158  3.078712E-16
4882.57714281388  1.084968E-15
4882.62495476619  3.888104E-15
4882.67276671849  3.637016E-15
4882.7205786708  3.488952E-15
4882.7683906231  6.413038E-15
4882.8162025754  4.623452E-15
4882.86401452771  1.209273E-15
4882.91182648001  3.545569E-15
4882.95963843231  3.866129E-15
4883.00745038462  4.744821E-15
4883.05526233692  1.863746E-15
4883.10307428922  3.470687E-15
4883.15088624153  5.913310E-15
4883.19869819383  6.200546E-15
4883.24651014614  3.126570E-16
4883.29432209844  1.984994E-16
4883.34213405074  1.648286E-15
4883.38994600305  6.985548E-15
4883.43775795535  6.652360E-15
4883.48556990765  4.750229E-15
4883.53338185996  5.127641E-15
4883.58119381226  2.184742E-15
4883.62900576456  4.714856E-15
4883.67681771687  -2.220393E-15
4883.72462966917  1.586357E-15
4883.77244162147  3.147007E-15
4883.82025357377  -8.989806E-16
4883.86806552608  6.773769E-15
4883.91587747838  6.248010E-15
4883.96368943068  -5.658157E-16
4884.01150138299  3.344822E-15
4884.05931333529  4.623898E-15
4884.1071252876  7.255633E-15
4884.1549372399  8.905501E-15
4884.2027491922  6.936905E-15
4884.25056114451  -2.203074E-15
4884.29837309681  3.520499E-15
4884.34618504911  1.365497E-15
4884.39399700142  5.062191E-16
4884.44180895372  -1.306700E-14
4884.48962090602  5.829131E-15
4884.53743285833  1.629304E-14
4884.58524481063  -1.052537E-14
4884.63305676294  1.835514E-15
4884.68086871524  -1.545913E-15
4884.72868066754  2.013793E-15
4884.77649261985  -1.722655E-15
4884.82430457215  5.409580E-15
4884.87211652445  3.849874E-15
4884.91992847676  4.382028E-15
4884.96774042906  3.025344E-15
4885.01555238136  4.197949E-15
4885.06336433367  5.498993E-15
4885.11117628597  2.099298E-15
4885.15898823827  -2.736215E-15
4885.20680019058  2.731625E-15
4885.25461214288  6.202861E-15
4885.30242409518  -1.419256E-15
4885.35023604749  7.652916E-15
4885.39804799979  5.331112E-15
4885.44585995209  9.608563E-15
4885.4936719044  6.043192E-16
4885.5414838567  8.113994E-16
4885.589295809  1.387105E-15
4885.63710776131  5.824632E-15
4885.68491971361  2.453925E-16
4885.73273166591  1.069877E-15
4885.78054361822  6.886187E-15
4885.82835557052  4.240353E-15
4885.87616752282  2.666022E-15
4885.92397947513  1.560502E-15
4885.97179142743  4.074240E-15
4886.01960337974  -1.925776E-15
4886.06741533204  -4.888590E-16
4886.11522728434  6.550916E-16
4886.16303923665  6.816933E-16
4886.21085118895  7.515893E-15
4886.25866314125  4.167345E-16
4886.30647509355  -1.317665E-16
4886.35428704586  -3.147887E-15
4886.40209899816  -3.951043E-15
4886.44991095047  9.219846E-16
4886.49772290277  5.120088E-15
4886.54553485507  1.292288E-14
4886.59334680738  3.226046E-15
4886.64115875968  5.511861E-15
4886.68897071198  5.793012E-15
4886.73678266429  7.029246E-15
4886.78459461659  5.904241E-15
4886.83240656889  1.128824E-14
4886.8802185212  6.720562E-15
4886.9280304735  6.297489E-15
4886.9758424258  1.085055E-15
4887.02365437811  3.549832E-15
4887.07146633041  8.638491E-15
4887.11927828272  -2.768178E-15
4887.16709023502  4.090204E-16
4887.21490218732  2.873678E-15
4887.26271413962  4.365150E-15
4887.31052609193  1.342691E-14
4887.35833804423  -2.785873E-15
4887.40614999653  1.214625E-15
4887.45396194884  7.275878E-15
4887.50177390114  1.349404E-15
4887.54958585344  7.309769E-15
4887.59739780575  9.900983E-15
4887.64520975805  9.444628E-15
4887.69302171036  -9.618853E-16
4887.74083366266  2.282385E-15
4887.78864561496  1.149865E-14
4887.83645756727  9.865645E-15
4887.88426951957  1.202210E-15
4887.93208147187  1.321306E-14
4887.97989342418  1.069757E-14
4888.02770537648  3.645764E-15
4888.07551732878  9.836324E-15
4888.12332928109  1.261695E-15
4888.17114123339  2.503458E-15
4888.21895318569  8.335389E-15
4888.266765138  4.766418E-15
4888.3145770903  9.418164E-16
4888.3623890426  4.034626E-15
4888.41020099491  5.243973E-15
4888.45801294721  5.538589E-15
4888.50582489951  3.022484E-15
4888.55363685182  3.842412E-16
4888.60144880412  5.201333E-15
4888.64926075643  -4.883412E-15
4888.69707270873  3.693069E-15
4888.74488466103  8.788158E-15
4888.79269661333  8.309364E-15
4888.84050856564  7.433343E-15
4888.88832051794  1.131913E-14
4888.93613247025  1.677413E-15
4888.98394442255  1.154574E-16
4889.03175637485  7.174356E-15
4889.07956832716  9.961034E-16
4889.12738027946  1.031651E-15
4889.17519223176  6.766899E-15
4889.22300418407  9.216855E-16
4889.27081613637  2.845733E-15
4889.31862808867  4.016854E-15
4889.36644004098  3.431007E-15
4889.41425199328  3.049238E-15
4889.46206394558  1.938919E-15
4889.50987589789  9.589906E-16
4889.55768785019  4.005925E-15
4889.60549980249  4.126304E-15
4889.6533117548  5.966050E-15
4889.7011237071  -1.569996E-15
4889.7489356594  2.084187E-16
4889.79674761171  9.281256E-16
4889.84455956401  5.921121E-15
4889.89237151631  2.679091E-15
4889.94018346862  3.936356E-15
4889.98799542092  6.488480E-15
4890.03580737323  -7.742400E-16
4890.08361932553  3.947533E-15
4890.13143127783  9.962766E-16
4890.17924323013  5.308951E-15
4890.22705518244  5.095973E-15
4890.27486713474  7.190715E-15
4890.32267908705  2.670443E-15
4890.37049103935  5.414950E-15
4890.41830299165  1.066552E-14
4890.46611494396  1.603304E-14
4890.51392689626  1.433207E-15
4890.56173884856  3.548575E-15
4890.60955080087  -1.957012E-15
4890.65736275317  -6.301753E-15
4890.70517470547  -3.741070E-16
4890.75298665778  8.825919E-15
4890.80079861008  -6.209953E-16
4890.84861056239  -2.405774E-15
4890.89642251469  -5.383639E-15
4890.94423446699  1.202770E-16
4890.99204641929  4.530755E-16
4891.0398583716  4.875306E-15
4891.0876703239  2.333806E-15
4891.1354822762  3.544554E-15
4891.18329422851  3.824149E-15
4891.23110618081  2.360395E-15
4891.27891813312  3.668791E-15
4891.32673008542  4.169141E-15
4891.37454203772  1.493165E-14
4891.42235399003  2.126076E-15
4891.47016594233  4.745755E-15
4891.51797789463  6.991689E-15
4891.56578984693  2.812230E-15
4891.61360179924  2.462072E-15
4891.66141375154  2.164363E-15
4891.70922570384  -8.604773E-16
4891.75703765615  8.084530E-17
4891.80484960845  -1.235185E-14
4891.85266156076  -2.144481E-15
4891.90047351306  2.498264E-15
4891.94828546536  -8.055872E-16
4891.99609741767  4.028207E-15
4892.04390936997  4.978272E-15
4892.09172132227  3.884381E-15
4892.13953327458  3.002860E-15
4892.18734522688  8.444330E-16
4892.23515717918  4.384981E-16
4892.28296913149  1.919002E-14
4892.33078108379  5.861943E-15
4892.37859303609  1.594716E-15
4892.4264049884  -6.661481E-15
4892.4742169407  1.040870E-15
4892.52202889301  9.289641E-16
4892.56984084531  7.998381E-16
4892.61765279761  1.550820E-14
4892.66546474992  -6.393470E-14
4892.71327670222  7.371907E-15
4892.76108865452  1.280749E-15
4892.80890060683  -3.559123E-15
4892.85671255913  -1.689894E-14
4892.90452451143  1.109081E-14
4892.95233646374  2.603793E-14
4893.00014841604  -3.777282E-14
4893.04796036834  2.615669E-15
4893.09577232065  4.122259E-16
4893.14358427295  9.633111E-16
4893.19139622525  6.280166E-16
4893.23920817756  5.072655E-16
4893.28702012986  7.366419E-15
4893.33483208216  3.285579E-16
4893.38264403447  2.112668E-15
4893.43045598677  -6.608709E-16
4893.47826793907  -8.416571E-16
4893.52607989138  1.066631E-15
4893.57389184368  1.024941E-14
4893.62170379598  7.272922E-15
4893.66951574829  -5.610977E-15
4893.71732770059  7.411827E-15
4893.7651396529  5.572622E-15
4893.8129516052  1.117721E-15
4893.8607635575  1.507068E-14
4893.90857550981  1.311267E-14
4893.95638746211  6.780290E-15
4894.00419941441  5.413672E-15
4894.05201136672  4.827640E-15
4894.09982331902  6.600848E-15
4894.14763527132  3.328627E-15
4894.19544722362  1.157710E-14
4894.24325917593  -4.946113E-15
4894.29107112823  7.477993E-15
4894.33888308054  4.910131E-15
4894.38669503284  -3.051968E-16
4894.43450698514  2.892535E-15
4894.48231893745  1.321337E-14
4894.53013088975  1.705586E-15
4894.57794284205  1.042435E-14
4894.62575479436  -1.289505E-14
4894.67356674666  1.068888E-14
4894.72137869896  5.102727E-15
4894.76919065127  2.499771E-14
4894.81700260357  8.696924E-15
4894.86481455587  1.199141E-14
4894.91262650818  4.887713E-15
4894.96043846048  1.776958E-14
4895.00825041278  -5.136644E-15
4895.05606236509  -6.792555E-15
4895.10387431739  -1.983164E-15
4895.15168626969  1.495978E-15
4895.199498222  1.540246E-14
4895.2473101743  1.876371E-14
4895.29512212661  5.351298E-15
4895.34293407891  4.497185E-15
4895.39074603121  -2.995175E-15
4895.43855798351  1.947117E-15
4895.48636993582  8.032957E-15
4895.53418188812  -4.684145E-15
4895.58199384043  3.515794E-15
4895.62980579273  1.273035E-14
4895.67761774503  2.284311E-14
4895.72542969734  8.434499E-15
4895.77324164964  -6.433335E-15
4895.82105360194  2.193053E-15
4895.86886555425  2.011732E-14
4895.91667750655  8.198266E-15
4895.96448945885  -3.390974E-15
4896.01230141116  -1.676236E-14
4896.06011336346  -8.478934E-15
4896.10792531576  -8.750538E-16
4896.15573726807  4.967429E-15
4896.20354922037  1.777794E-15
4896.25136117268  -1.332729E-14
4896.29917312498  2.321945E-14
4896.34698507728  8.198592E-15
4896.39479702958  -4.831360E-15
4896.44260898189  2.219043E-15
4896.49042093419  4.745114E-15
4896.53823288649  9.768892E-15
4896.5860448388  1.358239E-14
4896.6338567911  -8.171279E-15
4896.68166874341  -7.138430E-15
4896.72948069571  7.074604E-15
4896.77729264801  1.075830E-16
4896.82510460032  3.341228E-15
4896.87291655262  1.317494E-14
4896.92072850492  -1.113296E-14
4896.96854045723  -7.300087E-15
4897.01635240953  -2.319404E-15
4897.06416436183  -5.618107E-15
4897.11197631414  -8.556291E-15
4897.15978826644  -3.040825E-15
4897.20760021874  -1.598985E-14
4897.25541217105  1.197019E-14
4897.30322412335  1.751846E-14
4897.35103607565  -1.035863E-14
4897.39884802796  8.470781E-15
4897.44665998026  9.388477E-16
4897.49447193256  8.135388E-16
4897.54228388487  1.156482E-14
4897.59009583717  7.120515E-15
4897.63790778947  1.491797E-14
4897.68571974178  -6.138944E-15
4897.73353169408  1.389437E-14
4897.78134364638  -6.434332E-15
4897.82915559869  4.638947E-15
4897.87696755099  3.259272E-15
4897.92477950329  3.759028E-15
4897.9725914556  2.479009E-15
4898.0204034079  6.228900E-15
4898.06821536021  1.595424E-14
4898.11602731251  -1.372602E-14
4898.16383926481  -2.494014E-15
4898.21165121712  2.125411E-14
4898.25946316942  -7.598031E-15
4898.30727512172  1.021120E-14
4898.35508707403  4.856464E-15
4898.40289902633  1.058263E-14
4898.45071097863  1.209772E-14
4898.49852293094  2.333461E-14
4898.54633488324  1.611840E-14
4898.59414683554  5.729277E-15
4898.64195878785  -2.144976E-15
4898.68977074015  1.255334E-14
4898.73758269245  3.687245E-15
4898.78539464476  7.337553E-15
4898.83320659706  7.955967E-15
4898.88101854936  -1.125506E-14
4898.92883050167  -1.182528E-14
4898.97664245397  1.440450E-15
4899.02445440628  4.138347E-15
4899.07226635858  -5.244679E-15
4899.12007831088  -7.071438E-15
4899.16789026318  1.846272E-14
4899.21570221549  1.161777E-14
4899.26351416779  7.761317E-16
4899.31132612009  1.628723E-14
4899.3591380724  4.643177E-14
4899.4069500247  1.168874E-14
4899.45476197701  2.209392E-14
4899.50257392931  2.235865E-14
4899.55038588161  -3.598360E-15
4899.59819783392  1.013782E-14
4899.64600978622  -5.587910E-15
4899.69382173852  1.453555E-14
4899.74163369083  3.308434E-15
4899.78944564313  2.065939E-14
4899.83725759543  1.203128E-14
4899.88506954774  1.121081E-14
4899.93288150004  6.501358E-15
4899.98069345234  7.952507E-15
4900.02850540465  -1.876548E-14
4900.07631735695  -6.797763E-15
4900.12412930925  4.185891E-14
4900.17194126156  -3.173649E-15
4900.21975321386  -1.525262E-14
4900.26756516616  3.137061E-15
4900.31537711847  -1.255401E-14
4900.36318907077  -7.889810E-15
4900.41100102308  -3.761281E-15
4900.45881297538  6.163752E-15
4900.50662492768  1.369368E-14
4900.55443687999  -4.700625E-15
4900.60224883229  -5.980369E-15
4900.65006078459  -3.042416E-15
4900.6978727369  3.313874E-14
4900.7456846892  -4.346130E-15
4900.7934966415  2.687180E-14
4900.84130859381  1.274816E-15
