4659.6513671875  -6.676583E-14
4659.69776074904  3.297631E-13
4659.74415431056  3.255424E-13
4659.7905478721  2.162937E-13
4659.83694143363  4.027238E-13
4659.88333499516  3.900722E-13
4659.92972855669  1.573287E-13
4659.97612211822  1.583022E-13
4660.02251567975  5.301871E-13
4660.06890924128  7.306181E-13
4660.11530280281  3.597258E-13
4660.16169636434  4.306924E-14
4660.20808992587  1.544413E-13
4660.2544834874  2.417261E-13
4660.30087704893  2.197595E-13
4660.34727061046  2.075387E-13
4660.39366417199  3.419522E-13
4660.44005773352  5.555297E-13
4660.48645129505  4.905888E-13
4660.53284485658  1.980102E-13
4660.57923841811  -6.709515E-14
4660.62563197964  -4.139897E-14
4660.67202554117  4.005601E-13
4660.7184191027  2.558158E-13
4660.76481266423  -1.202392E-13
4660.81120622576  2.130127E-13
4660.85759978729  5.147397E-13
4660.90399334882  5.507108E-13
4660.95038691035  1.918054E-13
4660.99678047188  -1.888758E-13
4661.04317403341  2.841176E-13
4661.08956759494  6.154001E-13
4661.13596115647  2.712037E-13
4661.182354718  -2.061642E-13
4661.22874827953  -1.958579E-14
4661.27514184106  2.903019E-13
4661.32153540259  3.759194E-13
4661.36792896412  3.008697E-13
4661.41432252566  2.616928E-13
4661.46071608719  3.429413E-13
4661.50710964872  8.640572E-14
4661.55350321025  -5.454479E-14
4661.59989677178  6.071052E-13
4661.64629033331  3.949710E-13
4661.69268389484  8.016626E-14
4661.73907745637  1.025094E-13
4661.7854710179  5.821119E-14
4661.83186457943  4.996423E-13
4661.87825814096  7.833467E-13
4661.92465170249  5.875348E-13
4661.97104526402  3.379477E-13
4662.01743882555  4.808355E-13
4662.06383238708  3.910493E-13
4662.11022594861  1.266083E-13
4662.15661951014  -4.115886E-15
4662.20301307167  -1.279737E-13
4662.2494066332  2.991070E-13
4662.29580019473  5.306742E-13
4662.34219375626  2.627003E-13
4662.38858731779  3.105715E-13
4662.43498087932  2.620744E-13
4662.48137444085  1.320584E-14
4662.52776800238  6.699923E-14
4662.57416156391  5.630968E-13
4662.62055512544  2.044155E-13
4662.66694868697  -1.124019E-13
4662.7133422485  2.646501E-14
4662.75973581003  1.557383E-13
4662.80612937156  2.946701E-13
4662.8525229331  1.044410E-13
4662.89891649462  1.883520E-14
4662.94531005615  2.837933E-13
4662.99170361769  2.344196E-13
4663.03809717922  3.227585E-13
4663.08449074075  2.612970E-13
4663.13088430228  3.900957E-14
4663.17727786381  2.395363E-13
4663.22367142534  2.734700E-13
4663.27006498687  9.612555E-14
4663.3164585484  -2.463595E-14
4663.36285210993  5.201427E-14
4663.40924567146  2.128268E-13
4663.45563923299  2.331649E-13
4663.50203279452  2.570945E-13
4663.54842635605  3.878907E-13
4663.59481991758  2.425116E-13
4663.64121347911  1.821829E-15
4663.68760704064  2.721140E-14
4663.73400060217  2.568723E-13
4663.7803941637  2.405230E-13
4663.82678772523  1.859261E-13
4663.87318128676  1.570908E-13
4663.91957484829  1.256543E-13
4663.96596840982  1.405790E-13
4664.01236197135  2.846238E-13
4664.05875553288  1.664604E-13
4664.10514909441  -4.490948E-14
4664.15154265594  1.078828E-14
4664.19793621747  -5.733363E-15
4664.244329779  -1.957329E-14
4664.29072334053  -2.142744E-14
4664.33711690206  2.606615E-14
4664.38351046359  2.162712E-13
4664.42990402512  1.784631E-13
4664.47629758665  1.090251E-13
4664.52269114818  2.725776E-13
4664.56908470972  4.764627E-13
4664.61547827124  2.578092E-13
4664.66187183278  1.157556E-13
4664.70826539431  1.964087E-13
4664.75465895584  2.066908E-13
4664.80105251737  1.405721E-13
4664.8474460789  -4.865442E-14
4664.89383964043  2.938754E-14
4664.94023320196  3.404892E-13
4664.98662676349  2.531508E-13
4665.03302032502  1.252645E-13
4665.07941388655  7.772083E-14
4665.12580744808  4.640567E-14
4665.17220100961  2.606109E-14
4665.21859457114  9.574672E-14
4665.26498813267  9.877787E-14
4665.3113816942  5.432036E-14
4665.35777525573  7.460633E-14
4665.40416881726  1.091365E-13
4665.45056237879  9.562070E-14
4665.49695594032  5.370796E-14
4665.54334950185  -1.544735E-14
4665.58974306338  -5.687646E-14
4665.63613662491  2.198091E-13
4665.68253018644  2.037546E-13
4665.72892374797  -3.815714E-14
4665.7753173095  6.829020E-15
4665.82171087103  6.339535E-14
4665.86810443256  9.655532E-15
4665.91449799409  -2.967416E-14
4665.96089155562  3.767999E-14
4666.00728511715  1.104117E-13
4666.05367867868  1.384207E-13
4666.10007224021  7.858948E-14
4666.14646580174  4.031043E-15
4666.19285936327  4.800380E-14
4666.23925292481  1.992491E-13
4666.28564648634  1.848282E-13
4666.33204004787  8.166044E-14
4666.3784336094  7.251398E-14
4666.42482717093  9.280495E-14
4666.47122073246  1.344054E-13
4666.51761429399  1.605025E-13
4666.56400785552  1.521975E-13
4666.61040141705  9.713785E-14
4666.65679497858  -3.501423E-14
4666.70318854011  -4.381841E-15
4666.74958210164  4.942454E-14
4666.79597566317  6.857784E-15
4666.8423692247  1.034975E-13
4666.88876278623  5.796873E-14
4666.93515634776  1.023410E-13
4666.98154990929  1.832034E-13
4667.02794347082  1.124318E-14
4667.07433703235  3.233907E-15
4667.12073059388  4.105045E-14
4667.16712415541  9.213070E-14
4667.21351771694  1.750279E-13
4667.25991127847  1.500864E-13
4667.30630484  7.527343E-14
4667.35269840153  -1.289939E-14
4667.39909196306  -2.055493E-14
4667.44548552459  8.381068E-14
4667.49187908612  8.265786E-14
4667.53827264765  1.048872E-13
4667.58466620918  1.038683E-13
4667.63105977071  3.178111E-14
4667.67745333224  5.042789E-14
4667.72384689377  8.962992E-14
4667.7702404553  1.920276E-14
4667.81663401684  -3.681845E-14
4667.86302757837  8.956901E-14
4667.90942113989  1.820074E-13
4667.95581470142  1.285583E-13
4668.00220826296  6.213042E-14
4668.04860182449  1.093105E-13
4668.09499538602  1.968974E-13
4668.14138894755  2.206188E-13
4668.18778250908  1.140089E-13
4668.23417607061  -2.990316E-14
4668.28056963214  -6.019130E-14
4668.32696319367  2.495973E-14
4668.3733567552  8.390821E-14
4668.41975031673  1.249899E-14
4668.46614387826  -4.549463E-14
4668.51253743979  8.377905E-14
4668.55893100132  1.155464E-13
4668.60532456285  1.507663E-14
4668.65171812438  -1.015345E-14
4668.69811168591  6.648132E-14
4668.74450524744  -1.560447E-14
4668.79089880897  -4.894817E-14
4668.8372923705  4.061034E-14
4668.88368593203  1.094701E-13
4668.93007949356  5.532594E-14
4668.97647305509  3.460036E-14
4669.02286661662  3.818394E-14
4669.06926017815  3.952845E-14
4669.11565373968  1.555001E-14
4669.16204730121  -3.191393E-14
4669.20844086274  1.079538E-14
4669.25483442427  7.405957E-14
4669.3012279858  5.535407E-14
4669.34762154733  3.425899E-15
4669.39401510886  6.210529E-14
4669.4404086704  7.107386E-14
4669.48680223192  6.116461E-14
4669.53319579346  4.213535E-14
4669.57958935499  -8.756654E-15
4669.62598291652  8.227387E-14
4669.67237647805  1.287379E-13
4669.71877003958  5.558948E-14
4669.76516360111  -1.233690E-14
4669.81155716264  2.662845E-14
4669.85795072417  5.171896E-14
4669.9043442857  5.542175E-14
4669.95073784723  1.459242E-14
4669.99713140876  -4.376703E-14
4670.04352497029  2.164669E-15
4670.08991853182  2.492466E-14
4670.13631209335  2.776258E-14
4670.18270565488  2.706055E-14
4670.22909921641  1.444605E-14
4670.27549277794  5.595907E-14
4670.32188633947  1.204059E-13
4670.368279901  1.213273E-13
4670.41467346253  5.729981E-14
4670.46106702406  2.737780E-14
4670.50746058559  6.582845E-14
4670.55385414712  6.692941E-14
4670.60024770865  6.485454E-14
4670.64664127018  6.968589E-14
4670.69303483171  -2.466743E-14
4670.73942839324  -5.402414E-14
4670.78582195477  -1.232359E-14
4670.8322155163  2.668328E-14
4670.87860907783  2.578927E-14
4670.92500263936  4.915240E-15
4670.97139620089  -3.943168E-15
4671.01778976242  2.597203E-14
4671.06418332395  4.538117E-14
4671.11057688548  2.411067E-16
4671.15697044702  -3.422746E-14
4671.20336400854  4.687423E-14
4671.24975757008  7.077958E-14
4671.29615113161  -2.406897E-15
4671.34254469314  1.410034E-14
4671.38893825467  7.845548E-14
4671.4353318162  9.755233E-14
4671.48172537773  4.497087E-14
4671.52811893926  2.650804E-15
4671.57451250079  4.616915E-14
4671.62090606232  6.976554E-14
4671.66729962385  3.326412E-14
4671.71369318538  1.810690E-14
4671.76008674691  5.099185E-14
4671.80648030844  3.625881E-14
4671.85287386997  3.557291E-15
4671.8992674315  -7.531662E-15
4671.94566099303  8.634392E-15
4671.99205455456  4.036071E-14
4672.03844811609  6.836519E-14
4672.08484167762  2.798579E-14
4672.13123523915  1.121325E-14
4672.17762880068  3.076789E-14
4672.22402236221  3.775042E-14
4672.27041592374  6.050865E-14
4672.31680948527  -8.824953E-15
4672.3632030468  -2.951720E-14
4672.40959660833  3.652694E-14
4672.45599016986  6.428254E-14
4672.50238373139  4.207986E-14
4672.54877729292  -2.250036E-14
4672.59517085445  -1.660673E-14
4672.64156441598  4.449176E-14
4672.68795797751  4.903403E-14
4672.73435153904  4.231256E-14
4672.78074510057  5.938931E-14
4672.8271386621  6.401008E-14
4672.87353222363  3.121336E-14
4672.91992578516  1.145401E-14
4672.96631934669  6.100518E-14
4673.01271290823  5.030202E-14
4673.05910646976  1.133119E-14
4673.10550003129  3.370134E-14
4673.15189359282  7.764881E-14
4673.19828715435  2.916698E-14
4673.24468071588  -1.317259E-14
4673.29107427741  1.648763E-14
4673.33746783894  6.230940E-14
4673.38386140047  4.759122E-14
4673.430254962  5.685130E-15
4673.47664852353  -1.946118E-14
4673.52304208506  7.614609E-15
4673.56943564659  4.560341E-14
4673.61582920812  3.266045E-14
4673.66222276965  1.883699E-14
4673.70861633118  -1.571020E-15
4673.75500989271  1.641629E-14
4673.80140345424  6.951393E-15
4673.84779701577  4.110873E-14
4673.8941905773  5.301217E-13
4673.94058413883  5.213946E-13
4673.98697770036  1.562324E-13
4674.03337126189  -1.173597E-14
4674.07976482342  -2.587809E-15
4674.12615838495  4.452202E-14
4674.17255194648  4.974061E-14
4674.21894550801  3.574485E-14
4674.26533906954  2.224881E-14
4674.31173263107  4.991464E-15
4674.3581261926  2.223940E-14
4674.40451975414  5.328792E-14
4674.45091331567  4.500810E-14
4674.4973068772  1.197027E-14
4674.54370043873  1.879091E-14
4674.59009400026  5.680229E-14
4674.63648756179  3.914259E-14
4674.68288112332  2.900668E-14
4674.72927468485  3.453623E-14
4674.77566824638  1.394434E-14
4674.82206180791  3.625168E-14
4674.86845536944  3.187876E-14
4674.91484893097  2.143275E-14
4674.9612424925  2.997529E-14
4675.00763605403  3.276793E-14
4675.05402961556  1.929090E-14
4675.10042317709  2.668221E-14
4675.14681673862  2.967541E-14
4675.19321030015  1.251449E-14
4675.23960386168  -5.212337E-15
4675.28599742321  -4.378406E-15
4675.33239098474  2.092931E-14
4675.37878454627  2.823454E-14
4675.4251781078  1.481391E-14
4675.47157166933  -1.335692E-15
4675.51796523086  -1.337068E-14
4675.56435879239  1.794811E-14
4675.61075235392  1.859589E-14
4675.65714591545  1.237832E-14
4675.70353947698  3.489101E-14
4675.74993303851  3.562534E-14
4675.79632660004  5.644533E-15
4675.84272016157  -4.934379E-15
4675.8891137231  2.340263E-14
4675.93550728463  3.842536E-14
4675.98190084616  9.297921E-15
4676.02829440769  1.126914E-14
4676.07468796922  1.686504E-14
4676.12108153075  2.626599E-14
4676.16747509229  5.604653E-14
4676.21386865381  6.515088E-14
4676.26026221535  3.152158E-15
4676.30665577688  2.091650E-14
4676.35304933841  4.557539E-14
4676.39944289994  3.328045E-14
4676.44583646147  1.930890E-14
4676.492230023  -7.939070E-17
4676.53862358453  4.873008E-15
4676.58501714606  2.811640E-14
4676.63141070759  -7.159318E-14
4676.67780426912  2.921684E-13
4676.72419783065  1.210591E-12
4676.77059139218  4.192182E-13
4676.81698495371  -7.396877E-14
4676.86337851524  8.504778E-15
4676.90977207677  4.685435E-15
4676.9561656383  1.340772E-14
4677.00255919983  3.048825E-14
4677.04895276136  4.687619E-14
4677.09534632289  1.969148E-14
4677.14173988442  -4.376396E-15
4677.18813344595  1.738310E-14
4677.23452700748  1.966771E-14
4677.28092056901  1.523689E-14
4677.32731413054  2.891083E-14
4677.37370769207  3.037241E-14
4677.4201012536  1.289750E-14
4677.46649481513  2.005995E-14
4677.51288837666  3.581816E-14
4677.55928193819  1.071566E-14
4677.60567549972  -8.952164E-15
4677.65206906125  1.365107E-14
4677.69846262278  3.652069E-14
4677.74485618431  2.535556E-14
4677.79124974584  4.032644E-14
4677.83764330738  2.998807E-14
4677.88403686891  3.553812E-14
4677.93043043043  5.570234E-14
4677.97682399197  -4.729034E-15
4678.0232175535  -2.965567E-15
4678.06961111503  2.008059E-14
4678.11600467656  2.154014E-14
4678.16239823809  1.661285E-14
4678.20879179962  1.649659E-14
4678.25518536115  4.187656E-15
4678.30157892268  1.286678E-14
4678.34797248421  2.069344E-14
4678.39436604574  1.755300E-14
4678.44075960727  9.196145E-15
4678.4871531688  -5.668794E-15
4678.53354673033  3.932257E-15
4678.57994029186  1.628661E-14
4678.62633385339  1.808777E-14
4678.67272741492  1.775236E-14
4678.71912097645  2.113012E-14
4678.76551453798  2.153468E-14
4678.81190809951  2.068981E-14
4678.85830166104  1.498634E-14
4678.90469522257  2.638675E-14
4678.9510887841  3.498596E-14
4678.99748234563  3.194778E-15
4679.04387590716  2.443459E-14
4679.09026946869  2.856703E-14
4679.13666303022  1.745170E-14
4679.18305659175  1.957426E-14
4679.22945015328  2.823870E-14
4679.27584371481  3.881851E-14
4679.32223727634  1.078303E-14
4679.36863083787  1.576143E-14
4679.41502439941  4.478982E-14
4679.46141796094  4.029244E-14
4679.50781152247  1.497977E-14
4679.55420508399  4.289113E-15
4679.60059864553  -8.300901E-15
4679.64699220706  1.612695E-14
4679.69338576858  4.071123E-14
4679.73977933012  2.345568E-14
4679.78617289165  2.564809E-14
4679.83256645318  2.540598E-14
4679.87896001471  2.280406E-14
4679.92535357624  3.752480E-14
4679.97174713777  4.228725E-14
4680.0181406993  1.095221E-14
4680.06453426083  -5.075377E-16
4680.11092782236  9.263090E-15
4680.15732138389  2.130928E-14
4680.20371494542  2.126051E-14
4680.25010850695  9.392047E-15
4680.29650206848  1.132793E-15
4680.34289563001  1.320145E-14
4680.38928919154  2.962380E-14
4680.43568275307  1.997099E-14
4680.4820763146  1.302577E-14
4680.52846987613  2.493857E-14
4680.57486343766  1.545724E-14
4680.62125699919  1.440529E-14
4680.66765056072  3.567657E-15
4680.71404412225  1.004170E-15
4680.76043768378  1.100068E-14
4680.80683124531  1.079117E-14
4680.85322480684  3.955424E-15
4680.89961836837  4.317986E-15
4680.9460119299  2.889270E-15
4680.99240549143  1.202941E-14
4681.03879905296  1.272703E-14
4681.08519261449  -5.301572E-15
4681.13158617603  1.368045E-14
4681.17797973756  1.566678E-14
4681.22437329909  6.211661E-15
4681.27076686062  5.211446E-15
4681.31716042215  8.436161E-15
4681.36355398368  8.498489E-15
4681.40994754521  1.407976E-14
4681.45634110674  1.810519E-14
4681.50273466827  9.518851E-15
4681.5491282298  6.034615E-15
4681.59552179133  1.845796E-14
4681.64191535286  2.347159E-14
4681.68830891439  1.048944E-14
4681.73470247592  1.773663E-14
4681.78109603745  1.820274E-14
4681.82748959898  1.873310E-14
4681.87388316051  2.763675E-14
4681.92027672204  1.523379E-14
4681.96667028357  1.855796E-15
4682.0130638451  1.562771E-14
4682.05945740663  1.210616E-14
4682.10585096816  4.470512E-15
4682.15224452969  1.575283E-14
4682.19863809122  2.302201E-14
4682.24503165275  4.257764E-14
4682.29142521428  2.144561E-14
4682.33781877581  9.409338E-15
4682.38421233734  1.288940E-14
4682.43060589887  7.871045E-15
4682.4769994604  5.906900E-15
4682.52339302193  -6.853094E-15
4682.56978658346  1.058421E-14
4682.61618014499  2.120742E-14
4682.66257370652  1.143993E-14
4682.70896726805  2.869125E-15
4682.75536082958  -1.256278E-15
4682.80175439111  3.063378E-15
4682.84814795265  3.026416E-14
4682.89454151418  2.466492E-14
4682.94093507571  1.371589E-15
4682.98732863724  5.163105E-15
4683.03372219877  2.275310E-14
4683.0801157603  2.767318E-14
4683.12650932183  2.679170E-15
4683.17290288336  1.669612E-16
4683.21929644489  1.160132E-14
4683.26569000642  8.077743E-15
4683.31208356795  7.058146E-15
4683.35847712948  1.585467E-14
4683.40487069101  4.457991E-15
4683.45126425254  1.299039E-14
4683.49765781407  1.837716E-14
4683.5440513756  9.219600E-15
4683.59044493713  1.305917E-14
4683.63683849866  1.286703E-14
4683.68323206019  7.486964E-15
4683.72962562172  1.451623E-14
4683.77601918325  1.002894E-14
4683.82241274478  7.618850E-16
4683.86880630631  8.956621E-15
4683.91519986784  1.220482E-14
4683.96159342937  8.660285E-15
4684.0079869909  9.585135E-15
4684.05438055243  1.922680E-14
4684.10077411396  2.143796E-14
4684.14716767549  9.820271E-15
4684.19356123702  3.931870E-15
4684.23995479855  1.169845E-14
4684.28634836008  1.555888E-14
4684.33274192161  3.935678E-15
4684.37913548314  3.799298E-15
4684.42552904467  1.740431E-14
4684.4719226062  1.386224E-14
4684.51831616773  1.455062E-15
4684.56470972926  1.815931E-15
4684.6111032908  1.548097E-14
4684.65749685233  1.553325E-14
4684.70389041386  1.072383E-14
4684.75028397539  2.279976E-14
4684.79667753692  3.716516E-14
4684.84307109845  5.216206E-14
4684.88946465998  5.135617E-14
4684.93585822151  5.795691E-14
4684.98225178304  8.066741E-14
4685.02864534457  1.090864E-13
4685.0750389061  1.457683E-13
4685.12143246763  1.944372E-13
4685.16782602916  2.429848E-13
4685.21421959069  2.935506E-13
4685.26061315222  3.393452E-13
4685.30700671375  3.633380E-13
4685.35340027528  3.735676E-13
4685.39979383681  3.836567E-13
4685.44618739834  3.483596E-13
4685.49258095987  3.111143E-13
4685.5389745214  2.676811E-13
4685.58536808293  2.011151E-13
4685.63176164446  1.379429E-13
4685.67815520599  1.024367E-13
4685.72454876752  6.972240E-14
4685.77094232905  5.038431E-14
4685.81733589058  4.909695E-14
4685.86372945211  4.606787E-14
4685.91012301364  3.681518E-14
4685.95651657517  2.745306E-14
4686.00291013671  1.487899E-14
4686.04930369823  1.235718E-14
4686.09569725976  1.013605E-14
4686.1420908213  9.365489E-15
4686.18848438283  1.373371E-14
4686.23487794436  1.471484E-14
4686.28127150589  6.026724E-15
4686.32766506742  -3.419983E-16
4686.37405862895  2.018475E-15
4686.42045219048  4.247664E-15
4686.46684575201  5.462762E-15
4686.51323931354  7.599536E-15
4686.55963287507  6.485126E-15
4686.6060264366  2.474698E-15
4686.65241999813  4.982301E-15
4686.69881355966  5.321754E-15
4686.74520712119  1.120877E-14
4686.79160068272  6.924572E-15
4686.83799424425  9.456343E-15
4686.88438780578  2.648192E-14
4686.93078136731  2.113481E-14
4686.97717492884  1.010936E-14
4687.02356849037  1.659940E-14
4687.0699620519  2.530632E-15
4687.11635561343  1.585126E-15
4687.16274917496  1.511139E-14
4687.20914273649  9.192003E-15
4687.25553629802  9.283331E-15
4687.30192985955  1.577012E-14
4687.34832342108  3.250264E-15
4687.39471698261  7.521803E-15
4687.44111054414  9.345052E-15
4687.48750410567  -2.928303E-16
4687.5338976672  -2.572213E-15
4687.58029122873  -2.955968E-15
4687.62668479026  1.904345E-14
4687.67307835179  1.380157E-14
4687.71947191332  4.993543E-15
4687.76586547485  4.882632E-15
4687.81225903638  7.877770E-15
4687.85865259792  9.146193E-15
4687.90504615945  4.091815E-15
4687.95143972098  1.285126E-14
4687.99783328251  4.705197E-15
4688.04422684404  5.046438E-15
4688.09062040557  4.755650E-15
4688.1370139671  5.774602E-15
4688.18340752863  1.673127E-14
4688.22980109016  1.179830E-14
4688.27619465169  1.217674E-14
4688.32258821322  1.797097E-14
4688.36898177475  5.020180E-15
4688.41537533628  1.778110E-15
4688.46176889781  8.142716E-15
4688.50816245934  6.702872E-15
4688.55455602087  1.294123E-14
4688.6009495824  8.002239E-15
4688.64734314393  3.739658E-15
4688.69373670546  6.890166E-15
4688.74013026699  5.163356E-15
4688.78652382852  5.203748E-15
4688.83291739005  1.220347E-14
4688.87931095158  1.293866E-14
4688.92570451311  1.200392E-14
4688.97209807464  7.449201E-15
4689.01849163617  4.268084E-15
4689.0648851977  8.966691E-15
4689.11127875923  9.731479E-15
4689.15767232076  4.606702E-15
4689.20406588229  5.755957E-15
4689.25045944382  8.356467E-15
4689.29685300535  9.891244E-15
4689.34324656688  4.401207E-15
4689.38964012841  2.785681E-15
4689.43603368995  1.355140E-15
4689.48242725148  3.271282E-15
4689.52882081301  1.026809E-14
4689.57521437454  8.385411E-15
4689.62160793607  9.012637E-15
4689.6680014976  8.434248E-15
4689.71439505913  1.439815E-14
4689.76078862066  7.582039E-15
4689.80718218219  4.743496E-15
4689.85357574372  1.422636E-14
4689.89996930525  1.113954E-14
4689.94636286678  9.479969E-15
4689.99275642831  4.993713E-15
4690.03914998984  1.278564E-15
4690.08554355137  -1.598853E-15
4690.1319371129  -1.185150E-15
4690.17833067443  2.665403E-16
4690.22472423596  1.724817E-15
4690.27111779749  4.999393E-15
4690.31751135902  1.004040E-14
4690.36390492055  5.142208E-14
4690.41029848208  6.485159E-14
4690.45669204361  2.487036E-14
4690.50308560514  -8.241084E-16
4690.54947916667  8.075068E-15
4690.5958727282  1.202707E-14
4690.64226628973  1.659987E-14
4690.68865985126  7.974149E-15
4690.73505341279  -1.800049E-15
4690.78144697432  1.898140E-15
4690.82784053585  5.174454E-15
4690.87423409738  1.469171E-15
4690.92062765891  1.638616E-15
4690.96702122044  6.021017E-15
4691.01341478198  5.238169E-15
4691.05980834351  4.117517E-15
4691.10620190503  5.662342E-15
4691.15259546657  1.612621E-15
4691.1989890281  -9.481748E-16
4691.24538258963  4.229276E-15
4691.29177615116  8.632191E-15
4691.33816971269  8.899076E-15
4691.38456327422  1.199653E-14
4691.43095683575  9.477069E-15
4691.47735039728  6.107417E-15
4691.52374395881  1.411985E-14
4691.57013752034  1.237863E-14
4691.61653108187  4.811123E-15
4691.6629246434  1.043655E-14
4691.70931820493  1.294234E-14
4691.75571176646  5.645413E-15
4691.80210532799  8.507006E-15
4691.84849888952  7.875214E-15
4691.89489245105  3.227206E-15
4691.94128601258  3.949510E-15
4691.98767957411  7.113744E-15
4692.03407313564  8.462415E-15
4692.08046669717  7.881091E-15
4692.1268602587  3.004909E-15
4692.17325382023  8.347686E-15
4692.21964738176  8.690118E-15
4692.26604094329  2.126119E-15
4692.31243450482  7.440570E-16
4692.35882806635  1.559634E-16
4692.40522162788  -1.486036E-15
4692.45161518941  -1.558429E-16
4692.49800875094  4.405097E-15
4692.54440231247  2.930917E-14
4692.590795874  1.280891E-14
4692.63718943553  5.285993E-15
4692.68358299706  2.666131E-15
4692.7299765586  1.205558E-15
4692.77637012012  8.491960E-15
4692.82276368166  1.168439E-14
4692.86915724319  9.097527E-15
4692.91555080472  3.458937E-15
4692.96194436625  4.564276E-15
4693.00833792778  2.152032E-15
4693.05473148931  7.070752E-15
4693.10112505084  5.388022E-15
4693.14751861237  3.447054E-15
4693.1939121739  1.130918E-14
4693.24030573543  7.859844E-15
4693.28669929696  2.481192E-16
4693.33309285849  5.699792E-15
4693.37948642002  3.903514E-15
4693.42587998155  7.498048E-15
4693.47227354308  6.569181E-15
4693.51866710461  4.933896E-15
4693.56506066614  8.167208E-15
4693.61145422767  4.598757E-15
4693.6578477892  -1.073842E-15
4693.70424135073  3.006434E-15
4693.75063491226  6.745273E-15
4693.79702847379  1.422044E-14
4693.84342203532  3.961548E-15
4693.88981559685  3.752788E-15
4693.93620915838  6.356561E-15
4693.98260271991  6.128072E-17
4694.02899628144  3.491945E-15
4694.07538984297  5.354259E-15
4694.1217834045  5.835220E-15
4694.16817696603  1.201092E-15
4694.21457052756  4.212308E-15
4694.26096408909  1.151964E-14
4694.30735765062  1.277128E-14
4694.35375121216  1.434452E-14
4694.40014477368  9.611139E-15
4694.44653833522  5.700052E-16
4694.49293189675  1.057102E-14
4694.53932545827  7.863972E-15
4694.58571901981  4.725002E-15
4694.63211258134  3.170621E-15
4694.67850614287  -1.062187E-15
4694.7248997044  4.532082E-16
4694.77129326593  6.640041E-15
4694.81768682746  5.706657E-15
4694.86408038899  5.111035E-15
4694.91047395052  1.215953E-14
4694.95686751205  4.574322E-15
4695.00326107358  3.118269E-15
4695.04965463511  8.462625E-15
4695.09604819664  6.447528E-15
4695.14244175817  5.587039E-15
4695.1888353197  1.022085E-14
4695.23522888123  8.025659E-15
4695.28162244276  3.976475E-15
4695.32801600429  9.714071E-15
4695.37440956582  8.776832E-15
4695.42080312735  7.534866E-15
4695.46719668888  1.010156E-14
4695.51359025041  7.710478E-15
4695.55998381194  2.100967E-15
4695.60637737347  -7.836917E-15
4695.652770935  3.233816E-14
4695.69916449653  6.302140E-14
4695.74555805806  1.121385E-14
4695.79195161959  2.702422E-15
4695.83834518112  2.245837E-15
4695.88473874265  1.006286E-14
4695.93113230418  5.012889E-15
4695.97752586571  5.475665E-15
4696.02391942724  1.945698E-15
4696.07031298877  -3.734238E-16
4696.1167065503  4.873371E-15
4696.16310011184  8.817472E-15
4696.20949367337  1.249476E-14
4696.2558872349  4.479109E-15
4696.30228079643  1.347819E-14
4696.34867435796  1.185340E-13
4696.39506791949  4.252544E-14
4696.44146148102  -1.067313E-14
4696.48785504255  1.027681E-15
4696.53424860408  1.134989E-15
4696.58064216561  6.864831E-17
4696.62703572714  -5.073892E-16
4696.67342928867  -6.808729E-16
4696.7198228502  1.868863E-15
4696.76621641173  2.014129E-15
4696.81260997326  7.921199E-15
4696.85900353479  5.813215E-15
4696.90539709632  9.509796E-15
4696.95179065785  1.113959E-14
4696.99818421938  5.575757E-15
4697.04457778091  7.501170E-15
4697.09097134244  1.290139E-14
4697.13736490397  7.152700E-15
4697.1837584655  3.006209E-15
4697.23015202703  6.257302E-15
4697.27654558856  3.013093E-15
4697.32293915009  5.487278E-15
4697.36933271162  6.730234E-15
4697.41572627315  1.262891E-16
4697.46211983468  -4.281665E-15
4697.50851339621  1.648500E-14
4697.55490695774  9.147898E-14
4697.60130051927  1.105050E-13
4697.6476940808  2.411948E-15
4697.69408764233  2.665160E-15
4697.74048120387  1.111593E-14
4697.7868747654  8.173112E-15
4697.83326832693  5.694581E-15
4697.87966188846  2.673448E-15
4697.92605544999  7.177644E-15
4697.97244901152  1.043119E-14
4698.01884257305  3.836352E-15
4698.06523613458  -2.799285E-15
4698.11162969611  -1.056024E-15
4698.15802325764  4.570807E-15
4698.20441681917  1.511897E-15
4698.2508103807  -6.230808E-16
4698.29720394223  1.883205E-15
4698.34359750376  3.790735E-15
4698.38999106529  7.428740E-15
4698.43638462682  1.110420E-14
4698.48277818835  8.468179E-15
4698.52917174988  7.840808E-15
4698.57556531141  8.067803E-15
4698.62195887294  1.422666E-15
4698.66835243447  3.931027E-16
4698.714745996  2.396005E-16
4698.76113955753  4.133947E-15
4698.80753311906  2.126439E-15
4698.85392668059  7.132606E-15
4698.90032024212  3.547851E-15
4698.94671380365  7.601128E-15
4698.99310736518  8.820987E-15
4699.03950092671  3.544050E-15
4699.08589448824  4.373147E-15
4699.13228804977  5.797275E-15
4699.1786816113  6.556224E-15
4699.22507517283  4.489426E-15
4699.27146873436  3.334056E-15
4699.31786229589  5.221535E-15
4699.36425585743  -5.076213E-16
4699.41064941895  -1.784434E-15
4699.45704298049  -4.969479E-15
4699.50343654202  1.934858E-15
4699.54983010355  7.254919E-15
4699.59622366508  2.365884E-15
4699.64261722661  2.677863E-15
4699.68901078814  5.673372E-15
4699.73540434967  2.758143E-15
4699.7817979112  1.143678E-15
4699.82819147273  4.440329E-15
4699.87458503426  1.246283E-15
4699.92097859579  2.422759E-15
4699.96737215732  2.243710E-16
4700.01376571885  4.640795E-15
4700.06015928038  5.847156E-15
4700.10655284191  6.526485E-15
4700.15294640344  6.723190E-15
4700.19933996497  3.920617E-15
4700.2457335265  5.628084E-15
4700.29212708803  6.510864E-15
4700.33852064956  8.142092E-15
4700.38491421109  9.733208E-15
4700.43130777262  3.374755E-15
4700.47770133415  3.512184E-15
4700.52409489568  2.978025E-15
4700.57048845721  3.004942E-15
4700.61688201874  5.296567E-15
4700.66327558027  1.168780E-14
4700.7096691418  1.073901E-14
4700.75606270333  4.040458E-15
4700.80245626486  3.101461E-15
4700.84884982639  1.895603E-15
4700.89524338792  4.153185E-16
4700.94163694945  5.977868E-15
4700.98803051098  1.060808E-14
4701.03442407252  5.415425E-15
4701.08081763405  2.552176E-15
4701.12721119558  2.887876E-15
4701.17360475711  7.403707E-15
4701.21999831864  4.225951E-15
4701.26639188017  4.157125E-15
4701.3127854417  2.564454E-15
4701.35917900323  -2.869841E-15
4701.40557256476  4.866308E-15
4701.45196612629  1.083784E-14
4701.49835968782  3.011721E-15
4701.54475324935  6.929321E-15
4701.59114681088  6.389423E-15
4701.63754037241  4.998033E-16
4701.68393393394  2.806331E-15
4701.73032749547  7.183980E-15
4701.776721057  3.224153E-15
4701.82311461853  1.928349E-15
4701.86950818006  1.134475E-15
4701.91590174159  7.234292E-16
4701.96229530312  2.133832E-15
4702.00868886465  5.930815E-15
4702.05508242618  9.208206E-15
4702.10147598771  7.562405E-15
4702.14786954924  3.495220E-15
4702.19426311077  -1.513068E-15
4702.2406566723  -1.875583E-15
4702.28705023383  -1.191416E-15
4702.33344379536  3.241503E-15
4702.37983735689  2.386251E-15
4702.42623091842  2.852390E-15
4702.47262447995  9.129813E-15
4702.51901804148  4.271772E-15
4702.56541160301  -1.092495E-15
4702.61180516454  3.909341E-15
4702.65819872608  6.288788E-15
4702.7045922876  5.152759E-15
4702.75098584914  5.047261E-15
4702.79737941067  2.953124E-14
4702.8437729722  5.125660E-14
4702.89016653373  4.028012E-15
4702.93656009526  3.251886E-15
4702.98295365679  1.231801E-15
4703.02934721832  1.062138E-14
4703.07574077985  4.907840E-15
4703.12213434138  4.235812E-15
4703.16852790291  3.005327E-15
4703.21492146444  3.594925E-15
4703.26131502597  3.001006E-15
4703.3077085875  1.024982E-14
4703.35410214903  9.556651E-15
4703.40049571056  2.944322E-15
4703.44688927209  4.865797E-15
4703.49328283362  3.252784E-15
4703.53967639515  8.036380E-16
4703.58606995668  2.114154E-15
4703.63246351821  1.651330E-15
4703.67885707974  8.221889E-16
4703.72525064127  5.712516E-15
4703.7716442028  1.111753E-14
4703.81803776433  5.473889E-15
4703.86443132586  9.178850E-15
4703.91082488739  1.377946E-14
4703.95721844892  9.042932E-15
4704.00361201045  3.561599E-15
4704.05000557198  5.596169E-15
4704.09639913351  7.032705E-15
4704.14279269504  3.510579E-15
4704.18918625657  3.365005E-15
4704.2355798181  7.295605E-15
4704.28197337963  7.549507E-15
4704.32836694117  5.272368E-15
4704.3747605027  5.057980E-15
4704.42115406423  5.099255E-15
4704.46754762576  3.482240E-15
4704.51394118729  -6.592809E-16
4704.56033474882  3.035383E-15
4704.60672831035  5.402252E-15
4704.65312187188  1.020050E-16
4704.69951543341  -2.421884E-17
4704.74590899494  3.182957E-15
4704.79230255647  6.551195E-15
4704.838696118  6.378397E-15
4704.88508967953  1.274073E-15
4704.93148324106  -4.102043E-17
4704.97787680259  2.285705E-15
4705.02427036412  6.363135E-15
4705.07066392565  7.658333E-15
4705.11705748718  4.145658E-15
4705.16345104871  5.931175E-16
4705.20984461024  -8.354606E-16
4705.25623817177  3.945185E-15
4705.3026317333  -2.714704E-17
4705.34902529483  3.505319E-15
4705.39541885636  1.083299E-14
4705.44181241789  6.932334E-15
4705.48820597942  5.414814E-15
4705.53459954095  4.562210E-15
4705.58099310248  4.201452E-15
4705.62738666401  5.492963E-15
4705.67378022554  1.477000E-15
4705.72017378707  2.445253E-15
4705.7665673486  2.640218E-15
4705.81296091013  7.691129E-15
4705.85935447167  8.910227E-15
4705.9057480332  1.241600E-15
4705.95214159472  -2.788839E-15
4705.99853515626  3.062179E-16
4706.04492871779  4.179762E-15
4706.09132227932  4.906558E-15
4706.13771584085  4.849942E-15
4706.18410940238  4.430497E-15
4706.23050296391  5.496175E-15
4706.27689652544  4.930017E-15
4706.32329008697  3.308916E-15
4706.3696836485  3.664471E-15
4706.41607721003  1.404506E-14
4706.46247077156  1.385140E-14
4706.50886433309  6.788804E-15
4706.55525789462  -1.787376E-16
4706.60165145615  8.854175E-15
4706.64804501768  3.529621E-15
4706.69443857921  6.099080E-16
4706.74083214074  6.345949E-16
4706.78722570227  1.027801E-15
4706.8336192638  6.805033E-15
4706.88001282533  1.021338E-14
4706.92640638686  6.902096E-15
4706.97279994839  2.882354E-15
4707.01919350992  3.497264E-15
4707.06558707145  3.495841E-15
4707.11198063298  2.679119E-15
4707.15837419451  3.876124E-15
4707.20476775604  1.132037E-15
4707.25116131757  5.327403E-15
4707.2975548791  1.069661E-14
4707.34394844063  2.138961E-15
4707.39034200216  5.830308E-15
4707.43673556369  4.338132E-15
4707.48312912522  4.683043E-15
4707.52952268675  3.994947E-15
4707.57591624828  4.859960E-15
4707.62230980982  1.135976E-14
4707.66870337134  4.765505E-15
4707.71509693288  4.998629E-15
4707.76149049441  2.280575E-15
4707.80788405594  5.262894E-16
4707.85427761747  1.523710E-15
4707.900671179  9.967833E-15
4707.94706474053  8.454765E-15
4707.99345830206  4.810398E-15
4708.03985186359  4.373497E-15
4708.08624542512  1.544036E-15
4708.13263898665  8.139961E-15
4708.17903254818  8.984964E-15
4708.22542610971  6.956392E-15
4708.27181967124  5.957347E-15
4708.31821323277  1.233347E-15
4708.3646067943  1.318016E-15
4708.41100035583  1.016448E-15
4708.45739391736  3.248301E-15
4708.50378747889  6.734813E-15
4708.55018104042  2.948221E-15
4708.59657460195  1.537841E-15
4708.64296816348  2.766547E-15
4708.68936172501  3.186398E-15
4708.73575528654  3.584623E-15
4708.78214884807  5.710777E-15
4708.8285424096  9.699801E-15
4708.87493597113  2.815314E-15
4708.92132953266  5.532441E-15
4708.96772309419  6.688919E-15
4709.01411665572  1.504141E-15
4709.06051021725  4.699216E-15
4709.10690377878  3.251762E-15
4709.15329734032  -1.043180E-15
4709.19969090185  3.133886E-15
4709.24608446338  1.326356E-15
4709.2924780249  3.202506E-15
4709.33887158644  3.965720E-15
4709.38526514797  6.902838E-15
4709.4316587095  3.897984E-15
4709.47805227103  1.388732E-15
4709.52444583256  3.679760E-15
4709.57083939409  3.601616E-15
4709.61723295562  2.746814E-15
4709.66362651715  1.215871E-16
4709.71002007868  3.184968E-15
4709.75641364021  3.509985E-15
4709.80280720174  6.024141E-15
4709.84920076327  2.801401E-15
4709.8955943248  -9.845126E-17
4709.94198788633  1.204295E-15
4709.98838144786  -2.351545E-15
4710.03477500939  2.476480E-15
4710.08116857092  4.005622E-15
4710.12756213245  -1.918663E-15
4710.17395569398  2.387656E-15
4710.22034925551  3.899207E-15
4710.26674281704  1.927355E-15
4710.31313637857  3.683511E-15
4710.3595299401  5.375137E-15
4710.40592350163  5.967226E-15
4710.45231706316  9.469154E-16
4710.49871062469  5.248342E-15
4710.54510418622  1.017059E-14
4710.59149774775  5.339678E-15
4710.63789130928  3.549666E-15
4710.68428487081  9.877283E-15
4710.73067843234  1.648428E-14
4710.77707199387  3.411329E-14
4710.8234655554  4.118383E-14
4710.86985911694  5.357558E-14
4710.91625267846  6.219566E-14
4710.96264623999  6.627176E-14
4711.00903980153  6.623730E-14
4711.05543336306  5.475690E-14
4711.10182692459  3.862316E-14
4711.14822048612  2.899262E-14
4711.19461404765  2.177717E-14
4711.24100760918  1.593080E-14
4711.28740117071  1.126121E-14
4711.33379473224  1.038585E-14
4711.38018829377  1.122271E-14
4711.4265818553  1.219641E-14
4711.47297541683  5.326354E-15
4711.51936897836  3.733753E-15
4711.56576253989  8.767235E-15
4711.61215610142  6.039005E-15
4711.65854966295  3.052503E-15
4711.70494322448  4.170225E-15
4711.75133678601  9.495493E-15
4711.79773034754  3.479555E-15
4711.84412390907  4.068780E-15
4711.8905174706  9.396506E-15
4711.93691103213  8.614114E-15
4711.98330459366  -1.488171E-15
4712.02969815519  3.791028E-15
4712.07609171672  8.861529E-15
4712.12248527825  5.253806E-15
4712.16887883978  6.721653E-15
4712.21527240131  4.682754E-15
4712.26166596284  2.143089E-15
4712.30805952437  6.260892E-16
4712.3544530859  7.112951E-16
4712.40084664743  1.784619E-15
4712.44724020896  6.977670E-15
4712.49363377049  6.680897E-15
4712.54002733202  9.814300E-15
4712.58642089355  1.370747E-14
4712.63281445509  6.778709E-15
4712.67920801662  6.527376E-15
4712.72560157815  9.822312E-15
4712.77199513968  1.121734E-14
4712.81838870121  8.409896E-15
4712.86478226274  8.003021E-15
4712.91117582427  5.617281E-15
4712.9575693858  8.610596E-15
4713.00396294733  1.185738E-14
4713.05035650886  9.191028E-15
4713.09675007039  2.383510E-15
4713.14314363192  1.102165E-15
4713.18953719345  2.897152E-15
4713.23593075498  4.836428E-15
4713.28232431651  1.027651E-14
4713.32871787804  3.163866E-15
4713.37511143957  4.153874E-15
4713.4215050011  1.214231E-15
4713.46789856263  1.043326E-14
4713.51429212416  6.707184E-15
4713.56068568569  1.645023E-15
4713.60707924722  4.575310E-15
4713.65347280875  3.636000E-15
4713.69986637028  8.460523E-15
4713.74625993181  1.178443E-14
4713.79265349334  8.714516E-15
4713.83904705487  1.222827E-14
4713.8854406164  1.687979E-14
4713.93183417793  1.341677E-14
4713.97822773946  1.351474E-14
4714.02462130099  1.314492E-14
4714.07101486252  8.218736E-15
4714.11740842405  4.118455E-15
4714.16380198559  4.592947E-15
4714.21019554712  4.641188E-15
4714.25658910865  5.757622E-15
4714.30298267017  2.231671E-15
4714.34937623171  5.780886E-15
4714.39576979323  4.238050E-15
4714.44216335477  2.004929E-16
4714.48855691629  -3.806102E-15
4714.53495047783  4.029196E-15
4714.58134403936  7.032373E-15
4714.62773760089  7.383822E-15
4714.67413116242  4.745461E-15
4714.72052472395  2.037817E-16
4714.76691828548  4.860915E-15
4714.81331184701  1.983733E-15
4714.85970540854  3.347443E-15
4714.90609897007  1.604705E-15
4714.9524925316  -1.314337E-15
4714.99888609313  4.079261E-15
4715.04527965466  4.305680E-15
4715.09167321619  3.939204E-15
4715.13806677772  1.670366E-15
4715.18446033925  3.321545E-15
4715.23085390078  2.966170E-15
4715.27724746231  -3.910112E-15
4715.32364102384  4.937422E-14
4715.37003458537  1.795067E-13
4715.4164281469  6.194070E-14
4715.46282170843  4.668820E-16
4715.50921526996  2.451209E-15
4715.55560883149  2.243269E-15
4715.60200239302  8.112533E-16
4715.64839595455  1.797455E-15
4715.69478951608  -1.256555E-15
4715.74118307761  5.178669E-16
4715.78757663914  3.850879E-15
4715.83397020067  6.155643E-15
4715.8803637622  6.694759E-15
4715.92675732374  4.845206E-15
4715.97315088527  5.411339E-15
4716.0195444468  7.108723E-15
4716.06593800833  7.398816E-15
4716.11233156986  1.677579E-15
4716.15872513139  -8.439127E-16
4716.20511869292  4.900398E-15
4716.25151225445  6.996236E-15
4716.29790581598  2.832994E-15
4716.34429937751  2.036890E-15
4716.39069293904  1.536676E-15
4716.43708650057  6.296398E-15
4716.4834800621  5.832851E-15
4716.52987362363  5.454978E-15
4716.57626718516  -8.955391E-15
4716.62266074669  4.509663E-13
4716.66905430822  5.833903E-13
4716.71544786975  4.179395E-13
4716.76184143128  1.551266E-13
4716.80823499281  1.271425E-14
4716.85462855434  5.125142E-15
4716.90102211587  3.946962E-15
4716.9474156774  5.750495E-15
4716.99380923893  7.881988E-15
4717.04020280046  5.906355E-15
4717.08659636199  7.359145E-15
4717.13298992352  5.057280E-15
4717.17938348505  1.205267E-15
4717.22577704658  2.769970E-15
4717.27217060811  3.409676E-15
4717.31856416964  3.520130E-15
4717.36495773117  8.442572E-15
4717.4113512927  9.589665E-15
4717.45774485423  2.071699E-15
4717.50413841576  -1.594127E-17
4717.55053197729  3.199104E-15
4717.59692553883  4.471993E-15
4717.64331910036  1.176485E-15
4717.68971266189  4.025435E-15
4717.73610622342  3.980557E-15
4717.78249978495  3.636509E-15
4717.82889334648  1.784094E-15
4717.87528690801  1.868657E-15
4717.92168046954  2.631881E-15
4717.96807403107  5.229516E-15
4718.0144675926  6.406084E-15
4718.06086115413  2.346945E-15
4718.10725471566  -1.057918E-15
4718.15364827719  7.711584E-17
4718.20004183872  4.519823E-15
4718.24643540025  7.398723E-15
4718.29282896178  5.749534E-14
4718.33922252331  1.358300E-14
4718.38561608484  2.761773E-15
4718.43200964637  1.591788E-15
4718.4784032079  5.838823E-15
4718.52479676943  4.289714E-16
4718.57119033096  6.168369E-15
4718.61758389249  7.407457E-15
4718.66397745402  -3.348498E-15
4718.71037101555  3.540546E-15
4718.75676457708  3.572417E-15
4718.80315813861  1.250559E-15
4718.84955170014  4.100653E-15
4718.89594526167  5.545252E-15
4718.9423388232  8.291683E-15
4718.98873238473  4.137372E-15
4719.03512594627  4.929991E-15
4719.08151950779  3.835060E-15
4719.12791306932  2.774405E-15
4719.17430663085  -7.749536E-17
4719.22070019238  3.368233E-15
4719.26709375391  7.602853E-15
4719.31348731544  6.666807E-15
4719.35988087698  3.515463E-15
4719.40627443851  3.597906E-15
4719.45266800004  6.664119E-15
4719.49906156157  4.633782E-15
4719.5454551231  -2.175214E-16
4719.59184868463  1.673093E-15
4719.63824224616  5.404402E-15
4719.68463580769  4.669103E-15
4719.73102936922  5.381997E-15
4719.77742293075  7.434620E-15
4719.82381649228  6.694332E-15
4719.87021005381  8.258605E-15
4719.91660361534  7.614360E-16
4719.96299717687  1.691541E-15
4720.0093907384  5.425206E-15
4720.05578429993  5.642719E-15
4720.10217786146  3.798684E-15
4720.14857142299  8.875391E-15
4720.19496498452  1.093666E-14
4720.24135854605  9.277842E-15
4720.28775210758  4.317064E-15
4720.33414566911  -3.554361E-16
4720.38053923064  1.190599E-15
4720.42693279217  -2.040097E-15
4720.4733263537  -9.569965E-16
4720.51971991523  7.148251E-15
4720.56611347676  1.248664E-14
4720.61250703829  9.212523E-15
4720.65890059982  2.327721E-15
4720.70529416135  5.808910E-15
4720.75168772289  7.811384E-15
4720.79808128441  3.421901E-15
4720.84447484595  2.684156E-15
4720.89086840747  1.096134E-14
4720.93726196901  2.568665E-15
4720.98365553054  1.534416E-15
4721.03004909207  6.394790E-15
4721.0764426536  2.251538E-15
4721.12283621513  1.001820E-15
4721.16922977666  5.111456E-15
4721.21562333819  5.844511E-15
4721.26201689972  4.463075E-15
4721.30841046125  1.830047E-15
4721.35480402278  5.476730E-15
4721.40119758431  4.079472E-15
4721.44759114584  5.251829E-15
4721.49398470737  7.003285E-15
4721.5403782689  5.053083E-15
4721.58677183043  4.477327E-15
4721.63316539196  2.163400E-15
4721.67955895349  2.544835E-15
4721.72595251502  6.886933E-15
4721.77234607655  5.938041E-15
4721.81873963808  5.451740E-16
4721.86513319961  3.297554E-15
4721.91152676114  8.657104E-15
4721.95792032267  9.482675E-16
4722.0043138842  1.641476E-15
4722.05070744573  8.682975E-15
4722.09710100726  1.633908E-14
4722.14349456879  1.217647E-14
4722.18988813032  3.002045E-15
4722.23628169185  2.884759E-15
4722.28267525338  4.806175E-15
4722.32906881491  5.636503E-15
4722.37546237644  2.964569E-15
4722.42185593797  3.852740E-15
4722.46824949951  -4.811033E-16
4722.51464306103  8.603138E-16
4722.56103662257  3.289103E-15
4722.60743018409  8.690637E-16
4722.65382374563  9.534811E-15
4722.70021730716  1.144640E-14
4722.74661086869  3.684114E-15
4722.79300443022  2.684454E-15
4722.83939799175  3.824940E-15
4722.88579155328  5.252812E-15
4722.93218511481  2.418529E-15
4722.97857867634  3.657866E-15
4723.02497223787  7.425247E-15
4723.0713657994  9.273963E-15
4723.11775936093  3.486901E-15
4723.16415292246  3.393843E-15
4723.21054648399  4.402944E-15
4723.25694004552  2.527652E-15
4723.30333360705  3.526371E-15
4723.34972716858  4.074173E-16
4723.39612073011  -5.717866E-16
4723.44251429164  9.071657E-16
4723.48890785317  9.054346E-16
4723.5353014147  2.706542E-15
4723.58169497623  7.434029E-15
4723.62808853776  1.576370E-14
4723.67448209929  1.752867E-14
4723.72087566082  1.111447E-14
4723.76726922235  1.157578E-14
4723.81366278388  1.723722E-14
4723.86005634541  1.082640E-14
4723.90644990694  8.443659E-15
4723.95284346847  1.444758E-14
4723.99923703  1.124273E-14
4724.04563059153  8.975366E-15
4724.09202415306  6.944556E-15
4724.13841771459  3.113702E-15
4724.18481127612  5.672821E-15
4724.23120483766  3.472991E-15
4724.27759839919  3.190392E-15
4724.32399196072  2.718182E-15
4724.37038552225  1.069716E-14
4724.41677908378  9.815061E-15
4724.46317264531  8.145527E-15
4724.50956620684  9.466176E-15
4724.55595976837  1.116542E-15
4724.6023533299  7.941001E-16
4724.64874689143  1.448940E-16
4724.69514045296  -5.965306E-16
4724.74153401449  7.456152E-15
4724.78792757602  3.694243E-15
4724.83432113755  7.111782E-15
4724.88071469908  7.736848E-16
4724.92710826061  -2.662034E-16
4724.97350182214  8.779547E-15
4725.01989538367  1.402489E-14
4725.0662889452  7.038273E-15
4725.11268250673  8.654873E-15
4725.15907606826  2.206296E-14
4725.20546962979  1.855661E-14
4725.25186319132  1.736316E-14
4725.29825675285  1.487471E-14
4725.34465031438  1.774165E-14
4725.39104387591  9.235883E-15
4725.43743743744  1.303280E-14
4725.48383099897  1.254602E-14
4725.5302245605  9.136060E-15
4725.57661812203  9.357333E-15
4725.62301168356  8.011845E-15
4725.66940524509  3.138602E-15
4725.71579880662  3.725036E-15
4725.76219236816  6.958746E-15
4725.80858592969  6.306181E-15
4725.85497949122  8.071396E-16
4725.90137305274  7.991010E-15
4725.94776661428  1.151359E-14
4725.99416017581  5.208182E-15
4726.04055373734  2.225328E-15
4726.08694729887  1.140439E-14
4726.1333408604  4.264672E-15
4726.17973442193  2.657789E-16
4726.22612798346  9.819929E-15
4726.27252154499  8.796918E-15
4726.31891510652  6.998256E-15
4726.36530866805  3.367747E-15
4726.41170222958  6.689740E-15
4726.45809579111  6.340960E-15
4726.50448935264  4.861219E-15
4726.55088291417  7.516828E-15
4726.5972764757  4.674857E-15
4726.64367003723  2.116930E-15
4726.69006359876  1.199998E-14
4726.73645716029  4.176362E-15
4726.78285072182  4.272644E-15
4726.82924428335  -1.020561E-14
4726.87563784488  1.020401E-13
4726.92203140641  9.575516E-14
4726.96842496794  -7.316615E-15
4727.01481852947  5.248478E-15
4727.061212091  2.751118E-15
4727.10760565253  -1.755227E-16
4727.15399921406  4.884256E-15
4727.20039277559  -8.954671E-16
4727.24678633712  -9.957189E-16
4727.29317989865  3.186891E-15
4727.33957346018  1.274242E-15
4727.38596702171  6.277110E-15
4727.43236058324  1.140023E-14
4727.47875414478  8.251439E-15
4727.5251477063  1.114938E-14
4727.57154126784  1.617566E-14
4727.61793482937  5.571131E-15
4727.6643283909  8.338500E-15
4727.71072195243  7.959470E-15
4727.75711551396  1.898614E-17
4727.80350907549  -1.948833E-15
4727.84990263702  9.449986E-15
4727.89629619855  3.738727E-15
4727.94268976008  6.642067E-15
4727.98908332161  8.966808E-15
4728.03547688314  3.717105E-15
4728.08187044467  1.482554E-15
4728.1282640062  4.155722E-15
4728.17465756773  8.871001E-15
4728.22105112926  1.438573E-16
4728.26744469079  1.014441E-14
4728.31383825232  5.090903E-15
4728.36023181385  1.789080E-15
4728.40662537538  8.646743E-15
4728.45301893691  3.608876E-15
4728.49941249844  7.185181E-16
4728.54580605997  9.215613E-15
4728.5921996215  6.534927E-15
4728.63859318303  1.028035E-14
4728.68498674456  2.171079E-15
4728.73138030609  1.186243E-14
4728.77777386762  4.353903E-15
4728.82416742915  9.050359E-15
4728.87056099068  7.001247E-15
4728.91695455221  1.338442E-14
4728.96334811374  2.206644E-15
4729.00974167527  -1.708929E-15
4729.05613523681  1.368834E-14
4729.10252879833  6.209006E-15
4729.14892235986  5.660123E-15
4729.1953159214  4.168112E-15
4729.24170948292  9.668351E-15
4729.28810304446  5.059054E-15
4729.33449660598  1.120855E-14
4729.38089016752  6.292742E-15
4729.42728372905  8.969240E-15
4729.47367729058  -1.931758E-15
4729.52007085211  6.293401E-15
4729.56646441364  1.115075E-14
4729.61285797517  1.160455E-14
4729.6592515367  8.976029E-15
4729.70564509823  -2.319886E-15
4729.75203865976  7.361273E-15
4729.79843222129  1.225130E-14
4729.84482578282  6.856926E-15
4729.89121934435  9.740906E-15
4729.93761290588  3.311763E-15
4729.98400646741  -3.589809E-15
4730.03040002894  4.944473E-15
4730.07679359047  5.439819E-15
4730.123187152  5.639195E-15
4730.16958071353  7.778989E-15
4730.21597427506  1.198208E-14
4730.26236783659  6.512819E-15
4730.30876139812  3.510562E-15
4730.35515495965  7.963314E-15
4730.40154852118  7.744946E-15
4730.44794208271  1.190897E-14
4730.49433564424  4.491885E-15
4730.54072920577  2.968687E-15
4730.5871227673  9.077886E-15
4730.63351632883  1.283829E-14
4730.67990989036  4.774792E-15
4730.72630345189  1.056038E-14
4730.77269701342  1.258774E-14
4730.81909057496  6.409259E-15
4730.86548413648  4.211846E-15
4730.91187769801  7.911245E-15
4730.95827125955  8.342638E-15
4731.00466482108  1.067276E-14
4731.05105838261  5.494051E-15
4731.09745194414  1.501994E-14
4731.14384550567  9.209372E-15
4731.1902390672  1.247253E-15
4731.23663262873  4.869716E-15
4731.28302619026  9.151272E-15
4731.32941975179  5.620878E-15
4731.37581331332  5.586314E-15
4731.42220687485  8.905590E-15
4731.46860043638  3.609915E-15
4731.51499399791  2.066051E-15
4731.56138755944  8.384849E-15
4731.60778112097  3.104110E-15
4731.6541746825  1.630520E-15
4731.70056824403  8.372225E-15
4731.74696180556  5.511075E-15
4731.79335536709  7.125134E-15
4731.83974892862  1.183305E-14
4731.88614249015  3.787881E-15
4731.93253605168  1.284196E-14
4731.97892961321  3.753768E-15
4732.02532317474  1.064545E-15
4732.07171673627  7.068883E-16
4732.1181102978  -3.064897E-15
4732.16450385933  9.763606E-15
4732.21089742086  2.326923E-14
4732.25729098239  7.156617E-15
4732.30368454392  4.000487E-15
4732.35007810545  1.645584E-16
4732.39647166698  1.048663E-14
4732.44286522852  1.502963E-14
4732.48925879005  1.331863E-14
4732.53565235158  1.381239E-14
4732.58204591311  1.017063E-14
4732.62843947464  6.022701E-15
4732.67483303617  7.693564E-15
4732.7212265977  1.232617E-14
4732.76762015923  2.093456E-15
4732.81401372076  2.647054E-15
4732.86040728229  6.951898E-15
4732.90680084382  -2.534877E-15
4732.95319440535  4.081540E-15
4732.99958796688  6.884535E-15
4733.04598152841  5.519020E-15
4733.09237508994  -1.583925E-15
4733.13876865147  8.233391E-15
4733.185162213  5.368816E-15
4733.23155577453  3.988284E-15
4733.27794933606  1.069856E-14
4733.32434289759  1.685767E-14
4733.37073645912  2.677343E-15
4733.41713002065  6.289489E-15
4733.46352358218  1.185713E-14
4733.50991714371  2.770303E-16
4733.55631070524  1.624096E-14
4733.60270426677  2.458373E-14
4733.6490978283  3.002570E-15
4733.69549138983  1.127711E-14
4733.74188495136  9.926828E-16
4733.78827851289  4.658331E-15
4733.83467207442  1.380056E-14
4733.88106563595  1.098143E-14
4733.92745919748  4.774680E-15
4733.97385275901  6.191895E-15
4734.02024632054  1.521969E-15
4734.06663988208  1.506049E-14
4734.1130334436  2.172535E-14
4734.15942700514  8.456604E-15
4734.20582056666  2.132969E-14
4734.2522141282  1.954769E-14
4734.29860768973  9.126646E-15
4734.34500125126  1.361724E-14
4734.39139481279  9.620580E-15
4734.43778837432  1.187411E-14
4734.48418193585  2.185002E-15
4734.53057549738  8.309380E-15
4734.57696905891  6.970567E-15
4734.62336262044  7.439511E-15
4734.66975618197  6.107333E-15
4734.7161497435  2.254810E-15
4734.76254330503  8.878422E-15
4734.80893686656  7.713938E-15
4734.85533042809  2.141404E-14
4734.90172398962  1.796818E-14
4734.94811755115  1.118378E-14
4734.99451111268  4.163063E-15
4735.04090467421  1.696170E-14
4735.08729823574  2.358572E-14
4735.13369179727  8.594180E-15
4735.1800853588  1.144155E-15
4735.22647892033  1.331292E-14
4735.27287248186  1.190377E-14
4735.31926604339  2.507995E-15
4735.36565960492  3.892631E-15
4735.41205316645  4.693512E-16
4735.45844672798  1.656301E-14
4735.50484028951  5.168665E-15
4735.55123385104  -5.911673E-15
4735.59762741257  7.188261E-15
4735.6440209741  1.219148E-15
4735.69041453563  1.571298E-14
4735.73680809716  1.568758E-14
4735.7832016587  5.195445E-15
4735.82959522023  1.164218E-14
4735.87598878176  8.224668E-15
4735.92238234329  2.685296E-14
4735.96877590482  2.984106E-15
4736.01516946635  1.384603E-14
4736.06156302788  9.459984E-15
4736.10795658941  -3.746260E-16
4736.15435015094  1.496040E-13
4736.20074371247  5.591494E-14
4736.247137274  8.267364E-15
4736.29353083553  2.092665E-14
4736.33992439706  1.271573E-14
4736.38631795859  2.309207E-15
4736.43271152012  9.867136E-15
4736.47910508165  4.785847E-15
4736.52549864318  1.126326E-14
4736.57189220471  1.115887E-14
4736.61828576624  1.153500E-14
4736.66467932777  5.667545E-15
4736.7110728893  3.851196E-15
4736.75746645083  1.246497E-14
4736.80386001236  3.839898E-15
4736.85025357389  4.615816E-14
4736.89664713542  8.016434E-14
4736.94304069695  1.213008E-15
4736.98943425848  1.671768E-14
4737.03582782001  1.066020E-14
4737.08222138154  2.641373E-14
4737.12861494307  7.963789E-15
4737.1750085046  1.029918E-14
4737.22140206613  1.518474E-14
4737.26779562766  1.214861E-14
4737.31418918919  5.899676E-15
4737.36058275072  6.995023E-15
4737.40697631226  3.438613E-14
4737.45336987379  -5.945755E-16
4737.49976343532  4.932200E-15
4737.54615699685  6.820208E-15
4737.59255055838  3.903932E-15
4737.63894411991  1.228090E-14
4737.68533768144  1.455379E-14
4737.73173124297  3.370098E-15
4737.7781248045  4.729223E-15
4737.82451836603  4.119286E-16
4737.87091192756  4.211162E-15
4737.91730548909  2.964029E-14
4737.96369905062  9.111876E-15
4738.01009261215  1.839695E-14
4738.05648617368  9.819591E-15
4738.10287973521  -2.322208E-15
4738.14927329674  -1.278613E-16
4738.19566685827  2.056503E-14
4738.2420604198  1.939117E-14
4738.28845398133  1.521530E-14
4738.33484754286  7.828000E-15
4738.38124110439  1.274474E-14
4738.42763466592  4.138846E-15
4738.47402822745  5.668131E-15
4738.52042178898  -1.977766E-15
4738.56681535051  7.364079E-16
4738.61320891204  6.527429E-15
4738.65960247357  1.973762E-14
4738.7059960351  -2.076733E-15
4738.75238959663  1.674259E-14
4738.79878315816  2.047848E-15
4738.84517671969  2.382561E-14
4738.89157028122  3.286474E-14
4738.93796384275  1.265680E-14
4738.98435740428  8.793727E-15
4739.03075096582  7.141228E-15
4739.07714452735  1.409205E-14
4739.12353808888  -2.690527E-15
4739.16993165041  2.477994E-14
4739.21632521194  -4.466647E-15
4739.26271877347  2.710409E-14
4739.309112335  3.549106E-14
4739.35550589653  4.630285E-15
4739.40189945806  5.766750E-16
4739.44829301959  2.787590E-14
4739.49468658112  2.697481E-15
4739.54108014265  3.200593E-14
4739.58747370418  5.788989E-14
4739.63386726571  6.944930E-14
4739.68026082724  8.425609E-14
4739.72665438877  9.630839E-14
4739.7730479503  1.096681E-13
4739.81944151183  1.320014E-13
4739.86583507336  1.166124E-13
4739.91222863489  1.060059E-13
4739.95862219642  1.039033E-13
4740.00501575795  7.638804E-14
4740.05140931948  6.213282E-14
4740.09780288101  4.349939E-14
4740.14419644254  2.873071E-14
4740.19059000407  -1.245786E-16
4740.2369835656  2.192783E-14
4740.28337712713  1.150365E-14
4740.32977068866  1.481398E-14
4740.37616425019  3.577750E-14
4740.42255781172  1.713175E-14
4740.46895137325  1.491872E-14
4740.51534493478  1.027298E-15
4740.56173849631  1.199854E-14
4740.60813205784  1.425993E-15
4740.65452561938  5.953138E-15
4740.70091918091  9.883875E-15
4740.74731274244  2.463481E-14
4740.79370630397  2.265806E-14
4740.8400998655  1.702433E-14
4740.88649342703  3.438199E-14
4740.93288698855  2.112136E-14
4740.97928055009  2.512489E-14
4741.02567411162  4.671739E-14
4741.07206767315  2.834626E-15
4741.11846123468  1.184459E-14
4741.16485479621  -1.639159E-15
4741.21124835774  -3.284726E-16
4741.25764191927  3.120302E-14
4741.3040354808  1.097921E-14
4741.35042904233  1.436551E-16
4741.39682260386  1.643898E-14
4741.44321616539  6.274775E-15
4741.48960972692  1.107019E-14
4741.53600328845  1.734737E-15
4741.58239684998  2.311082E-14
4741.62879041151  1.917997E-14
4741.67518397304  4.131926E-15
4741.72157753457  2.434652E-14
4741.7679710961  3.912750E-14
4741.81436465763  4.113877E-14
4741.86075821916  1.954420E-15
4741.90715178069  1.231115E-14
4741.95354534222  4.768964E-14
4741.99993890375  3.435855E-14
4742.04633246528  3.634158E-14
4742.09272602681  2.879632E-14
4742.13911958834  1.742240E-14
4742.18551314987  9.581565E-15
4742.2319067114  9.295001E-15
4742.27830027293  1.692898E-14
4742.32469383446  1.781310E-14
4742.371087396  1.511617E-14
4742.41748095753  2.155530E-14
4742.46387451905  2.532021E-14
4742.51026808058  3.093013E-14
4742.55666164212  1.325983E-14
4742.60305520365  8.262025E-15
4742.64944876518  8.029177E-16
4742.69584232671  1.671470E-14
4742.74223588824  1.072712E-14
4742.78862944977  1.914784E-14
4742.8350230113  3.073908E-14
4742.88141657283  1.843613E-14
4742.92781013436  1.125710E-14
4742.97420369589  4.455823E-14
4743.02059725742  1.565513E-14
4743.06699081895  1.215132E-15
4743.11338438048  2.746625E-14
4743.15977794201  1.444516E-14
4743.20617150354  5.208095E-14
4743.25256506507  2.187137E-14
4743.2989586266  1.665631E-14
4743.34535218813  1.810235E-14
4743.39174574966  2.178931E-14
4743.43813931119  3.552396E-14
4743.48453287272  1.843733E-14
4743.53092643425  4.444691E-15
4743.57731999578  4.331901E-14
4743.62371355731  4.408658E-14
4743.67010711884  5.980267E-15
4743.71650068037  2.833618E-14
4743.7628942419  1.702508E-14
4743.80928780343  1.610049E-14
4743.85568136496  1.352877E-14
4743.90207492649  4.009178E-14
4743.94846848802  6.655962E-14
4743.99486204955  6.548613E-14
4744.04125561109  1.195977E-14
4744.08764917262  -4.347870E-15
4744.13404273415  -5.085270E-15
4744.18043629568  3.207783E-14
4744.22682985721  1.106063E-14
4744.27322341874  3.056169E-14
4744.31961698027  3.392671E-14
4744.3660105418  1.659630E-14
4744.41240410333  5.181002E-14
4744.45879766486  1.952895E-14
4744.50519122639  2.562981E-14
4744.55158478792  4.332567E-14
4744.59797834945  8.634672E-15
4744.64437191098  5.593725E-15
4744.69076547251  1.008753E-14
4744.73715903404  2.607080E-14
4744.78355259557  4.929280E-14
4744.8299461571  2.582448E-14
4744.87633971863  8.599978E-15
4744.92273328016  1.934973E-14
4744.96912684169  4.416564E-14
4745.01552040322  3.282876E-14
4745.06191396475  3.022603E-14
4745.10830752628  3.731672E-14
4745.15470108781  1.584828E-14
4745.20109464934  2.941116E-14
4745.24748821087  3.137028E-14
4745.2938817724  1.133052E-15
4745.34027533393  6.747985E-14
4745.38666889546  2.946765E-14
4745.43306245699  4.209909E-15
4745.47945601852  3.767009E-14
4745.52584958005  4.752241E-14
4745.57224314158  4.846390E-14
4745.61863670311  1.377728E-14
4745.66503026465  3.703785E-14
4745.71142382617  2.321822E-14
4745.75781738771  2.959511E-14
4745.80421094923  2.281362E-14
4745.85060451077  2.096468E-14
4745.8969980723  6.062158E-14
4745.94339163383  2.774689E-14
4745.98978519536  2.661329E-14
4746.03617875689  5.952321E-15
4746.08257231842  6.918238E-14
4746.12896587995  5.981747E-14
4746.17535944148  6.142277E-15
4746.22175300301  4.035406E-14
4746.26814656454  2.197452E-14
4746.31454012607  2.839219E-14
4746.3609336876  3.596829E-14
4746.40732724913  5.395326E-14
4746.45372081066  6.637768E-14
4746.50011437219  1.997531E-14
4746.54650793372  4.923215E-15
4746.59290149525  -1.461244E-15
4746.63929505678  2.195077E-14
4746.68568861831  1.009197E-14
4746.73208217984  -7.107006E-15
4746.77847574137  -2.608432E-15
4746.8248693029  4.669741E-14
4746.87126286443  1.698721E-14
4746.91765642596  7.365234E-15
4746.96404998749  1.634183E-14
4747.01044354902  2.171923E-14
4747.05683711055  2.630402E-14
4747.10323067208  4.817924E-14
4747.14962423361  2.797595E-14
4747.19601779514  4.376912E-14
4747.24241135667  1.370202E-14
4747.2888049182  -2.725541E-14
4747.33519847973  -3.750038E-15
4747.38159204127  1.761397E-16
4747.4279856028  2.050036E-14
4747.47437916433  5.234460E-15
4747.52077272586  1.864923E-14
4747.56716628739  2.633315E-14
4747.61355984892  5.216598E-14
4747.65995341045  8.329363E-14
4747.70634697198  8.755991E-15
4747.75274053351  2.689836E-14
4747.79913409504  3.706121E-14
4747.84552765657  4.797405E-14
4747.8919212181  2.497919E-14
4747.93831477963  9.900504E-15
4747.98470834116  3.683426E-14
4748.03110190269  1.425853E-14
4748.07749546422  6.040730E-14
4748.12388902575  1.060587E-13
4748.17028258728  2.146878E-14
4748.21667614881  -6.261309E-15
4748.26306971034  2.275530E-15
4748.30946327187  3.089583E-14
4748.3558568334  3.069924E-14
4748.40225039493  3.808245E-14
4748.44864395646  4.253693E-14
4748.49503751799  3.047803E-14
4748.54143107952  3.113219E-14
4748.58782464105  4.639340E-14
4748.63421820258  5.034677E-14
4748.68061176411  4.007912E-14
4748.72700532564  6.126962E-14
4748.77339888717  6.219066E-14
4748.8197924487  3.888809E-14
4748.86618601023  2.395755E-14
4748.91257957176  -1.390309E-14
4748.95897313329  3.939468E-14
4749.00536669483  4.430263E-14
4749.05176025636  7.461302E-14
4749.09815381789  1.549373E-14
4749.14454737942  3.462977E-14
4749.19094094095  5.777905E-14
4749.23733450248  5.774074E-14
4749.28372806401  2.290302E-14
4749.33012162554  7.326838E-14
4749.37651518707  4.613243E-14
4749.4229087486  1.849793E-14
4749.46930231013  5.357537E-14
4749.51569587166  5.517624E-14
4749.56208943319  7.432793E-14
4749.60848299472  4.240551E-13
4749.65487655625  1.109231E-12
4749.70127011778  -3.141216E-14
4749.74766367931  5.588958E-14
4749.79405724084  1.732889E-14
4749.84045080237  2.816881E-14
4749.8868443639  3.533657E-14
4749.93323792543  7.903898E-14
4749.97963148696  2.967458E-14
4750.02602504849  4.455349E-14
4750.07241861002  4.720113E-14
4750.11881217155  9.946711E-14
4750.16520573308  1.593003E-14
4750.21159929461  3.972524E-14
4750.25799285614  4.244368E-14
4750.30438641767  5.256418E-14
4750.3507799792  9.512679E-14
4750.39717354073  4.968033E-14
4750.44356710226  3.118161E-14
4750.48996066379  3.688678E-14
4750.53635422533  7.049964E-14
4750.58274778685  -5.782485E-15
4750.62914134839  -8.117112E-15
4750.67553490992  5.066804E-14
4750.72192847145  5.630574E-14
4750.76832203298  2.386260E-14
4750.81471559451  3.111543E-14
4750.86110915604  4.940228E-14
4750.90750271757  3.942711E-14
4750.9538962791  7.266222E-14
4751.00028984063  3.691684E-14
4751.04668340216  5.075886E-14
4751.09307696369  3.916119E-14
4751.13947052522  4.894955E-14
4751.18586408675  2.299777E-14
4751.23225764828  1.158206E-13
4751.27865120981  5.864172E-14
4751.32504477134  3.792823E-14
4751.37143833287  6.550550E-14
4751.4178318944  9.501461E-14
4751.46422545593  4.559022E-14
4751.51061901746  1.239339E-14
4751.55701257899  1.504374E-14
4751.60340614052  3.391737E-14
4751.64979970205  5.194771E-14
4751.69619326358  3.973928E-14
4751.74258682511  2.780425E-14
4751.78898038664  2.248047E-14
4751.83537394817  5.427412E-14
4751.8817675097  9.885736E-14
4751.92816107123  7.271407E-14
4751.97455463276  -2.175312E-14
4752.02094819429  4.335373E-14
4752.06734175582  4.386129E-14
4752.11373531735  5.819780E-14
4752.16012887888  3.521439E-14
4752.20652244041  1.185621E-14
4752.25291600195  -1.774581E-14
4752.29930956347  4.642855E-14
4752.34570312501  5.994372E-14
