4805.3364257813  6.741500E-15
4805.38424435183  -8.695648E-14
4805.43206292235  2.433057E-13
4805.47988149288  5.585607E-13
4805.5277000634  4.800340E-13
4805.57551863392  5.259563E-13
4805.62333720445  5.410123E-13
4805.67115577497  2.355142E-13
4805.71897434549  -1.201387E-13
4805.76679291602  1.086825E-13
4805.81461148654  3.398475E-13
4805.86243005707  5.516371E-13
4805.91024862759  5.945661E-13
4805.95806719811  9.901723E-14
4806.00588576864  -3.955988E-14
4806.05370433916  1.156552E-13
4806.10152290968  1.933838E-13
4806.14934148021  1.746272E-13
4806.19716005073  1.760609E-13
4806.24497862126  1.534892E-13
4806.29279719178  1.934423E-13
4806.3406157623  3.973755E-13
4806.38843433283  4.614287E-13
4806.43625290335  3.683382E-13
4806.48407147387  2.702522E-13
4806.5318900444  2.796171E-13
4806.57970861492  3.347776E-13
4806.62752718545  2.119766E-13
4806.67534575597  1.195520E-13
4806.72316432649  2.190844E-13
4806.77098289702  8.047341E-14
4806.81880146754  1.237760E-13
4806.86662003806  1.953161E-13
4806.91443860859  5.184027E-14
4806.96225717911  5.955925E-14
4807.01007574963  -2.537187E-14
4807.05789432016  1.999085E-13
4807.10571289068  5.848627E-13
4807.15353146121  1.944670E-13
4807.20135003173  9.863417E-14
4807.24916860225  2.575681E-13
4807.29698717277  2.328770E-13
4807.3448057433  1.270969E-13
4807.39262431382  1.916335E-13
4807.44044288435  2.595946E-13
4807.48826145487  1.809837E-13
4807.53608002539  8.335123E-14
4807.58389859592  1.491849E-13
4807.63171716644  9.834960E-14
4807.67953573696  -5.426109E-14
4807.72735430749  -3.524919E-14
4807.77517287801  1.034756E-13
4807.82299144854  2.303657E-13
4807.87081001906  9.303350E-14
4807.91862858958  -1.614823E-13
4807.96644716011  7.947646E-14
4808.01426573063  1.773404E-13
4808.06208430115  -8.255869E-15
4808.10990287168  -1.663150E-13
4808.1577214422  -1.008181E-13
4808.20554001272  2.931279E-13
4808.25335858325  3.944791E-13
4808.30117715377  2.706724E-13
4808.34899572429  5.473333E-13
4808.39681429482  2.603775E-13
4808.44463286534  -2.550890E-14
4808.49245143587  5.172849E-14
4808.54027000639  1.018187E-13
4808.58808857691  9.112986E-14
4808.63590714744  9.148913E-14
4808.68372571796  9.683358E-14
4808.73154428848  7.443496E-14
4808.77936285901  8.582651E-14
4808.82718142953  1.504520E-13
4808.87500000006  1.273279E-13
4808.92281857058  2.723489E-14
4808.9706371411  7.228103E-14
4809.01845571163  4.255707E-14
4809.06627428215  4.866450E-14
4809.11409285267  8.064940E-14
4809.1619114232  -4.342854E-14
4809.20972999372  1.103091E-15
4809.25754856425  1.842928E-13
4809.30536713477  1.922002E-13
4809.35318570529  -2.464468E-14
4809.40100427582  6.450946E-14
4809.44882284634  1.793921E-13
4809.49664141686  1.508713E-13
4809.54445998739  9.841492E-14
4809.59227855791  1.230359E-13
4809.64009712843  2.393426E-13
4809.68791569896  2.403967E-13
4809.73573426948  1.138824E-13
4809.78355284  1.231651E-13
4809.83137141053  2.022861E-13
4809.87918998105  1.608574E-14
4809.92700855158  6.698850E-13
4809.9748271221  2.316517E-12
4810.02264569262  9.433318E-13
4810.07046426315  -1.691683E-13
4810.11828283367  2.764354E-14
4810.16610140419  -4.238746E-14
4810.21391997472  -6.811916E-14
4810.26173854524  2.861008E-14
4810.30955711576  9.283427E-14
4810.35737568629  2.963984E-14
4810.40519425681  -2.202295E-14
4810.45301282734  7.950742E-14
4810.50083139786  7.249184E-14
4810.54864996838  -5.890106E-14
4810.59646853891  -4.714915E-14
4810.64428710943  4.975750E-14
4810.69210567996  5.533584E-14
4810.73992425048  -2.706137E-14
4810.787742821  -3.821965E-14
4810.83556139153  8.415322E-14
4810.88337996205  8.007568E-14
4810.93119853257  -1.228422E-14
4810.9790171031  -2.536705E-14
4811.02683567362  5.564358E-14
4811.07465424414  1.246411E-13
4811.12247281467  9.403954E-14
4811.17029138519  1.381820E-14
4811.21810995572  -1.403329E-14
4811.26592852624  2.125233E-15
4811.31374709676  6.592177E-14
4811.36156566729  8.897926E-14
4811.40938423781  3.494635E-14
4811.45720280833  5.983769E-15
4811.50502137886  1.076722E-14
4811.55283994938  5.181943E-14
4811.6006585199  7.382233E-14
4811.64847709043  4.428890E-14
4811.69629566095  9.517274E-14
4811.74411423148  1.349935E-13
4811.791932802  1.216658E-13
4811.83975137252  1.035394E-13
4811.88756994305  9.101231E-14
4811.93538851357  3.557671E-14
4811.98320708409  1.600077E-14
4812.03102565462  3.251852E-14
4812.07884422514  -1.458844E-14
4812.12666279567  -1.859077E-14
4812.17448136619  6.912248E-14
4812.22229993671  1.140124E-13
4812.27011850723  6.494247E-14
4812.31793707776  1.209656E-13
4812.36575564828  -3.616235E-14
4812.41357421881  -7.952983E-14
4812.46139278933  1.232884E-13
4812.50921135985  1.050736E-13
4812.55702993038  5.361669E-14
4812.6048485009  7.437935E-14
4812.65266707142  7.871705E-14
4812.70048564195  1.995074E-14
4812.74830421247  6.776633E-14
4812.79612278299  1.060543E-13
4812.84394135352  6.522665E-14
4812.89175992404  4.302425E-14
4812.93957849457  1.213589E-13
4812.98739706509  7.349895E-14
4813.03521563561  -6.617072E-16
4813.08303420614  9.349788E-13
4813.13085277666  2.401097E-12
4813.17867134719  1.151065E-12
4813.22648991771  6.521908E-14
4813.27430848823  3.806082E-14
4813.32212705876  8.692503E-14
4813.36994562928  1.747257E-14
4813.4177641998  5.250708E-14
4813.46558277033  9.591508E-14
4813.51340134085  4.686788E-14
4813.56121991137  -3.584862E-14
4813.6090384819  -6.689861E-14
4813.65685705242  3.689619E-14
4813.70467562295  7.471061E-14
4813.75249419347  4.204796E-15
4813.80031276399  4.417568E-14
4813.84813133452  6.004316E-14
4813.89594990504  3.881314E-14
4813.94376847556  2.291151E-14
4813.99158704609  5.863750E-14
4814.03940561661  1.547150E-13
4814.08722418713  1.056072E-13
4814.13504275766  1.574787E-14
4814.18286132818  3.001775E-14
4814.2306798987  8.165534E-14
4814.27849846923  6.756667E-14
4814.32631703975  1.044606E-13
4814.37413561027  1.341283E-13
4814.4219541808  6.707096E-14
4814.46977275132  1.685522E-14
4814.51759132185  -2.458605E-14
4814.56540989237  -5.978727E-15
4814.61322846289  3.894554E-14
4814.66104703342  2.612171E-14
4814.70886560394  1.507436E-14
4814.75668417447  4.829063E-14
4814.80450274499  8.863553E-14
4814.85232131551  7.809022E-14
4814.90013988604  3.495475E-14
4814.94795845656  6.693516E-14
4814.99577702708  5.327603E-14
4815.04359559761  -1.737401E-14
4815.09141416813  -4.487440E-14
4815.13923273865  -3.271171E-14
4815.18705130918  3.205659E-14
4815.2348698797  8.377312E-14
4815.28268845022  6.396145E-14
4815.33050702075  2.014536E-14
4815.37832559127  6.017802E-14
4815.4261441618  1.192180E-14
4815.47396273232  -2.629446E-14
4815.52178130284  3.198981E-14
4815.56959987337  1.572667E-14
4815.61741844389  2.282513E-14
4815.66523701441  6.690677E-14
4815.71305558494  7.358377E-14
4815.76087415546  3.337818E-14
4815.80869272598  4.861850E-14
4815.85651129651  4.010938E-14
4815.90432986703  1.682196E-14
4815.95214843756  4.866513E-15
4815.99996700808  -6.795322E-19
4816.0477855786  3.575416E-14
4816.09560414913  5.269004E-14
4816.14342271965  5.960831E-14
4816.19124129017  6.992000E-14
4816.2390598607  5.916022E-14
4816.28687843122  8.712861E-14
4816.33469700175  3.429186E-14
4816.38251557227  -2.961160E-14
4816.43033414279  1.180945E-14
4816.47815271332  5.123408E-14
4816.52597128384  7.905920E-14
4816.57378985436  6.067499E-14
4816.62160842489  2.953339E-14
4816.66942699541  2.991029E-14
4816.71724556593  2.147601E-16
4816.76506413646  6.474046E-16
4816.81288270698  5.664714E-14
4816.86070127751  8.459637E-14
4816.90851984803  2.958858E-14
4816.95633841855  3.541897E-14
4817.00415698908  4.778593E-14
4817.0519755596  5.006531E-14
4817.09979413012  4.442313E-14
4817.14761270065  1.145094E-14
4817.19543127117  3.179852E-14
4817.24324984169  1.868268E-14
4817.29106841222  -3.830704E-15
4817.33888698274  1.864077E-14
4817.38670555326  1.837381E-14
4817.43452412379  3.583337E-14
4817.48234269431  3.069367E-14
4817.53016126484  -1.912126E-15
4817.57797983536  -9.087862E-15
4817.62579840588  2.211871E-14
4817.67361697641  3.493853E-14
4817.72143554693  4.648492E-14
4817.76925411746  4.565580E-14
4817.81707268798  5.990422E-16
4817.8648912585  -2.659586E-14
4817.91270982902  1.725010E-14
4817.96052839955  4.210131E-14
4818.00834697007  9.268964E-15
4818.0561655406  -2.391928E-15
4818.10398411112  2.459932E-14
4818.15180268164  4.831728E-14
4818.19962125217  2.267677E-14
4818.24743982269  1.535011E-14
4818.29525839322  8.665437E-14
4818.34307696374  4.827077E-14
4818.39089553426  1.598546E-14
4818.43871410478  1.651244E-14
4818.48653267531  9.773642E-15
4818.53435124583  2.389258E-14
4818.58216981636  4.566127E-14
4818.62998838688  3.250133E-14
4818.6778069574  1.903554E-14
4818.72562552793  2.495786E-14
4818.77344409845  3.778934E-15
4818.82126266897  1.663327E-15
4818.8690812395  2.511075E-14
4818.91689981002  3.339986E-14
4818.96471838055  3.036607E-14
4819.01253695107  5.927862E-14
4819.06035552159  3.415181E-14
4819.10817409212  2.379854E-14
4819.15599266264  3.314899E-14
4819.20381123316  2.900025E-14
4819.25162980369  4.560552E-14
4819.29944837421  3.568331E-14
4819.34726694473  2.211990E-14
4819.39508551526  1.599759E-14
4819.44290408578  1.304414E-14
4819.49072265631  2.394714E-14
4819.53854122683  1.319669E-14
4819.58635979735  2.228968E-14
4819.63417836788  4.070873E-14
4819.6819969384  2.818566E-14
4819.72981550892  1.101586E-14
4819.77763407945  1.905146E-14
4819.82545264997  1.715624E-14
4819.8732712205  9.247829E-15
4819.92108979102  1.899105E-14
4819.96890836154  1.557645E-14
4820.01672693207  -2.565477E-14
4820.06454550259  -9.104872E-15
4820.11236407311  5.350311E-14
4820.16018264364  5.736588E-14
4820.20800121416  8.482120E-16
4820.25581978469  1.465902E-14
4820.30363835521  1.583804E-14
4820.35145692573  1.603849E-14
4820.39927549626  5.023809E-14
4820.44709406678  3.388222E-14
4820.4949126373  4.277273E-14
4820.54273120783  3.111575E-14
4820.59054977835  1.149849E-14
4820.63836834887  1.897904E-14
4820.6861869194  2.253885E-14
4820.73400548992  4.645993E-14
4820.78182406045  7.604876E-14
4820.82964263097  6.815522E-14
4820.87746120149  2.907304E-14
4820.92527977202  1.577658E-14
4820.97309834254  2.035794E-14
4821.02091691306  5.982063E-15
4821.06873548359  1.000968E-14
4821.11655405411  3.308443E-14
4821.16437262463  1.688478E-14
4821.21219119516  1.372291E-14
4821.26000976568  2.865741E-14
4821.3078283362  3.491425E-14
4821.35564690673  2.156909E-14
4821.40346547725  5.554277E-15
4821.45128404778  8.336583E-17
4821.4991026183  -1.595120E-15
4821.54692118882  6.513087E-15
4821.59473975935  2.108191E-14
4821.64255832987  2.038966E-14
4821.69037690039  -6.988410E-16
4821.73819547092  9.007602E-17
4821.78601404144  -2.270482E-15
4821.83383261196  -6.978824E-15
4821.88165118249  3.373460E-14
4821.92946975301  1.289630E-13
4821.97728832354  2.233280E-13
4822.02510689406  1.272854E-13
4822.07292546458  -1.026363E-14
4822.12074403511  2.643295E-15
4822.16856260563  9.273429E-15
4822.21638117615  1.106125E-14
4822.26419974668  1.225024E-14
4822.3120183172  1.047448E-14
4822.35983688773  3.087608E-15
4822.40765545825  1.398695E-15
4822.45547402877  3.337122E-14
4822.50329259929  2.550846E-14
4822.55111116982  8.635924E-15
4822.59892974034  1.717862E-14
4822.64674831087  1.892831E-14
4822.69456688139  2.081672E-14
4822.74238545191  6.193008E-15
4822.79020402244  4.556276E-15
4822.83802259296  1.608461E-14
4822.88584116349  1.869788E-14
4822.93365973401  2.936666E-14
4822.98147830453  2.795087E-14
4823.02929687506  2.426718E-14
4823.07711544558  1.635048E-14
4823.1249340161  2.855196E-15
4823.17275258663  5.394500E-15
4823.22057115715  2.048072E-14
4823.26838972768  2.302308E-14
4823.3162082982  2.414583E-14
4823.36402686872  2.681818E-14
4823.41184543925  1.346155E-14
4823.45966400977  4.363465E-15
4823.50748258029  -7.926874E-16
4823.55530115082  2.401888E-15
4823.60311972134  1.714009E-14
4823.65093829186  2.873235E-14
4823.69875686239  1.907959E-14
4823.74657543291  1.471361E-14
4823.79439400343  1.211445E-14
4823.84221257396  1.097372E-14
4823.89003114448  1.139473E-14
4823.93784971501  5.115869E-15
4823.98566828553  5.470567E-15
4824.03348685605  1.032300E-14
4824.08130542658  1.068526E-14
4824.1291239971  5.906125E-15
4824.17694256762  5.450912E-15
4824.22476113815  1.718876E-14
4824.27257970867  3.713944E-14
4824.3203982792  3.600347E-14
4824.36821684972  1.191672E-14
4824.41603542024  -3.095815E-15
4824.46385399077  7.976550E-15
4824.51167256129  1.748318E-14
4824.55949113181  2.678619E-14
4824.60730970234  2.735640E-14
4824.65512827286  7.781283E-15
4824.70294684338  -4.378491E-15
4824.75076541391  3.290549E-14
4824.79858398443  3.245754E-14
4824.84640255496  1.645950E-15
4824.89422112548  6.202667E-15
4824.942039696  3.133281E-14
4824.98985826653  1.309749E-14
4825.03767683705  3.168047E-14
4825.08549540757  2.953779E-14
4825.1333139781  1.105591E-14
4825.18113254862  3.441126E-16
4825.22895111914  -8.394016E-16
4825.27676968967  3.407425E-14
4825.32458826019  1.890975E-14
4825.37240683071  5.745276E-16
4825.42022540124  7.939509E-15
4825.46804397176  1.506940E-14
4825.51586254229  1.335498E-14
4825.56368111281  -3.675437E-15
4825.61149968333  2.717121E-15
4825.65931825386  1.398785E-14
4825.70713682438  1.718636E-14
4825.7549553949  2.003198E-14
4825.80277396543  6.673569E-15
4825.85059253595  8.311295E-15
4825.89841110647  1.852142E-14
4825.946229677  1.534301E-14
4825.99404824752  8.091443E-15
4826.04186681805  1.612012E-14
4826.08968538857  1.374423E-14
4826.13750395909  9.866923E-16
4826.18532252962  5.251896E-15
4826.23314110014  5.019698E-15
4826.28095967066  -2.908905E-15
4826.32877824119  2.672099E-14
4826.37659681171  3.295384E-14
4826.42441538224  1.329551E-14
4826.47223395276  -3.452252E-17
4826.52005252328  7.401515E-15
4826.56787109381  1.439529E-14
4826.61568966433  1.337270E-15
4826.66350823485  3.689313E-15
4826.71132680538  9.896470E-15
4826.7591453759  1.532471E-14
4826.80696394642  1.658586E-14
4826.85478251695  9.546204E-15
4826.90260108747  1.689594E-14
4826.950419658  2.396119E-14
4826.99823822852  1.863175E-14
4827.04605679904  8.852246E-15
4827.09387536957  3.710272E-15
4827.14169394009  2.923193E-15
4827.18951251061  1.193093E-14
4827.23733108114  2.606256E-14
4827.28514965166  2.548870E-14
4827.33296822218  1.542899E-14
4827.38078679271  1.732718E-14
4827.42860536323  2.723304E-14
4827.47642393375  2.143494E-14
4827.52424250428  1.356376E-14
4827.5720610748  1.632613E-14
4827.61987964533  1.939432E-14
4827.66769821585  1.468577E-14
4827.71551678637  9.160643E-15
4827.7633353569  -8.540861E-15
4827.81115392742  -3.015886E-15
4827.85897249794  9.008548E-15
4827.90679106847  3.259419E-15
4827.95460963899  1.085334E-15
4828.00242820952  2.114637E-14
4828.05024678004  2.076641E-14
4828.09806535056  1.932472E-14
4828.14588392109  1.336633E-14
4828.19370249161  2.697795E-15
4828.24152106213  1.432467E-15
4828.28933963266  1.625342E-15
4828.33715820318  1.505094E-14
4828.3849767737  1.363611E-14
4828.43279534423  8.780266E-15
4828.48061391475  5.514924E-15
4828.52843248528  -2.638781E-15
4828.5762510558  9.126631E-15
4828.62406962632  1.144197E-14
4828.67188819685  1.660829E-14
4828.71970676737  1.800749E-14
4828.76752533789  1.665304E-14
4828.81534390842  2.126940E-14
4828.86316247894  1.167328E-14
4828.91098104946  2.879717E-15
4828.95879961999  1.234594E-15
4829.00661819051  -2.207448E-16
4829.05443676104  -1.755533E-15
4829.10225533156  2.366602E-15
4829.15007390208  7.933585E-15
4829.19789247261  9.129572E-15
4829.24571104313  2.034576E-15
4829.29352961365  -5.154447E-15
4829.34134818418  2.711719E-15
4829.3891667547  1.815514E-14
4829.43698532522  1.663773E-14
4829.48480389575  1.756173E-14
4829.53262246627  1.149381E-14
4829.5804410368  1.621943E-14
4829.62825960732  1.820536E-14
4829.67607817784  6.491080E-15
4829.72389674837  1.316541E-14
4829.77171531889  5.600282E-15
4829.81953388941  2.134260E-15
4829.86735245994  5.171079E-15
4829.91517103046  4.274864E-15
4829.96298960099  -5.782576E-16
4830.01080817151  -2.059401E-15
4830.05862674203  1.744833E-15
4830.10644531256  6.740714E-15
4830.15426388308  6.584872E-15
4830.2020824536  6.450753E-15
4830.24990102413  9.741180E-15
4830.29771959465  7.953727E-15
4830.34553816517  3.017285E-15
4830.3933567357  1.748075E-14
4830.44117530622  1.819350E-14
4830.48899387675  4.789263E-15
4830.53681244727  1.669329E-15
4830.58463101779  6.850691E-15
4830.63244958832  6.959806E-15
4830.68026815884  1.137933E-14
4830.72808672936  5.892897E-15
4830.77590529989  1.290526E-14
4830.82372387041  1.942031E-14
4830.87154244094  1.154037E-14
4830.91936101146  2.079326E-14
4830.96717958198  1.037242E-14
4831.01499815251  7.169575E-15
4831.06281672303  -1.826244E-14
4831.11063529355  1.602906E-13
4831.15845386408  3.301378E-13
4831.2062724346  8.154354E-14
4831.25409100512  1.749702E-15
4831.30190957565  1.859951E-15
4831.34972814617  4.192739E-15
4831.39754671669  6.371002E-15
4831.44536528722  5.831187E-15
4831.49318385774  3.403372E-15
4831.54100242827  5.502411E-15
4831.58882099879  8.795006E-16
4831.63663956931  1.816063E-15
4831.68445813984  5.427960E-15
4831.73227671036  6.158301E-15
4831.78009528088  5.490940E-15
4831.82791385141  4.382114E-15
4831.87573242193  3.090990E-15
4831.92355099246  5.113820E-16
4831.97136956298  3.823543E-15
4832.0191881335  5.520031E-15
4832.06700670402  8.925130E-15
4832.11482527455  1.324313E-14
4832.16264384507  7.144098E-16
4832.2104624156  4.421894E-15
4832.25828098612  9.039886E-15
4832.30609955664  3.185598E-15
4832.35391812717  7.673133E-15
4832.40173669769  1.486995E-14
4832.44955526821  1.141853E-15
4832.49737383874  3.111981E-16
4832.54519240926  1.366884E-15
4832.59301097979  3.719697E-15
4832.64082955031  6.975035E-15
4832.68864812083  5.437302E-15
4832.73646669136  1.902404E-15
4832.78428526188  3.524686E-15
4832.8321038324  1.936365E-15
4832.87992240293  3.023998E-15
4832.92774097345  4.930070E-16
4832.97555954398  5.901315E-15
4833.0233781145  1.145343E-14
4833.07119668502  6.503907E-15
4833.11901525555  1.283073E-14
4833.16683382607  8.544574E-15
4833.21465239659  3.631746E-15
4833.26247096712  1.476167E-15
4833.31028953764  8.946277E-15
4833.35810810816  1.382113E-14
4833.40592667869  6.174214E-15
4833.45374524921  1.116641E-14
4833.50156381974  1.977767E-15
4833.54938239026  2.456678E-15
4833.59720096078  5.305455E-15
4833.64501953131  5.831494E-15
4833.69283810183  8.874069E-15
4833.74065667235  8.497475E-15
4833.78847524288  8.778838E-15
4833.8362938134  1.394597E-14
4833.88411238393  7.325847E-15
4833.93193095445  2.048553E-15
4833.97974952497  5.904465E-15
4834.02756809549  6.301026E-15
4834.07538666602  -1.001049E-15
4834.12320523654  -4.524650E-15
4834.17102380707  4.098224E-15
4834.21884237759  7.643898E-15
4834.26666094811  1.168244E-14
4834.31447951864  1.124189E-14
4834.36229808916  7.575116E-15
4834.41011665969  1.377562E-14
4834.45793523021  7.582182E-15
4834.50575380073  2.594839E-15
4834.55357237126  6.140144E-15
4834.60139094178  2.305894E-15
4834.6492095123  -1.679201E-15
4834.69702808283  5.310264E-15
4834.74484665335  9.883338E-15
4834.79266522387  7.564241E-15
4834.8404837944  9.111097E-16
4834.88830236492  2.792256E-15
4834.93612093544  6.427876E-15
4834.98393950597  5.100914E-15
4835.03175807649  1.667070E-15
4835.07957664702  1.382845E-15
4835.12739521754  6.638122E-15
4835.17521378806  7.663807E-15
4835.22303235859  1.359951E-14
4835.27085092911  1.548794E-14
4835.31866949963  1.380144E-14
4835.36648807016  1.138353E-14
4835.41430664068  5.196336E-15
4835.4621252112  2.671061E-15
4835.50994378173  4.659504E-15
4835.55776235225  7.131167E-15
4835.60558092278  8.940585E-15
4835.6533994933  3.537408E-15
4835.70121806382  -1.736659E-15
4835.74903663435  1.776104E-15
4835.79685520487  5.192187E-15
4835.84467377539  8.842032E-15
4835.89249234592  6.420361E-15
4835.94031091644  5.776337E-15
4835.98812948697  4.645226E-15
4836.03594805749  6.280384E-15
4836.08376662801  9.158610E-15
4836.13158519854  6.376356E-15
4836.17940376906  8.664497E-15
4836.22722233958  4.542113E-15
4836.27504091011  3.182821E-15
4836.32285948063  1.585255E-14
4836.37067805115  1.868353E-14
4836.41849662168  5.920181E-15
4836.4663151922  2.677264E-15
4836.51413376272  8.856194E-15
4836.56195233325  8.484620E-15
4836.60977090377  4.900636E-16
4836.6575894743  5.438558E-15
4836.70540804482  4.914395E-15
4836.75322661534  2.328034E-15
4836.80104518587  1.020528E-14
4836.84886375639  9.912864E-15
4836.89668232691  1.910334E-15
4836.94450089744  1.922695E-15
4836.99231946796  1.686284E-15
4837.04013803848  5.713833E-15
4837.08795660901  5.968125E-15
4837.13577517953  -5.922409E-16
4837.18359375006  7.706356E-16
4837.23141232058  9.055409E-15
4837.2792308911  5.825754E-15
4837.32704946163  6.816935E-15
4837.37486803215  8.650970E-15
4837.42268660267  -2.646814E-15
4837.4705051732  6.547197E-14
4837.51832374372  9.927993E-14
4837.56614231425  2.374288E-15
4837.61396088477  -2.050695E-15
4837.66177945529  -2.723574E-15
4837.70959802582  4.201331E-15
4837.75741659634  6.652009E-15
4837.80523516686  5.091867E-15
4837.85305373739  2.841274E-15
4837.90087230791  1.792583E-15
4837.94869087844  5.470500E-15
4837.99650944896  7.597064E-15
4838.04432801948  7.901192E-15
4838.09214659001  9.272121E-15
4838.13996516053  6.445856E-15
4838.18778373105  4.939596E-15
4838.23560230158  8.677941E-15
4838.2834208721  8.994336E-15
4838.33123944262  2.363627E-15
4838.37905801315  -1.116174E-15
4838.42687658367  1.277518E-15
4838.47469515419  1.288885E-14
4838.52251372472  9.232644E-15
4838.57033229524  4.975481E-15
4838.61815086577  5.062987E-15
4838.66596943629  1.404573E-15
4838.71378800681  1.575371E-15
4838.76160657734  5.565225E-15
4838.80942514786  5.250956E-15
4838.85724371838  8.723196E-15
4838.90506228891  7.819958E-15
4838.95288085943  2.981506E-15
4839.00069942995  9.249003E-15
4839.04851800048  1.158069E-14
4839.096336571  4.834601E-16
4839.14415514153  2.063534E-15
4839.19197371205  6.321256E-16
4839.23979228257  -3.347560E-15
4839.2876108531  1.065957E-15
4839.33542942362  3.028955E-15
4839.38324799414  4.348027E-15
4839.43106656467  9.198110E-15
4839.47888513519  7.866095E-15
4839.52670370571  1.508997E-15
4839.57452227624  3.048416E-15
4839.62234084676  7.780447E-16
4839.67015941728  3.909118E-15
4839.71797798781  5.195116E-15
4839.76579655833  -1.155968E-15
4839.81361512886  -2.932700E-15
4839.86143369938  3.683417E-15
4839.9092522699  6.891635E-15
4839.95707084043  7.410432E-15
4840.00488941095  1.194752E-14
4840.05270798148  6.306115E-15
4840.100526552  -4.399028E-15
4840.14834512252  -4.324452E-15
4840.19616369305  -1.548337E-15
4840.24398226357  2.999411E-15
4840.29180083409  7.626137E-15
4840.33961940462  4.550379E-15
4840.38743797514  6.873611E-15
4840.43525654566  3.889203E-16
4840.48307511619  7.480218E-16
4840.53089368671  8.680057E-15
4840.57871225724  8.179253E-15
4840.62653082776  8.973640E-15
4840.67434939828  1.515212E-14
4840.72216796881  1.024432E-14
4840.76998653933  5.905202E-16
4840.81780510985  3.557720E-15
4840.86562368038  2.132317E-15
4840.9134422509  8.120900E-15
4840.96126082142  9.499958E-15
4841.00907939195  8.725513E-15
4841.05689796247  4.032283E-15
4841.10471653299  4.264707E-16
4841.15253510352  5.902344E-15
4841.20035367404  8.361816E-15
4841.24817224457  6.088198E-15
4841.29599081509  4.487801E-15
4841.34380938561  7.832280E-15
4841.39162795614  8.720331E-15
4841.43944652666  6.083821E-15
4841.48726509718  3.889424E-15
4841.53508366771  5.828461E-15
4841.58290223823  8.154131E-15
4841.63072080876  2.752350E-15
4841.67853937928  -2.961140E-15
4841.7263579498  2.725933E-15
4841.77417652033  3.992346E-15
4841.82199509085  3.322539E-16
4841.86981366137  2.174285E-15
4841.9176322319  1.744728E-15
4841.96545080242  3.694703E-15
4842.01326937295  8.499011E-15
4842.06108794347  1.918959E-15
4842.10890651399  -1.859931E-15
4842.15672508452  2.041568E-15
4842.20454365504  5.461148E-15
4842.25236222556  3.538354E-15
4842.30018079608  3.991809E-15
4842.34799936661  4.200426E-15
4842.39581793713  -4.564478E-16
4842.44363650766  1.416222E-16
4842.49145507818  6.504452E-15
4842.53927364871  3.691283E-15
4842.58709221923  4.587647E-17
4842.63491078975  2.430118E-15
4842.68272936028  7.455558E-15
4842.7305479308  4.994980E-15
4842.77836650132  7.499472E-15
4842.82618507185  4.661471E-15
4842.87400364237  -1.190410E-15
4842.92182221289  3.053723E-15
4842.96964078342  6.135576E-15
4843.01745935394  2.964828E-15
4843.06527792447  1.448639E-15
4843.11309649499  4.873844E-15
4843.16091506551  3.702863E-15
4843.20873363604  5.227456E-15
4843.25655220656  3.455368E-15
4843.30437077708  2.813907E-15
4843.35218934761  9.754050E-15
4843.40000791813  1.117613E-14
4843.44782648865  1.277126E-15
4843.49564505918  -1.633286E-15
4843.5434636297  4.292109E-15
4843.59128220023  -8.825685E-16
4843.63910077075  2.347789E-15
4843.68691934127  5.448364E-15
4843.7347379118  1.853317E-16
4843.78255648232  3.276567E-15
4843.83037505284  7.916687E-15
4843.87819362337  2.415071E-15
4843.92601219389  2.211290E-15
4843.97383076442  9.247464E-15
4844.02164933494  1.031244E-14
4844.06946790546  4.874467E-15
4844.11728647599  3.833087E-15
4844.16510504651  4.873701E-15
4844.21292361703  5.956963E-15
4844.26074218756  2.460258E-15
4844.30856075808  3.515595E-15
4844.3563793286  5.872305E-15
4844.40419789913  2.136128E-15
4844.45201646965  3.843873E-15
4844.49983504018  4.059663E-15
4844.5476536107  2.415259E-15
4844.59547218122  2.750159E-15
4844.64329075175  3.806871E-15
4844.69110932227  3.105269E-15
4844.73892789279  4.444263E-15
4844.78674646332  7.481384E-15
4844.83456503384  6.116730E-15
4844.88238360436  6.392993E-15
4844.93020217489  1.049379E-14
4844.97802074541  6.927978E-15
4845.02583931593  4.673843E-15
4845.07365788646  4.587753E-15
4845.12147645698  5.278804E-15
4845.16929502751  7.788788E-15
4845.21711359803  8.355501E-15
4845.26493216855  9.206058E-15
4845.31275073908  7.180508E-15
4845.3605693096  2.187337E-15
4845.40838788012  -6.708850E-17
4845.45620645065  6.572895E-15
4845.50402502117  1.552829E-14
4845.55184359169  7.052510E-15
4845.59966216222  1.221875E-15
4845.64748073274  5.844490E-17
4845.69529930327  2.063747E-16
4845.74311787379  2.202466E-14
4845.79093644431  1.399268E-14
4845.83875501484  3.142244E-15
4845.88657358536  8.637929E-15
4845.93439215588  4.382847E-15
4845.98221072641  6.544267E-16
4846.03002929693  4.842122E-15
4846.07784786745  3.680270E-15
4846.12566643798  2.172323E-15
4846.1734850085  2.870693E-15
4846.22130357903  8.039558E-15
4846.26912214955  9.689515E-15
4846.31694072007  5.112485E-15
4846.3647592906  4.063213E-15
4846.41257786112  6.151941E-15
4846.46039643164  7.786814E-15
4846.50821500217  5.096441E-15
4846.55603357269  6.261778E-16
4846.60385214321  3.309831E-15
4846.65167071374  3.084768E-15
4846.69948928426  4.655438E-16
4846.74730785479  5.043156E-15
4846.79512642531  3.195896E-16
4846.84294499583  2.464393E-15
4846.89076356636  4.322419E-15
4846.93858213688  5.292379E-15
4846.9864007074  4.744828E-15
4847.03421927793  -2.287246E-16
4847.08203784845  1.136096E-15
4847.12985641898  5.523450E-15
4847.1776749895  3.133896E-15
4847.22549356002  6.997821E-15
4847.27331213055  6.082891E-15
4847.32113070107  4.208870E-15
4847.36894927159  4.610026E-15
4847.41676784212  3.123899E-15
4847.46458641264  1.355472E-15
4847.51240498317  2.667668E-15
4847.56022355369  3.619814E-15
4847.60804212421  1.171744E-15
4847.65586069474  2.266260E-16
4847.70367926526  2.286149E-15
4847.75149783578  2.766792E-15
4847.79931640631  2.087892E-15
4847.84713497683  2.679736E-15
4847.89495354735  5.258981E-15
4847.94277211788  5.479599E-15
4847.9905906884  1.001900E-15
4848.03840925892  5.177135E-16
4848.08622782945  1.347959E-15
4848.13404639997  2.695102E-15
4848.1818649705  2.804877E-15
4848.22968354102  1.882637E-15
4848.27750211154  -1.414985E-15
4848.32532068207  2.975890E-14
4848.37313925259  7.579575E-14
4848.42095782311  4.899110E-14
4848.46877639364  2.073293E-15
4848.51659496416  1.747767E-15
4848.56441353468  1.371279E-15
4848.61223210521  2.070695E-15
4848.66005067573  1.481234E-15
4848.70786924626  6.474472E-15
4848.75568781678  2.624818E-15
4848.8035063873  4.159029E-15
4848.85132495783  4.529730E-15
4848.89914352835  1.258425E-15
4848.94696209887  7.840804E-16
4848.9947806694  1.281851E-15
4849.04259923992  4.794824E-15
4849.09041781045  5.784167E-15
4849.13823638097  8.187389E-16
4849.18605495149  1.670518E-15
4849.23387352201  3.813313E-15
4849.28169209254  7.150268E-15
4849.32951066306  4.419021E-15
4849.37732923359  3.554992E-15
4849.42514780411  6.494521E-15
4849.47296637463  5.209943E-15
4849.52078494516  5.421231E-15
4849.56860351568  1.782473E-15
4849.6164220862  -4.362354E-15
4849.66424065673  1.601881E-15
4849.71205922725  9.196857E-15
4849.75987779778  6.377594E-15
4849.8076963683  5.165907E-15
4849.85551493882  4.800485E-15
4849.90333350935  4.631592E-15
4849.95115207987  2.517008E-15
4849.99897065039  2.540212E-15
4850.04678922092  2.505280E-15
4850.09460779144  1.036808E-14
4850.14242636196  5.526263E-15
4850.19024493249  1.151761E-15
4850.23806350301  1.660639E-15
4850.28588207354  5.195627E-15
4850.33370064406  9.285533E-16
4850.38151921458  -1.623076E-15
4850.42933778511  3.651476E-15
4850.47715635563  3.826074E-15
4850.52497492615  2.549495E-15
4850.57279349668  1.905153E-15
4850.6206120672  3.432042E-15
4850.66843063773  3.559654E-15
4850.71624920825  2.271295E-15
4850.76406777877  2.072957E-15
4850.8118863493  9.750761E-16
4850.85970491982  8.890083E-16
4850.90752349034  2.839705E-16
4850.95534206087  1.092577E-16
4851.00316063139  6.883189E-16
4851.05097920192  9.097333E-16
4851.09879777244  5.083226E-15
4851.14661634296  5.666241E-15
4851.19443491348  -2.171406E-16
4851.24225348401  -2.025385E-15
4851.29007205453  4.182955E-15
4851.33789062506  8.563368E-15
4851.38570919558  2.054270E-15
4851.4335277661  1.270075E-16
4851.48134633663  4.335460E-15
4851.52916490715  1.972258E-15
4851.57698347768  3.941769E-15
4851.6248020482  5.422922E-15
4851.67262061872  1.025175E-14
4851.72043918925  1.019781E-14
4851.76825775977  5.417565E-15
4851.81607633029  -3.130484E-15
4851.86389490082  -3.180895E-16
4851.91171347134  3.939126E-15
4851.95953204186  3.992869E-15
4852.00735061239  3.006370E-15
4852.05516918291  2.496085E-15
4852.10298775344  1.834072E-15
4852.15080632396  1.021353E-15
4852.19862489448  1.984453E-15
4852.24644346501  1.365247E-15
4852.29426203553  3.428251E-15
4852.34208060605  3.687937E-15
4852.38989917658  2.190600E-15
4852.4377177471  5.495513E-15
4852.48553631762  4.216513E-15
4852.53335488815  6.300302E-15
4852.58117345867  3.781266E-15
4852.62899202919  1.704209E-15
4852.67681059972  5.600860E-15
4852.72462917024  5.614927E-15
4852.77244774077  4.719819E-15
4852.82026631129  4.172577E-15
4852.86808488181  7.260014E-16
4852.91590345234  2.560785E-15
4852.96372202286  2.913750E-15
4853.01154059338  -1.888834E-16
4853.05935916391  -3.550934E-16
4853.10717773443  2.724382E-15
4853.15499630495  6.444285E-15
4853.20281487548  4.619507E-15
4853.250633446  3.031087E-15
4853.29845201653  9.000911E-17
4853.34627058705  2.528794E-15
4853.39408915757  3.759413E-15
4853.4419077281  4.162088E-16
4853.48972629862  2.076843E-15
4853.53754486914  4.245570E-15
4853.58536343967  7.129029E-15
4853.63318201019  7.200289E-15
4853.68100058072  3.876554E-15
4853.72881915124  3.835119E-15
4853.77663772176  5.631868E-15
4853.82445629229  1.103740E-14
4853.87227486281  1.737843E-14
4853.92009343333  9.556977E-15
4853.96791200386  2.404563E-15
4854.01573057438  2.072069E-15
4854.06354914491  3.733641E-15
4854.11136771543  4.269760E-15
4854.15918628595  1.604482E-15
4854.20700485648  1.658919E-15
4854.254823427  3.623499E-15
4854.30264199752  5.275591E-15
4854.35046056805  4.929308E-15
4854.39827913857  4.009603E-15
4854.44609770909  4.551119E-15
4854.49391627962  3.714167E-15
4854.54173485014  2.760750E-15
4854.58955342067  1.115878E-15
4854.63737199119  4.903755E-15
4854.68519056171  6.871912E-15
4854.73300913224  2.421813E-15
4854.78082770276  6.797957E-15
4854.82864627328  6.355608E-15
4854.87646484381  9.118659E-15
4854.92428341433  3.657033E-15
4854.97210198485  2.767781E-15
4855.01992055538  5.231551E-15
4855.0677391259  4.365449E-15
4855.11555769642  -1.349217E-15
4855.16337626695  5.491407E-15
4855.21119483747  5.592521E-15
4855.259013408  3.348068E-15
4855.30683197852  4.215778E-15
4855.35465054904  1.467466E-15
4855.40246911957  2.770219E-15
4855.45028769009  7.277948E-15
4855.49810626061  7.948753E-15
4855.54592483114  3.854613E-15
4855.59374340166  1.874756E-15
4855.64156197218  4.218678E-15
4855.68938054271  3.435541E-15
4855.73719911323  -9.192177E-16
4855.78501768376  1.028246E-15
4855.83283625428  3.460832E-15
4855.8806548248  2.234696E-15
4855.92847339533  1.872165E-15
4855.97629196585  1.068074E-15
4856.02411053637  2.245368E-15
4856.0719291069  3.932785E-16
4856.11974767742  3.790752E-15
4856.16756624794  4.845366E-15
4856.21538481847  5.019877E-15
4856.26320338899  5.331074E-16
4856.31102195952  4.255321E-15
4856.35884053004  1.094676E-15
4856.40665910056  1.455376E-15
4856.45447767109  7.251121E-16
4856.50229624161  4.687525E-15
4856.55011481213  3.014369E-15
4856.59793338266  5.285092E-15
4856.64575195318  4.285079E-15
4856.6935705237  3.135563E-15
4856.74138909423  6.395823E-15
4856.78920766475  1.588195E-15
4856.83702623528  -2.123405E-15
4856.8848448058  3.261424E-15
4856.93266337632  4.345258E-15
4856.98048194685  2.335869E-15
4857.02830051737  1.568457E-15
4857.07611908789  2.399530E-15
4857.12393765842  4.856809E-15
4857.17175622894  4.506030E-15
4857.21957479947  4.102076E-15
4857.26739336999  4.387182E-15
4857.31521194051  4.095439E-15
4857.36303051104  3.080480E-15
4857.41084908156  4.898144E-15
4857.45866765208  8.579486E-15
4857.50648622261  5.307549E-15
4857.55430479313  2.438826E-15
4857.60212336366  8.590638E-16
4857.64994193418  3.828149E-15
4857.6977605047  5.029436E-15
4857.74557907523  2.146938E-15
4857.79339764575  -2.884455E-16
4857.84121621627  1.552734E-15
4857.8890347868  2.513459E-15
4857.93685335732  -2.271518E-16
4857.98467192784  5.043268E-15
4858.03249049837  1.528454E-15
4858.08030906889  4.327388E-15
4858.12812763941  4.850287E-15
4858.17594620994  3.072557E-15
4858.22376478046  2.717895E-15
4858.27158335099  3.504943E-15
4858.31940192151  1.722952E-15
4858.36722049203  4.776379E-15
4858.41503906256  1.022584E-14
4858.46285763308  6.706224E-15
4858.5106762036  6.700099E-15
4858.55849477413  2.617976E-15
4858.60631334465  4.133589E-15
4858.65413191518  1.048827E-14
4858.7019504857  1.631063E-14
4858.74976905622  2.004882E-14
4858.79758762674  2.182165E-14
4858.84540619727  2.301445E-14
4858.89322476779  2.206072E-14
4858.94104333832  2.447323E-14
4858.98886190884  2.406305E-14
4859.03668047936  2.545666E-14
4859.08449904989  2.144089E-14
4859.13231762041  1.585144E-14
4859.18013619093  1.300601E-14
4859.22795476146  1.123660E-14
4859.27577333198  8.229900E-15
4859.32359190251  5.232067E-15
4859.37141047303  4.069773E-15
4859.41922904355  7.501432E-15
4859.46704761408  6.815256E-15
4859.5148661846  4.315674E-15
4859.56268475512  4.126646E-15
4859.61050332565  1.034860E-14
4859.65832189617  8.550645E-15
4859.70614046669  7.517202E-15
4859.75395903722  2.204390E-15
4859.80177760774  2.547266E-15
4859.84959617827  7.758923E-15
4859.89741474879  9.499379E-15
4859.94523331931  6.850848E-15
4859.99305188984  5.645925E-15
4860.04087046036  6.143649E-15
4860.08868903088  7.515356E-15
4860.13650760141  1.311725E-14
4860.18432617193  1.484488E-14
4860.23214474245  1.928099E-14
4860.27996331298  3.999043E-14
4860.3277818835  5.846497E-14
4860.37560045403  9.623071E-14
4860.42341902455  1.386472E-13
4860.47123759507  1.954384E-13
4860.5190561656  2.755383E-13
4860.56687473612  3.586928E-13
4860.61469330664  4.325727E-13
4860.66251187717  5.069821E-13
4860.71033044769  5.807130E-13
4860.75814901821  6.462180E-13
4860.80596758874  6.660341E-13
4860.85378615926  7.063225E-13
4860.90160472979  7.217199E-13
4860.94942330031  7.051608E-13
4860.99724187083  6.830041E-13
4861.04506044136  6.535138E-13
4861.09287901188  6.054054E-13
4861.14069758241  5.296682E-13
4861.18851615293  4.594643E-13
4861.23633472345  3.838995E-13
4861.28415329398  3.257942E-13
4861.3319718645  2.639052E-13
4861.37979043502  1.993713E-13
4861.42760900555  1.530799E-13
4861.47542757607  1.018570E-13
4861.52324614659  6.929463E-14
4861.57106471712  5.205675E-14
4861.61888328764  4.215328E-14
4861.66670185817  3.420090E-14
4861.71452042869  2.705356E-14
4861.76233899921  2.181806E-14
4861.81015756974  1.702932E-14
4861.85797614026  1.364867E-14
4861.90579471078  8.544967E-15
4861.95361328131  1.089173E-14
4862.00143185183  8.722800E-15
4862.04925042235  9.544114E-15
4862.09706899288  8.575538E-15
4862.1448875634  5.830232E-15
4862.19270613393  4.824266E-15
4862.24052470445  3.086480E-15
4862.28834327497  8.204849E-15
4862.3361618455  6.874723E-16
4862.38398041602  3.542767E-15
4862.43179898654  1.895450E-15
4862.47961755707  2.623000E-15
4862.52743612759  3.469635E-15
4862.57525469811  2.882940E-15
4862.62307326864  5.409216E-15
4862.67089183916  6.743373E-15
4862.71871040968  2.545663E-15
4862.76652898021  2.836630E-15
4862.81434755073  3.409962E-15
4862.86216612126  2.551711E-15
4862.90998469178  1.799693E-15
4862.9578032623  6.319532E-15
4863.00562183283  4.559698E-15
4863.05344040335  4.851954E-15
4863.10125897387  1.164326E-14
4863.1490775444  1.191126E-15
4863.19689611492  -8.798561E-16
4863.24471468545  5.462449E-15
4863.29253325597  3.173937E-15
4863.34035182649  5.121538E-15
4863.38817039701  7.582672E-15
4863.43598896754  1.432651E-15
4863.48380753806  2.713705E-15
4863.53162610859  4.166991E-15
4863.57944467911  1.575377E-15
4863.62726324963  3.308913E-15
4863.67508182016  2.552213E-15
4863.72290039068  5.777230E-15
4863.7707189612  5.775607E-15
4863.81853753173  3.663154E-15
4863.86635610225  2.823672E-15
4863.91417467278  4.379415E-15
4863.9619932433  5.773433E-15
4864.00981181382  3.747287E-15
4864.05763038435  4.609704E-15
4864.10544895487  5.107221E-15
4864.15326752539  3.197323E-15
4864.20108609592  4.761397E-15
4864.24890466644  3.115730E-15
4864.29672323697  1.071944E-15
4864.34454180749  -9.164854E-16
4864.39236037801  7.454176E-16
4864.44017894854  3.032632E-15
4864.48799751906  3.714869E-16
4864.53581608958  2.925115E-15
4864.58363466011  7.330616E-15
4864.63145323063  6.961115E-15
4864.67927180115  -1.104601E-15
4864.72709037168  3.542966E-15
4864.7749089422  -1.664898E-16
4864.82272751273  2.273845E-15
4864.87054608325  3.068035E-15
4864.91836465377  2.260234E-14
4864.9661832243  3.941908E-14
4865.01400179482  1.923311E-15
4865.06182036534  2.309455E-15
4865.10963893587  5.176561E-15
4865.15745750639  9.537106E-15
4865.20527607691  3.398299E-15
4865.25309464744  1.274481E-16
4865.30091321796  -6.964702E-16
4865.34873178848  7.953228E-15
4865.39655035901  -5.374327E-15
4865.44436892953  1.613877E-13
4865.49218750006  1.615312E-13
4865.54000607058  2.124966E-14
4865.5878246411  5.195592E-15
4865.63564321163  6.449449E-15
4865.68346178215  4.850265E-15
4865.73128035267  3.913275E-15
4865.7790989232  9.838817E-17
4865.82691749372  7.085940E-15
4865.87473606425  7.000928E-15
4865.92255463477  9.268027E-16
4865.97037320529  1.349228E-15
4866.01819177582  4.702522E-15
4866.06601034634  2.729536E-15
4866.11382891686  2.936463E-15
4866.16164748739  5.512561E-15
4866.20946605791  7.434439E-15
4866.25728462843  4.662143E-15
4866.30510319896  -1.165745E-15
4866.35292176948  9.872141E-16
4866.40074034001  5.896397E-15
4866.44855891053  1.732634E-15
4866.49637748105  -3.201043E-16
4866.54419605158  5.893221E-16
4866.5920146221  2.766936E-15
4866.63983319262  5.807413E-15
4866.68765176315  6.711900E-15
4866.73547033367  4.137657E-15
4866.78328890419  2.651742E-15
4866.83110747472  -1.253020E-15
4866.87892604524  6.541416E-16
4866.92674461577  -2.701259E-15
4866.97456318629  -1.679788E-15
4867.02238175681  1.784333E-15
4867.07020032734  2.837849E-15
4867.11801889786  3.098072E-15
4867.16583746838  3.800470E-15
4867.21365603891  1.471588E-15
4867.26147460943  5.093556E-15
4867.30929317996  5.643645E-15
4867.35711175048  3.715718E-15
4867.404930321  3.415942E-15
4867.45274889153  5.757884E-15
4867.50056746205  6.563617E-15
4867.54838603257  6.186415E-15
4867.5962046031  5.867288E-15
4867.64402317362  3.254520E-15
4867.69184174414  3.587456E-15
4867.73966031467  4.749377E-15
4867.78747888519  6.563190E-15
4867.83529745571  7.275269E-15
4867.88311602624  4.741667E-15
4867.93093459676  5.446275E-15
4867.97875316729  4.820409E-15
4868.02657173781  2.801620E-15
4868.07439030833  2.017585E-15
4868.12220887886  8.679772E-15
4868.17002744938  5.103195E-15
4868.2178460199  -5.231864E-16
4868.26566459043  3.037743E-15
4868.31348316095  3.354264E-15
4868.36130173147  2.474705E-15
4868.409120302  3.593860E-15
4868.45693887252  5.013093E-15
4868.50475744305  4.536325E-15
4868.55257601357  4.387774E-15
4868.60039458409  5.255696E-15
4868.64821315462  5.139659E-15
4868.69603172514  4.035754E-15
4868.74385029567  2.158035E-15
4868.79166886619  2.555815E-15
4868.83948743671  4.143053E-15
4868.88730600724  3.885674E-15
4868.93512457776  4.207104E-15
4868.98294314828  5.841343E-15
4869.03076171881  1.295774E-15
4869.07858028933  3.168090E-15
4869.12639885985  7.423893E-15
4869.17421743038  8.570416E-15
4869.2220360009  3.759139E-15
4869.26985457142  1.585329E-15
4869.31767314195  6.607183E-15
4869.36549171247  3.861478E-15
4869.413310283  1.839196E-15
4869.46112885352  2.348024E-15
4869.50894742404  4.157073E-15
4869.55676599457  2.464864E-15
4869.60458456509  4.983795E-15
4869.65240313561  1.034130E-15
4869.70022170614  -3.108546E-15
4869.74804027666  1.368891E-14
4869.79585884719  3.138609E-14
4869.84367741771  6.779819E-15
4869.89149598823  -4.194175E-16
4869.93931455876  3.522681E-15
4869.98713312928  1.449510E-15
4870.0349516998  3.021658E-15
4870.08277027033  7.432114E-15
4870.13058884085  7.762747E-15
4870.17840741137  3.330514E-15
4870.2262259819  6.845650E-15
4870.27404455242  2.261883E-14
4870.32186312294  2.428703E-15
4870.36968169347  7.077549E-15
4870.41750026399  8.060338E-15
4870.46531883452  4.552317E-15
4870.51313740504  2.637704E-15
4870.56095597556  2.376896E-16
4870.60877454609  -1.167514E-15
4870.65659311661  3.289077E-15
4870.70441168713  3.911263E-15
4870.75223025766  1.459520E-15
4870.80004882818  6.095182E-15
4870.84786739871  5.176533E-15
4870.89568596923  4.613639E-15
4870.94350453975  4.441217E-15
4870.99132311028  6.304123E-15
4871.0391416808  7.394152E-15
4871.08696025132  9.102285E-16
4871.13477882185  1.667964E-15
4871.18259739237  6.050186E-15
4871.23041596289  4.931159E-15
4871.27823453342  -6.436295E-16
4871.32605310394  4.194591E-15
4871.37387167447  -1.575320E-17
4871.42169024499  4.507056E-15
4871.46950881551  3.706731E-15
4871.51732738604  4.005671E-15
4871.56514595656  7.622637E-15
4871.61296452708  -8.221499E-16
4871.66078309761  2.631927E-15
4871.70860166813  3.831653E-15
4871.75642023865  2.014397E-15
4871.80423880918  5.224669E-15
4871.8520573797  5.901796E-15
4871.89987595023  1.254908E-14
4871.94769452075  7.114594E-15
4871.99551309127  2.952571E-15
4872.0433316618  7.752176E-15
4872.09115023232  3.482274E-15
4872.13896880284  1.271442E-15
4872.18678737337  1.570229E-15
4872.23460594389  3.246560E-16
4872.28242451441  1.891652E-14
4872.33024308494  1.438754E-13
4872.37806165546  7.528991E-14
4872.42588022598  -7.572890E-15
4872.47369879651  3.121067E-15
4872.52151736703  3.887440E-15
4872.56933593756  8.924052E-15
4872.61715450808  3.254067E-15
4872.6649730786  1.359049E-15
4872.71279164913  2.545528E-15
4872.76061021965  2.781729E-15
4872.80842879018  2.608021E-15
4872.8562473607  5.612824E-15
4872.90406593122  1.555478E-15
4872.95188450175  -1.366227E-15
4872.99970307227  2.926566E-16
4873.04752164279  7.973394E-16
4873.09534021332  1.351821E-15
4873.14315878384  5.095854E-15
4873.19097735436  6.363437E-15
4873.23879592489  6.357305E-15
4873.28661449541  4.217438E-15
4873.33443306594  1.464013E-15
4873.38225163646  2.731031E-15
4873.43007020698  5.443120E-15
4873.47788877751  2.460980E-15
4873.52570734803  2.265691E-15
4873.57352591855  1.558741E-16
4873.62134448908  7.057307E-15
4873.6691630596  3.778094E-15
4873.71698163012  2.911090E-15
4873.76480020065  7.882144E-15
4873.81261877117  1.025764E-14
4873.8604373417  1.745320E-15
4873.90825591222  9.416172E-15
4873.95607448274  8.466589E-15
4874.00389305327  4.165892E-15
4874.05171162379  9.961190E-15
4874.09953019431  8.195009E-15
4874.14734876484  3.026005E-15
4874.19516733536  2.655683E-15
4874.24298590588  4.789184E-15
4874.29080447641  4.387820E-15
4874.33862304693  4.926894E-15
4874.38644161746  7.723547E-15
4874.43426018798  7.068463E-15
4874.4820787585  7.423686E-15
4874.52989732903  -7.034353E-16
4874.57771589955  5.859934E-15
4874.62553447007  4.763324E-15
4874.6733530406  5.242506E-15
4874.72117161112  2.266429E-15
4874.76899018164  6.150287E-15
4874.81680875217  1.465572E-14
4874.86462732269  4.257568E-15
4874.91244589322  8.612309E-15
4874.96026446374  6.123524E-15
4875.00808303426  6.396771E-15
4875.05590160479  5.337675E-15
4875.10372017531  6.448304E-15
4875.15153874583  8.154191E-16
4875.19935731636  -2.047913E-15
4875.24717588688  4.184979E-15
4875.2949944574  3.603287E-15
4875.34281302793  3.874806E-15
4875.39063159845  4.522414E-15
4875.43845016898  7.125797E-15
4875.4862687395  1.665263E-15
4875.53408731002  5.755631E-16
4875.58190588055  6.906731E-14
4875.62972445107  2.327114E-14
4875.67754302159  -2.827804E-16
4875.72536159212  3.405068E-15
4875.77318016264  2.823906E-15
4875.82099873316  5.181958E-15
4875.86881730369  6.145147E-15
4875.91663587421  4.865367E-15
4875.96445444474  5.165492E-15
4876.01227301526  -3.375581E-16
4876.06009158578  4.782016E-15
4876.10791015631  8.156314E-15
4876.15572872683  2.656961E-15
4876.20354729735  1.676310E-16
4876.25136586788  2.020454E-16
4876.2991844384  2.591722E-15
4876.34700300892  5.536733E-15
4876.39482157945  1.916776E-15
4876.44264014997  3.015374E-16
4876.4904587205  5.198136E-15
4876.53827729102  6.072301E-16
4876.58609586154  8.319843E-15
4876.63391443207  5.757855E-15
4876.68173300259  -1.115944E-15
4876.72955157311  1.569505E-15
4876.77737014364  -2.769522E-17
4876.82518871416  6.532963E-15
4876.87300728468  7.336651E-15
4876.92082585521  5.877169E-15
4876.96864442573  6.236632E-15
4877.01646299626  3.402348E-15
4877.06428156678  4.314018E-15
4877.1121001373  -1.285761E-16
4877.15991870783  4.506596E-15
4877.20773727835  7.948633E-15
4877.25555584887  4.855196E-15
4877.3033744194  5.525599E-15
4877.35119298992  7.541604E-15
4877.39901156044  5.117250E-15
4877.44683013097  3.954429E-15
4877.49464870149  1.729953E-15
4877.54246727202  2.273778E-15
4877.59028584254  4.175834E-15
4877.63810441306  1.843264E-15
4877.68592298359  2.176882E-15
4877.73374155411  1.485707E-15
4877.78156012463  2.029101E-15
4877.82937869516  3.750078E-15
4877.87719726568  -2.135462E-15
4877.9250158362  1.566658E-14
4877.97283440673  5.229612E-14
4878.02065297725  -2.138183E-15
4878.06847154778  1.349192E-14
4878.1162901183  1.121934E-14
4878.16410868882  4.701417E-15
4878.21192725935  4.798072E-15
4878.25974582987  2.541888E-15
4878.30756440039  -9.190759E-16
4878.35538297092  7.349131E-15
4878.40320154144  4.733873E-15
4878.45102011197  6.457075E-15
4878.49883868249  5.843496E-15
4878.54665725301  2.858401E-15
4878.59447582354  7.035540E-15
4878.64229439406  6.723889E-15
4878.69011296458  6.017316E-15
4878.73793153511  1.284156E-14
4878.78575010563  6.221435E-15
4878.83356867616  -2.597066E-15
4878.88138724668  1.023131E-15
4878.9292058172  5.457526E-16
4878.97702438773  4.148408E-15
4879.02484295825  5.221405E-15
4879.07266152877  4.093698E-15
4879.1204800993  8.308268E-15
4879.16829866982  1.275167E-14
4879.21611724034  1.190214E-14
4879.26393581087  1.818437E-14
4879.31175438139  -9.977567E-16
4879.35957295191  -2.361868E-15
4879.40739152244  8.151066E-15
4879.45521009296  1.201766E-14
4879.50302866349  3.636766E-15
4879.55084723401  -3.820097E-17
4879.59866580453  2.282916E-15
4879.64648437506  6.553575E-15
4879.69430294558  5.809659E-15
4879.7421215161  7.586351E-15
4879.78994008663  2.986697E-15
4879.83775865715  7.199536E-15
4879.88557722767  6.639021E-15
4879.9333957982  4.480368E-15
4879.98121436872  -2.086757E-15
4880.02903293924  2.308537E-15
4880.07685150977  2.565619E-15
4880.12467008029  6.293858E-15
4880.17248865082  1.658902E-15
4880.22030722134  2.622072E-15
4880.26812579186  1.157501E-14
4880.31594436239  1.155072E-14
4880.36376293291  1.024034E-14
4880.41158150343  3.204922E-15
4880.45940007396  -3.417282E-15
4880.50721864448  4.997857E-15
4880.55503721501  3.777739E-15
4880.60285578553  1.031338E-14
4880.65067435605  1.171145E-14
4880.69849292658  8.321445E-15
4880.7463114971  3.155749E-15
4880.79413006762  9.580917E-15
4880.84194863815  6.650557E-15
4880.88976720867  8.569072E-15
4880.9375857792  2.439319E-15
4880.98540434972  5.760610E-15
4881.03322292024  2.305857E-15
4881.08104149077  6.786088E-15
4881.12886006129  7.183634E-15
4881.17667863181  1.328044E-14
4881.22449720234  1.485496E-14
4881.27231577286  9.655040E-15
4881.32013434339  7.525700E-15
4881.36795291391  1.026685E-15
4881.41577148443  4.735556E-16
4881.46359005496  1.120253E-14
4881.51140862548  1.991298E-14
4881.559227196  4.034702E-15
4881.60704576653  5.126232E-15
4881.65486433705  2.694606E-15
4881.70268290758  2.170546E-14
4881.7505014781  1.557155E-14
4881.79832004862  7.579263E-15
4881.84613861914  5.809488E-15
4881.89395718967  4.500668E-15
4881.94177576019  3.734059E-15
4881.98959433072  1.527207E-14
4882.03741290124  2.907955E-15
4882.08523147176  2.226849E-15
4882.13305004229  1.448678E-15
4882.18086861281  5.840663E-15
4882.22868718333  1.402196E-14
4882.27650575386  1.168153E-14
4882.32432432438  1.054502E-14
4882.3721428949  5.798232E-15
4882.41996146543  -1.818530E-15
4882.46778003595  4.088858E-15
4882.51559860648  -7.837522E-17
4882.563417177  1.584111E-14
4882.61123574752  6.749903E-15
4882.65905431805  1.321578E-15
4882.70687288857  1.041501E-14
4882.75469145909  4.869110E-15
4882.80251002962  1.071772E-14
4882.85032860014  5.656819E-15
4882.89814717067  4.414683E-15
4882.94596574119  7.951523E-15
4882.99378431171  1.317242E-14
4883.04160288224  1.094126E-14
4883.08942145276  9.766163E-15
4883.13724002328  1.208796E-14
4883.18505859381  7.214184E-15
4883.23287716433  5.373711E-15
4883.28069573485  2.895745E-16
4883.32851430538  8.042432E-15
4883.3763328759  8.027261E-15
4883.42415144643  6.893844E-15
4883.47197001695  6.086203E-15
4883.51978858747  1.064465E-14
4883.567607158  2.383157E-15
4883.61542572852  1.009455E-14
4883.66324429904  5.580130E-15
4883.71106286957  1.475553E-14
4883.75888144009  8.585964E-15
4883.80670001061  4.994809E-16
4883.85451858114  6.556423E-15
4883.90233715166  1.907620E-14
4883.95015572218  6.426775E-15
4883.99797429271  4.418739E-15
4884.04579286323  1.004936E-14
4884.09361143376  2.972539E-15
4884.14143000428  4.203045E-15
4884.1892485748  1.386795E-14
4884.23706714533  2.669154E-15
4884.28488571585  2.431473E-15
4884.33270428637  1.462571E-14
4884.3805228569  4.597320E-15
4884.42834142742  1.572327E-15
4884.47615999795  1.344474E-17
4884.52397856847  8.050616E-16
4884.57179713899  5.685640E-15
4884.61961570952  -3.196210E-15
4884.66743428004  3.565742E-15
4884.71525285056  -2.458610E-15
4884.76307142109  1.946464E-14
4884.81088999161  2.018783E-14
4884.85870856213  -1.468753E-15
4884.90652713266  6.958782E-15
4884.95434570318  1.497212E-14
4885.00216427371  7.225186E-15
4885.04998284423  1.093315E-14
4885.09780141475  2.194501E-14
4885.14561998528  1.476514E-14
4885.1934385558  1.149815E-14
4885.24125712632  -1.114186E-15
4885.28907569685  1.724784E-16
4885.33689426737  3.350297E-15
4885.38471283789  -5.441927E-15
4885.43253140842  1.389128E-14
4885.48034997894  1.843218E-14
4885.52816854947  9.580324E-15
4885.57598711999  9.437675E-15
4885.62380569051  1.687971E-14
4885.67162426104  5.225990E-15
4885.71944283156  4.812106E-15
4885.76726140208  1.706736E-15
4885.81507997261  1.141263E-14
4885.86289854313  1.466525E-14
4885.91071711365  1.879899E-14
4885.95853568418  1.617630E-14
4886.0063542547  3.254939E-14
4886.05417282523  2.956864E-16
4886.10199139575  2.805080E-15
4886.14980996627  3.575641E-15
4886.1976285368  9.460310E-16
4886.24544710732  8.313319E-15
4886.29326567784  1.497620E-14
4886.34108424837  6.612232E-15
4886.38890281889  1.291726E-14
4886.43672138941  1.791125E-14
4886.48453995994  1.114465E-14
4886.53235853046  7.731634E-16
4886.58017710099  3.177144E-15
4886.62799567151  2.748758E-15
4886.67581424203  3.748944E-15
4886.72363281256  5.324220E-15
4886.77145138308  1.108203E-14
4886.8192699536  3.792259E-15
4886.86708852413  4.560374E-15
4886.91490709465  2.377698E-15
4886.96272566517  4.481216E-15
4887.0105442357  7.117279E-15
4887.05836280622  5.893716E-15
4887.10618137675  1.734324E-14
4887.15399994727  1.520812E-14
4887.20181851779  1.614481E-14
4887.24963708832  1.792999E-14
4887.29745565884  3.579294E-15
4887.34527422936  5.142987E-15
4887.39309279989  1.179651E-14
4887.44091137041  1.412722E-14
4887.48872994093  1.952996E-14
4887.53654851146  2.456061E-15
4887.58436708198  -3.070387E-15
4887.63218565251  1.648674E-15
4887.68000422303  1.644173E-14
4887.72782279355  1.865246E-14
4887.77564136408  2.393938E-15
4887.8234599346  6.524096E-15
4887.87127850512  1.578450E-14
4887.91909707565  1.126433E-14
4887.96691564617  1.397330E-14
4888.0147342167  1.929617E-14
4888.06255278722  1.557795E-14
4888.11037135774  2.756193E-14
4888.15818992827  1.371667E-14
4888.20600849879  2.520613E-14
4888.25382706931  1.123841E-14
4888.30164563984  2.369236E-14
4888.34946421036  2.250529E-14
4888.39728278088  5.248324E-15
4888.44510135141  1.044941E-14
4888.49291992193  1.780895E-14
4888.54073849246  5.156361E-15
4888.58855706298  4.559860E-15
4888.6363756335  4.768961E-15
4888.68419420403  2.018272E-14
4888.73201277455  1.228322E-14
4888.77983134507  1.895804E-14
4888.8276499156  2.037206E-14
4888.87546848612  2.051400E-14
4888.92328705664  2.345348E-14
4888.97110562717  1.170738E-14
4889.01892419769  -8.603859E-16
4889.06674276822  1.275704E-13
4889.11456133874  1.632105E-13
4889.16237990926  1.352132E-15
4889.21019847979  1.523486E-14
4889.25801705031  8.015463E-15
4889.30583562083  1.499120E-14
4889.35365419136  1.700354E-14
4889.40147276188  2.891587E-14
4889.4492913324  2.463183E-14
4889.49710990293  6.617533E-15
4889.54492847345  1.394065E-14
4889.59274704398  1.286620E-14
4889.6405656145  9.560034E-15
4889.68838418502  2.947857E-14
4889.73620275555  4.514871E-14
4889.78402132607  1.271690E-14
4889.83183989659  3.383223E-14
4889.87965846712  1.362972E-14
4889.92747703764  -3.348725E-15
4889.97529560817  2.584605E-15
4890.02311417869  1.835397E-14
4890.07093274921  3.126277E-14
4890.11875131973  2.971908E-14
4890.16656989026  1.791551E-14
4890.21438846078  1.410193E-14
4890.26220703131  6.667291E-15
4890.31002560183  9.616424E-16
4890.35784417235  1.091880E-14
4890.40566274288  2.015077E-14
4890.4534813134  2.040850E-16
4890.50129988392  3.046941E-15
4890.54911845445  1.768425E-14
4890.59693702497  -3.641622E-15
4890.6447555955  2.126521E-14
4890.69257416602  3.474317E-14
4890.74039273654  7.421677E-15
4890.78821130707  2.752623E-14
4890.83602987759  1.187115E-14
4890.88384844811  8.746987E-15
4890.93166701864  4.272936E-15
4890.97948558916  2.027472E-14
4891.02730415969  2.717064E-14
4891.07512273021  8.712838E-15
4891.12294130073  1.538341E-14
4891.17075987126  1.730392E-14
4891.21857844178  1.575400E-14
4891.2663970123  1.741448E-14
4891.31421558283  2.309528E-14
4891.36203415335  1.953998E-13
4891.40985272387  4.227243E-15
4891.4576712944  1.904255E-14
4891.50548986492  1.431058E-14
4891.55330843545  1.138589E-14
4891.60112700597  1.161394E-14
4891.64894557649  4.401192E-15
4891.69676414702  1.194953E-14
4891.74458271754  1.855863E-14
4891.79240128806  1.370683E-14
4891.84021985859  1.058512E-14
4891.88803842911  3.743939E-14
4891.93585699964  1.788566E-14
4891.98367557016  1.964252E-14
4892.03149414068  5.063130E-14
4892.0793127112  1.349698E-14
4892.12713128173  2.017299E-14
4892.17494985225  2.417622E-14
4892.22276842278  1.803898E-14
4892.2705869933  1.044572E-14
4892.31840556382  2.365791E-14
4892.36622413435  2.603284E-14
4892.41404270487  3.091169E-14
4892.4618612754  3.311832E-14
4892.50967984592  -2.728494E-15
4892.55749841644  3.473325E-14
4892.60531698697  4.241227E-15
4892.65313555749  3.851361E-15
4892.70095412801  2.856988E-14
4892.74877269854  -2.659604E-15
4892.79659126906  9.140670E-15
4892.84440983959  3.607601E-14
4892.89222841011  2.386087E-14
4892.94004698063  -3.713101E-15
4892.98786555116  2.634127E-13
4893.03568412168  3.973350E-14
4893.0835026922  1.610623E-14
4893.13132126273  7.189851E-15
4893.17913983325  1.182852E-14
4893.22695840377  1.291014E-14
4893.2747769743  4.318871E-13
4893.32259554482  6.971817E-14
4893.37041411534  4.930104E-14
4893.41823268587  1.691761E-14
4893.46605125639  1.050451E-14
4893.51386982691  1.855456E-13
4893.56168839744  1.249177E-13
4893.60950696796  5.673679E-16
4893.65732553849  3.252989E-14
4893.70514410901  1.890079E-14
4893.75296267953  1.916006E-14
4893.80078125006  1.817939E-14
4893.84859982058  3.868134E-15
4893.8964183911  -3.717056E-15
4893.94423696163  2.972428E-14
4893.99205553215  5.940423E-15
4894.03987410267  2.203902E-14
4894.0876926732  -7.114151E-15
4894.13551124372  3.690892E-14
4894.18332981425  1.736710E-14
4894.23114838477  4.237296E-15
4894.27896695529  4.913457E-14
4894.32678552582  9.259365E-15
4894.37460409634  7.423465E-15
4894.42242266686  4.706266E-14
4894.47024123739  4.141750E-14
4894.51805980791  2.533261E-14
4894.56587837844  2.462002E-14
4894.61369694896  4.778464E-14
4894.66151551948  -4.895709E-15
4894.70933409001  1.659520E-15
4894.75715266053  2.536312E-14
4894.80497123105  1.933439E-14
4894.85278980158  4.472250E-14
4894.9006083721  2.681175E-14
4894.94842694262  -1.688799E-14
4894.99624551315  2.106891E-14
4895.04406408367  2.364809E-14
4895.0918826542  3.438194E-14
4895.13970122472  -1.985217E-14
4895.18751979524  2.728543E-14
4895.23533836577  1.632359E-14
4895.28315693629  5.665806E-15
4895.33097550681  2.074489E-14
4895.37879407734  5.404457E-15
4895.42661264786  1.156831E-14
4895.47443121838  1.369320E-14
4895.52224978891  4.969925E-14
4895.57006835943  3.685887E-14
4895.61788692996  1.882169E-14
4895.66570550048  3.666454E-14
4895.713524071  1.102663E-14
4895.76134264153  2.310894E-14
4895.80916121205  2.092889E-14
4895.85697978257  -6.752010E-15
4895.9047983531  2.330186E-14
4895.95261692362  1.641605E-14
4896.00043549414  6.153200E-15
4896.04825406467  1.665064E-14
4896.09607263519  2.572330E-14
4896.14389120572  5.237004E-14
4896.19170977624  1.115557E-14
4896.23952834676  2.844209E-14
4896.28734691729  2.746375E-14
4896.33516548781  5.850581E-14
4896.38298405833  2.533276E-14
4896.43080262886  9.497140E-15
4896.47862119938  3.456817E-14
4896.5264397699  9.297210E-15
4896.57425834043  1.182130E-14
4896.62207691095  9.510826E-15
4896.66989548148  4.056729E-15
4896.717714052  1.168878E-14
4896.76553262252  1.851644E-14
4896.81335119305  4.911824E-14
4896.86116976357  2.257154E-14
4896.90898833409  2.617557E-14
4896.95680690462  3.961159E-14
4897.00462547514  2.790208E-15
4897.05244404566  2.351062E-14
4897.10026261619  3.309396E-14
4897.14808118671  -9.116880E-15
4897.19589975724  2.023357E-14
4897.24371832776  4.729615E-14
4897.29153689828  6.040177E-14
4897.33935546881  1.152483E-15
4897.38717403933  4.824594E-14
4897.43499260985  4.565159E-14
4897.48281118038  -4.943308E-16
4897.5306297509  2.762077E-14
4897.57844832142  3.488953E-14
4897.62626689195  3.260029E-14
4897.67408546247  1.346399E-14
4897.721904033  4.872347E-14
4897.76972260352  5.811819E-15
4897.81754117404  8.174244E-14
4897.86535974457  5.221104E-14
4897.91317831509  7.246575E-15
4897.96099688561  4.044094E-14
4898.00881545614  -1.933643E-14
4898.05663402666  -3.319046E-15
4898.10445259719  2.029335E-14
4898.15227116771  2.409990E-14
4898.20008973823  5.427671E-14
4898.24790830876  1.260462E-14
4898.29572687928  2.946073E-14
4898.3435454498  1.340679E-14
4898.39136402033  9.225337E-15
4898.43918259085  5.943094E-14
4898.48700116137  1.843085E-13
4898.5348197319  4.546295E-14
4898.58263830242  3.592621E-14
4898.63045687295  4.625296E-14
4898.67827544347  8.302697E-14
4898.72609401399  3.954525E-14
4898.77391258452  3.968069E-14
4898.82173115504  9.845371E-15
4898.86954972556  1.179546E-14
4898.91736829609  1.171033E-14
4898.96518686661  4.664137E-14
4899.01300543713  8.880548E-15
4899.06082400766  6.593198E-15
4899.10864257818  5.455706E-14
4899.1564611487  -9.676145E-15
4899.20427971923  1.144358E-14
4899.25209828975  8.888223E-14
4899.29991686028  1.139273E-14
4899.3477354308  5.019404E-14
4899.39555400132  3.680405E-14
4899.44337257185  -1.651607E-14
4899.49119114237  1.361934E-14
4899.53900971289  -3.096425E-15
4899.58682828342  -9.781162E-15
4899.63464685394  4.687170E-14
4899.68246542446  8.943645E-14
4899.73028399499  5.162107E-14
4899.77810256551  5.221886E-14
4899.82592113604  1.274519E-14
4899.87373970656  4.221277E-14
4899.92155827708  1.729832E-14
4899.96937684761  1.346170E-14
4900.01719541813  2.237578E-14
4900.06501398865  5.459529E-15
4900.11283255918  1.710070E-14
4900.1606511297  4.611599E-14
4900.20846970023  1.897753E-14
4900.25628827075  1.141268E-14
4900.30410684127  5.869567E-14
4900.3519254118  3.589327E-15
4900.39974398232  1.925620E-14
4900.44756255284  5.191946E-14
4900.49538112337  5.521320E-14
4900.54319969389  1.634340E-14
4900.59101826441  7.700360E-14
4900.63883683494  8.874504E-14
4900.68665540546  5.484717E-14
4900.73447397599  7.406266E-14
4900.78229254651  9.223630E-14
4900.83011111703  3.021709E-14
4900.87792968756  3.436943E-14
