6498.09228515622  1.974620E-14
6498.15666618764  3.197304E-15
6498.22104721906  1.405055E-13
6498.28542825048  1.937953E-13
6498.34980928191  4.050735E-14
6498.41419031333  2.715025E-14
6498.47857134475  4.135776E-14
6498.54295237617  3.462673E-14
6498.60733340759  3.499623E-14
6498.67171443902  3.839246E-14
6498.73609547044  4.234460E-14
6498.80047650186  3.315947E-14
6498.86485753328  1.860514E-14
6498.9292385647  2.617772E-14
6498.99361959613  3.452367E-14
6499.05800062755  3.234432E-14
6499.12238165897  2.709865E-14
6499.18676269039  2.856112E-14
6499.25114372181  2.427338E-14
6499.31552475324  2.817110E-14
6499.37990578466  3.651086E-14
6499.44428681608  2.810819E-14
6499.5086678475  2.507678E-14
6499.57304887892  3.042798E-14
6499.63742991035  3.533345E-14
6499.70181094177  3.423213E-14
6499.76619197319  3.180388E-14
6499.83057300461  3.672639E-14
6499.89495403603  3.988154E-14
6499.95933506746  3.124897E-14
6500.02371609888  3.053696E-14
6500.0880971303  3.541773E-14
6500.15247816172  3.895509E-14
6500.21685919315  4.023017E-14
6500.28124022457  4.216506E-14
6500.34562125599  3.897483E-14
6500.41000228741  3.392855E-14
6500.47438331883  3.622182E-14
6500.53876435026  4.612354E-14
6500.60314538168  4.370941E-14
6500.6675264131  3.764613E-14
6500.73190744452  3.919446E-14
6500.79628847594  3.703926E-14
6500.86066950737  3.920359E-14
6500.92505053879  5.080517E-14
6500.98943157021  5.713670E-14
6501.05381260163  4.024018E-14
6501.11819363305  3.079544E-14
6501.18257466448  3.544566E-14
6501.2469556959  4.207817E-14
6501.31133672732  4.108784E-14
6501.37571775874  3.664135E-14
6501.44009879016  3.920449E-14
6501.50447982159  4.276884E-14
6501.56886085301  3.586603E-14
6501.63324188443  3.117257E-14
6501.69762291585  2.706139E-14
6501.76200394728  2.441087E-14
6501.8263849787  2.629337E-14
6501.89076601012  2.853212E-14
6501.95514704154  3.351421E-14
6502.01952807296  3.727781E-14
6502.08390910438  3.607877E-14
6502.14829013581  3.476671E-14
6502.21267116723  3.476600E-14
6502.27705219865  3.191979E-14
6502.34143323007  2.653092E-14
6502.4058142615  2.792350E-14
6502.47019529292  4.228504E-14
6502.53457632434  4.772745E-14
6502.59895735576  3.789236E-14
6502.66333838718  3.178537E-14
6502.7277194186  3.019735E-14
6502.79210045003  3.969300E-14
6502.85648148145  4.554653E-14
6502.92086251287  3.359813E-14
6502.98524354429  3.099540E-14
6503.04962457571  3.553620E-14
6503.11400560714  3.815960E-14
6503.17838663856  3.756206E-14
6503.24276766998  3.798757E-14
6503.30714870141  3.270053E-14
6503.37152973282  2.670581E-14
6503.43591076425  2.799755E-14
6503.50029179567  3.362813E-14
6503.56467282709  3.368277E-14
6503.62905385851  3.977924E-14
6503.69343488994  4.528037E-14
6503.75781592136  3.166316E-14
6503.82219695278  2.949022E-14
6503.8865779842  3.160291E-14
6503.95095901562  3.269482E-14
6504.01534004705  3.541850E-14
6504.07972107847  2.816542E-14
6504.14410210989  2.402529E-14
6504.20848314131  2.791616E-14
6504.27286417273  3.169407E-14
6504.33724520416  2.977897E-14
6504.40162623558  3.371725E-14
6504.466007267  3.864444E-14
6504.53038829842  3.498647E-14
6504.59476932985  2.697817E-14
6504.65915036127  3.041349E-14
6504.72353139269  3.339717E-14
6504.78791242411  3.695517E-14
6504.85229345553  3.436704E-14
6504.91667448696  -2.444914E-14
6504.98105551838  -7.225176E-15
6505.0454365498  4.779490E-14
6505.10981758122  3.862346E-14
6505.17419861264  3.482412E-14
6505.23857964406  3.587866E-14
6505.30296067549  3.340536E-14
6505.36734170691  3.088934E-14
6505.43172273833  3.416118E-14
6505.49610376975  3.247659E-14
6505.56048480117  2.769252E-14
6505.6248658326  2.641427E-14
6505.68924686402  2.943227E-14
6505.75362789544  3.103445E-14
6505.81800892686  3.223956E-14
6505.88238995829  3.328935E-14
6505.94677098971  3.317752E-14
6506.01115202113  3.242527E-14
6506.07553305255  3.043728E-14
6506.13991408397  2.847134E-14
6506.2042951154  2.448001E-15
6506.26867614682  1.915819E-14
6506.33305717824  3.761148E-13
6506.39743820966  3.862110E-13
6506.46181924108  7.053340E-14
6506.52620027251  2.828999E-14
6506.59058130393  3.747025E-14
6506.65496233535  3.291655E-14
6506.71934336677  2.668358E-14
6506.78372439819  3.003316E-14
6506.84810542962  3.263035E-14
6506.91248646104  3.407951E-14
6506.97686749246  3.395956E-14
6507.04124852388  3.438164E-14
6507.1056295553  3.643592E-14
6507.17001058673  3.317587E-14
6507.23439161815  3.003447E-14
6507.29877264957  2.841113E-14
6507.36315368099  2.779458E-14
6507.42753471241  3.190631E-14
6507.49191574384  3.214361E-14
6507.55629677526  3.286848E-14
6507.62067780668  3.244593E-14
6507.6850588381  2.363621E-14
6507.74943986952  2.491174E-14
6507.81382090095  2.844602E-14
6507.87820193237  2.478098E-14
6507.94258296379  1.879210E-14
6508.00696399521  4.045111E-14
6508.07134502663  1.868953E-13
6508.13572605806  2.001485E-13
6508.20010708948  3.498228E-14
6508.2644881209  1.884213E-14
6508.32886915232  3.066684E-14
6508.39325018374  3.682678E-14
6508.45763121517  3.946049E-14
6508.52201224659  3.276174E-14
6508.58639327801  3.152018E-14
6508.65077430943  3.042774E-14
6508.71515534085  2.882763E-14
6508.77953637228  2.889828E-14
6508.8439174037  2.877599E-14
6508.90829843512  2.822994E-14
6508.97267946654  2.841017E-14
6509.03706049797  3.108221E-14
6509.10144152939  3.459188E-14
6509.16582256081  3.287357E-14
6509.23020359223  2.835246E-14
6509.29458462365  2.781554E-14
6509.35896565508  2.910028E-14
6509.4233466865  2.472347E-14
6509.48772771792  2.564662E-14
6509.55210874934  2.987558E-14
6509.61648978077  2.900674E-14
6509.68087081219  2.310055E-14
6509.74525184361  2.371984E-14
6509.80963287503  2.895425E-14
6509.87401390645  3.436109E-14
6509.93839493787  3.541810E-14
6510.0027759693  3.117753E-14
6510.06715700072  3.024370E-14
6510.13153803214  3.286296E-14
6510.19591906356  3.276453E-14
6510.26030009498  2.962494E-14
6510.32468112641  3.227031E-14
6510.38906215783  3.457845E-14
6510.45344318925  3.457139E-14
6510.51782422067  3.316835E-14
6510.5822052521  3.186944E-14
6510.64658628352  3.446828E-14
6510.71096731494  3.399422E-14
6510.77534834636  3.231553E-14
6510.83972937778  3.104297E-14
6510.90411040921  2.453641E-14
6510.96849144063  2.493710E-14
6511.03287247205  3.105833E-14
6511.09725350347  3.289451E-14
6511.16163453489  2.931301E-14
6511.22601556632  3.297904E-14
6511.29039659774  3.398654E-14
6511.35477762916  3.280819E-14
6511.41915866058  3.223993E-14
6511.483539692  2.968250E-14
6511.54792072343  3.240075E-14
6511.61230175485  3.443748E-14
6511.67668278627  3.099081E-14
6511.74106381769  2.778735E-14
6511.80544484911  3.204400E-14
6511.86982588054  2.922795E-14
6511.93420691196  2.962713E-14
6511.99858794338  3.454813E-14
6512.0629689748  3.323474E-14
6512.12735000623  3.515269E-14
6512.19173103765  3.037190E-14
6512.25611206907  2.865710E-14
6512.32049310049  3.396270E-14
6512.38487413191  3.163669E-14
6512.44925516333  3.062309E-14
6512.51363619476  3.236348E-14
6512.57801722618  3.533082E-14
6512.6423982576  3.589014E-14
6512.70677928902  3.049657E-14
6512.77116032044  3.032122E-14
6512.83554135187  3.262542E-14
6512.89992238329  3.680636E-14
6512.96430341471  1.880100E-14
6513.02868444613  -1.082745E-16
6513.09306547755  4.976771E-13
6513.15744650898  5.797365E-13
6513.2218275404  5.025921E-14
6513.28620857182  1.193133E-14
6513.35058960324  3.209138E-14
6513.41497063467  2.926307E-14
6513.47935166609  3.490112E-14
6513.54373269751  3.798705E-14
6513.60811372893  3.301884E-14
6513.67249476035  3.212001E-14
6513.73687579178  3.380796E-14
6513.8012568232  3.261922E-14
6513.86563785462  3.017537E-14
6513.93001888604  3.195394E-14
6513.99439991746  3.136091E-14
6514.05878094888  3.031122E-14
6514.12316198031  2.995771E-14
6514.18754301173  2.923770E-14
6514.25192404315  3.242645E-14
6514.31630507457  3.343667E-14
6514.38068610599  3.280932E-14
6514.44506713742  3.256846E-14
6514.50944816884  3.122977E-14
6514.57382920026  2.994665E-14
6514.63821023168  2.946332E-14
6514.70259126311  6.117361E-14
6514.76697229453  8.856751E-14
6514.83135332595  4.073091E-14
6514.89573435737  2.811438E-14
6514.96011538879  3.530659E-14
6515.02449642022  3.559848E-14
6515.08887745164  3.425364E-14
6515.15325848306  3.315269E-14
6515.21763951448  2.956780E-14
6515.2820205459  3.085812E-14
6515.34640157733  3.362487E-14
6515.41078260875  3.288837E-14
6515.47516364017  3.545052E-14
6515.53954467159  3.105364E-14
6515.60392570301  2.839818E-14
6515.66830673444  2.953088E-14
6515.73268776586  2.795357E-14
6515.79706879728  2.758019E-14
6515.8614498287  2.764444E-14
6515.92583086013  2.679412E-14
6515.99021189155  2.738007E-14
6516.05459292297  2.980431E-14
6516.11897395439  2.767199E-14
6516.18335498581  2.645790E-14
6516.24773601723  2.744877E-14
6516.31211704866  2.786607E-14
6516.37649808008  2.617480E-14
6516.4408791115  2.410827E-14
6516.50526014292  2.584187E-14
6516.56964117434  2.678067E-14
6516.63402220577  2.493989E-14
6516.69840323719  2.521482E-14
6516.76278426861  2.779635E-14
6516.82716530003  2.830324E-14
6516.89154633146  2.814308E-14
6516.95592736288  3.155749E-14
6517.0203083943  3.678337E-14
6517.08468942572  3.540450E-14
6517.14907045714  3.289052E-14
6517.21345148856  3.398423E-14
6517.27783251999  3.647886E-14
6517.34221355141  3.612632E-14
6517.40659458283  3.368224E-14
6517.47097561425  2.907517E-14
6517.53535664568  2.812285E-14
6517.5997376771  2.963935E-14
6517.66411870852  2.785281E-14
6517.72849973994  3.108101E-14
6517.79288077137  3.101014E-14
6517.85726180279  2.837742E-14
6517.92164283421  2.856430E-14
6517.98602386563  2.993505E-14
6518.05040489705  2.819613E-14
6518.11478592847  2.801622E-14
6518.1791669599  2.882309E-14
6518.24354799132  2.978234E-14
6518.30792902274  3.259861E-14
6518.37231005416  3.360716E-14
6518.43669108559  3.030265E-14
6518.50107211701  2.774588E-14
6518.56545314843  3.052675E-14
6518.62983417985  3.081775E-14
6518.69421521127  2.538434E-14
6518.75859624269  9.270323E-14
6518.82297727412  9.746819E-14
6518.88735830554  2.821600E-14
6518.95173933696  2.693474E-14
6519.01612036838  3.046752E-14
6519.0805013998  3.249689E-14
6519.14488243123  3.456518E-14
6519.20926346265  3.179056E-14
6519.27364449407  2.715285E-14
6519.33802552549  3.290516E-14
6519.40240655692  3.299170E-14
6519.46678758834  2.863337E-14
6519.53116861976  2.695864E-14
6519.59554965118  2.916677E-14
6519.6599306826  3.388536E-14
6519.72431171403  3.500088E-14
6519.78869274545  3.244056E-14
6519.85307377687  3.056544E-14
6519.91745480829  3.215730E-14
6519.98183583971  3.441965E-14
6520.04621687114  3.152350E-14
6520.11059790256  3.045671E-14
6520.17497893398  3.165037E-14
6520.2393599654  3.174943E-14
6520.30374099682  3.229110E-14
6520.36812202825  3.015361E-14
6520.43250305967  3.045600E-14
6520.49688409109  3.116158E-14
6520.56126512251  3.104379E-14
6520.62564615393  3.321908E-14
6520.69002718536  3.114505E-14
6520.75440821678  2.737171E-14
6520.8187892482  2.863989E-14
6520.88317027962  3.063195E-14
6520.94755131105  2.748024E-14
6521.01193234247  3.026319E-14
6521.07631337389  3.251344E-14
6521.14069440531  3.037029E-14
6521.20507543673  2.961874E-14
6521.26945646815  3.198729E-14
6521.33383749958  2.890488E-14
6521.398218531  2.882454E-14
6521.46259956242  3.099499E-14
6521.52698059384  3.123923E-14
6521.59136162527  3.055962E-14
6521.65574265669  3.189934E-14
6521.72012368811  3.124398E-14
6521.78450471953  3.242159E-14
6521.84888575095  3.328739E-14
6521.91326678237  3.150729E-14
6521.9776478138  3.044345E-14
6522.04202884522  3.019105E-14
6522.10640987664  2.947897E-14
6522.17079090806  3.114011E-14
6522.23517193949  3.207090E-14
6522.29955297091  2.869910E-14
6522.36393400233  2.839294E-14
6522.42831503375  2.931046E-14
6522.49269606517  3.364353E-14
6522.5570770966  3.533353E-14
6522.62145812802  3.227429E-14
6522.68583915944  3.368430E-14
6522.75022019086  3.227259E-14
6522.81460122228  3.154484E-14
6522.87898225371  3.281990E-14
6522.94336328513  3.238632E-14
6523.00774431655  3.034962E-14
6523.07212534797  3.267191E-14
6523.13650637939  3.204244E-14
6523.20088741081  3.106419E-14
6523.26526844224  3.186391E-14
6523.32964947366  3.124909E-14
6523.39403050508  2.996971E-14
6523.45841153651  3.224405E-14
6523.52279256793  3.281467E-14
6523.58717359935  3.261075E-14
6523.65155463077  3.278248E-14
6523.71593566219  3.016203E-14
6523.78031669361  3.017823E-14
6523.84469772504  3.146822E-14
6523.90907875646  2.986029E-14
6523.97345978788  2.898105E-14
6524.0378408193  3.201161E-14
6524.10222185072  3.154480E-14
6524.16660288215  3.058738E-14
6524.23098391357  3.363364E-14
6524.29536494499  3.402880E-14
6524.35974597641  2.958034E-14
6524.42412700784  2.915721E-14
6524.48850803926  3.054284E-14
6524.55288907068  3.011803E-14
6524.6172701021  3.073116E-14
6524.68165113352  3.108598E-14
6524.74603216495  2.936352E-14
6524.81041319637  3.097112E-14
6524.87479422779  3.036136E-14
6524.93917525921  2.908171E-14
6525.00355629063  2.972184E-14
6525.06793732205  3.099448E-14
6525.13231835348  3.101088E-14
6525.1966993849  3.140997E-14
6525.26108041632  3.164474E-14
6525.32546144774  3.159397E-14
6525.38984247916  3.020155E-14
6525.45422351059  3.006175E-14
6525.51860454201  3.452428E-14
6525.58298557343  3.231272E-14
6525.64736660485  3.035908E-14
6525.71174763628  3.081468E-14
6525.7761286677  3.218018E-14
6525.84050969912  3.350099E-14
6525.90489073054  3.104675E-14
6525.96927176196  3.225437E-14
6526.03365279339  3.470530E-14
6526.09803382481  3.471885E-14
6526.16241485623  3.277622E-14
6526.22679588765  3.117377E-14
6526.29117691907  3.203100E-14
6526.3555579505  3.306884E-14
6526.41993898192  3.167016E-14
6526.48432001334  2.984063E-14
6526.54870104476  3.071519E-14
6526.61308207619  3.256189E-14
6526.67746310761  3.214249E-14
6526.74184413903  3.316814E-14
6526.80622517045  3.379260E-14
6526.87060620187  3.371950E-14
6526.93498723329  3.477626E-14
6526.99936826472  3.337747E-14
6527.06374929614  3.237501E-14
6527.12813032756  3.347058E-14
6527.19251135898  3.463750E-14
6527.25689239041  3.382550E-14
6527.32127342183  3.154336E-14
6527.38565445325  2.954210E-14
6527.45003548467  3.070354E-14
6527.51441651609  3.172983E-14
6527.57879754751  3.101572E-14
6527.64317857894  3.076249E-14
6527.70755961036  3.129629E-14
6527.77194064178  2.974498E-14
6527.8363216732  3.017086E-14
6527.90070270463  3.117763E-14
6527.96508373605  3.054338E-14
6528.02946476747  3.004007E-14
6528.09384579889  3.101912E-14
6528.15822683031  2.993235E-14
6528.22260786174  3.003906E-14
6528.28698889316  2.935300E-14
6528.35136992458  2.868948E-14
6528.415750956  2.975462E-14
6528.48013198742  2.903225E-14
6528.54451301885  2.846247E-14
6528.60889405027  3.141951E-14
6528.67327508169  3.303797E-14
6528.73765611311  3.138155E-14
6528.80203714453  3.056559E-14
6528.86641817596  3.130755E-14
6528.93079920738  3.001243E-14
6528.9951802388  2.790768E-14
6529.05956127022  2.840299E-14
6529.12394230164  3.006711E-14
6529.18832333307  2.991528E-14
6529.25270436449  3.001798E-14
6529.31708539591  3.170468E-14
6529.38146642733  3.064855E-14
6529.44584745875  3.108393E-14
6529.51022849018  3.190106E-14
6529.5746095216  3.026249E-14
6529.63899055302  3.114318E-14
6529.70337158444  2.826741E-14
6529.76775261587  3.170261E-14
6529.83213364729  3.270816E-14
6529.89651467871  2.982650E-14
6529.96089571013  3.111765E-14
6530.02527674155  3.206729E-14
6530.08965777297  3.263666E-14
6530.1540388044  3.186748E-14
6530.21841983582  2.965664E-14
6530.28280086724  2.931656E-14
6530.34718189866  3.097833E-14
6530.41156293009  3.032921E-14
6530.47594396151  3.020354E-14
6530.54032499293  2.908529E-14
6530.60470602435  3.192801E-14
6530.66908705577  3.424178E-14
6530.73346808719  3.171974E-14
6530.79784911862  3.077376E-14
6530.86223015004  3.008206E-14
6530.92661118146  3.357110E-14
6530.99099221288  3.356015E-14
6531.05537324431  3.085215E-14
6531.11975427573  3.142020E-14
6531.18413530715  3.294406E-14
6531.24851633857  3.247268E-14
6531.31289736999  3.235756E-14
6531.37727840142  3.217972E-14
6531.44165943284  3.030888E-14
6531.50604046426  2.907089E-14
6531.57042149568  3.054201E-14
6531.6348025271  3.103636E-14
6531.69918355853  3.154599E-14
6531.76356458995  3.070423E-14
6531.82794562137  3.091436E-14
6531.89232665279  3.125637E-14
6531.95670768421  2.984402E-14
6532.02108871564  3.043660E-14
6532.08546974706  3.106306E-14
6532.14985077848  2.835296E-14
6532.2142318099  2.724218E-14
6532.27861284133  2.882850E-14
6532.34299387275  2.942027E-14
6532.40737490417  2.926863E-14
6532.47175593559  3.028589E-14
6532.53613696701  3.038170E-14
6532.60051799843  2.942649E-14
6532.66489902986  3.092740E-14
6532.72928006128  3.281752E-14
6532.7936610927  3.137186E-14
6532.85804212412  3.211511E-14
6532.92242315555  3.509547E-14
6532.98680418697  3.782282E-14
6533.05118521839  3.908285E-14
6533.11556624981  3.742430E-14
6533.17994728123  3.413999E-14
6533.24432831266  3.410991E-14
6533.30870934408  3.653652E-14
6533.3730903755  3.624994E-14
6533.43747140692  3.388406E-14
6533.50185243834  3.369829E-14
6533.56623346977  3.532725E-14
6533.63061450119  3.459687E-14
6533.69499553261  3.238994E-14
6533.75937656403  3.284674E-14
6533.82375759545  3.150164E-14
6533.88813862688  3.149340E-14
6533.9525196583  3.235943E-14
6534.01690068972  3.027367E-14
6534.08128172114  2.875692E-14
6534.14566275256  2.991005E-14
6534.21004378398  3.160886E-14
6534.27442481541  2.999674E-14
6534.33880584683  2.883533E-14
6534.40318687825  3.001374E-14
6534.46756790967  3.036869E-14
6534.5319489411  3.052775E-14
6534.59632997252  2.971473E-14
6534.66071100394  3.065902E-14
6534.72509203536  3.048444E-14
6534.78947306678  3.009689E-14
6534.85385409821  3.162874E-14
6534.91823512963  3.337193E-14
6534.98261616105  3.547033E-14
6535.04699719247  3.428541E-14
6535.11137822389  3.538836E-14
6535.17575925532  3.584408E-14
6535.24014028674  3.349381E-14
6535.30452131816  3.136581E-14
6535.36890234958  3.137403E-14
6535.43328338101  3.513736E-14
6535.49766441243  3.278520E-14
6535.56204544385  3.254701E-14
6535.62642647527  3.385586E-14
6535.69080750669  3.268403E-14
6535.75518853811  3.209688E-14
6535.81956956954  3.199210E-14
6535.88395060096  2.972638E-14
6535.94833163238  3.135968E-14
6536.0127126638  3.004935E-14
6536.07709369523  2.985952E-14
6536.14147472665  3.213293E-14
6536.20585575807  3.102623E-14
6536.27023678949  3.124975E-14
6536.33461782091  3.006338E-14
6536.39899885233  3.069241E-14
6536.46337988376  3.083069E-14
6536.52776091518  3.022635E-14
6536.5921419466  3.043226E-14
6536.65652297802  3.058251E-14
6536.72090400945  3.030386E-14
6536.78528504087  3.020494E-14
6536.84966607229  3.012935E-14
6536.91404710371  3.112110E-14
6536.97842813513  3.059937E-14
6537.04280916656  2.943987E-14
6537.10719019798  3.067545E-14
6537.1715712294  3.080519E-14
6537.23595226082  3.090110E-14
6537.30033329224  3.093794E-14
6537.36471432367  3.049500E-14
6537.42909535509  3.190045E-14
6537.49347638651  3.166767E-14
6537.55785741793  2.888560E-14
6537.62223844935  3.193297E-14
6537.68661948078  3.214634E-14
6537.7510005122  3.189740E-14
6537.81538154362  3.223124E-14
6537.87976257504  3.279343E-14
6537.94414360647  3.302801E-14
6538.00852463789  3.289255E-14
6538.07290566931  3.322858E-14
6538.13728670073  3.293319E-14
6538.20166773215  3.269029E-14
6538.26604876357  3.416743E-14
6538.330429795  3.364589E-14
6538.39481082642  3.189193E-14
6538.45919185784  3.323233E-14
6538.52357288926  3.469281E-14
6538.58795392069  3.238808E-14
6538.65233495211  3.203921E-14
6538.71671598353  3.165514E-14
6538.78109701495  3.098717E-14
6538.84547804637  3.118009E-14
6538.9098590778  3.157166E-14
6538.97424010922  3.141491E-14
6539.03862114064  3.123645E-14
6539.10300217206  3.191204E-14
6539.16738320348  3.273979E-14
6539.23176423491  3.298822E-14
6539.29614526633  3.301651E-14
6539.36052629775  3.399496E-14
6539.42490732917  3.374338E-14
6539.48928836059  3.057353E-14
6539.55366939202  3.232423E-14
6539.61805042344  3.284452E-14
6539.68243145486  3.254201E-14
6539.74681248628  3.176613E-14
6539.8111935177  3.148581E-14
6539.87557454913  3.110782E-14
6539.93995558055  3.013817E-14
6540.00433661197  3.319795E-14
6540.06871764339  3.232665E-14
6540.13309867481  3.071502E-14
6540.19747970624  3.003040E-14
6540.26186073766  3.052296E-14
6540.32624176908  3.024579E-14
6540.3906228005  2.973689E-14
6540.45500383192  3.258950E-14
6540.51938486335  3.298256E-14
6540.58376589477  3.375212E-14
6540.64814692619  3.263813E-14
6540.71252795761  3.137389E-14
6540.77690898904  3.085362E-14
6540.84129002046  3.115041E-14
6540.90567105188  3.200668E-14
6540.9700520833  3.037327E-14
6541.03443311472  3.053276E-14
6541.09881414615  3.187552E-14
6541.16319517757  3.156610E-14
6541.22757620899  3.045065E-14
6541.29195724041  3.137534E-14
6541.35633827183  3.286306E-14
6541.42071930325  3.213859E-14
6541.48510033468  3.207473E-14
6541.5494813661  3.208242E-14
6541.61386239752  3.081499E-14
6541.67824342894  3.131930E-14
6541.74262446037  3.361895E-14
6541.80700549179  3.372196E-14
6541.87138652321  3.148739E-14
6541.93576755463  3.072403E-14
6542.00014858605  3.125830E-14
6542.06452961748  3.253861E-14
6542.1289106489  3.238480E-14
6542.19329168032  3.259926E-14
6542.25767271174  3.239364E-14
6542.32205374316  3.159635E-14
6542.38643477459  3.294696E-14
6542.45081580601  3.415757E-14
6542.51519683743  3.086324E-14
6542.57957786885  3.203033E-14
6542.64395890027  3.152646E-14
6542.7083399317  3.199738E-14
6542.77272096312  3.380237E-14
6542.83710199454  3.413708E-14
6542.90148302596  3.302815E-14
6542.96586405738  3.300149E-14
6543.03024508881  3.521417E-14
6543.09462612023  3.304804E-14
6543.15900715165  3.221767E-14
6543.22338818307  3.347588E-14
6543.28776921449  3.264855E-14
6543.35215024592  3.047103E-14
6543.41653127734  3.033661E-14
6543.48091230876  3.209974E-14
6543.54529334018  3.343822E-14
6543.60967437161  3.253366E-14
6543.67405540303  3.254861E-14
6543.73843643445  3.320354E-14
6543.80281746587  3.286841E-14
6543.86719849729  3.209788E-14
6543.93157952871  3.176135E-14
6543.99596056014  3.160690E-14
6544.06034159156  3.218158E-14
6544.12472262298  3.329058E-14
6544.1891036544  3.108576E-14
6544.25348468583  3.193990E-14
6544.31786571725  3.249818E-14
6544.38224674867  3.229031E-14
6544.44662778009  3.322500E-14
6544.51100881151  3.170615E-14
6544.57538984294  4.019836E-14
6544.63977087436  6.910562E-14
6544.70415190578  6.295218E-14
6544.7685329372  4.074307E-14
6544.83291396862  3.703356E-14
6544.89729500005  3.826775E-14
6544.96167603147  3.585178E-14
6545.02605706289  3.551043E-14
6545.09043809431  3.489739E-14
6545.15481912573  3.463104E-14
6545.21920015715  3.746297E-14
6545.28358118858  3.649263E-14
6545.34796222  3.763928E-14
6545.41234325142  3.837344E-14
6545.47672428284  3.799618E-14
6545.54110531427  3.835096E-14
6545.60548634569  3.843577E-14
6545.66986737711  3.798068E-14
6545.73424840853  3.810962E-14
6545.79862943996  3.724049E-14
6545.86301047138  3.834268E-14
6545.9273915028  3.927082E-14
6545.99177253422  3.872006E-14
6546.05615356564  3.984259E-14
6546.12053459706  3.981262E-14
6546.18491562849  3.826444E-14
6546.24929665991  3.833842E-14
6546.31367769133  3.710446E-14
6546.37805872275  3.806092E-14
6546.44243975418  3.942633E-14
6546.5068207856  3.908286E-14
6546.57120181702  3.818869E-14
6546.63558284844  4.080131E-14
6546.69996387986  4.280304E-14
6546.76434491129  4.319575E-14
6546.82872594271  4.509932E-14
6546.89310697413  4.683617E-14
6546.95748800555  5.309227E-14
6547.02186903697  5.997083E-14
6547.08625006839  8.388300E-14
6547.15063109982  1.410931E-13
6547.21501213124  2.472021E-13
6547.27939316266  4.363241E-13
6547.34377419408  7.554746E-13
6547.40815522551  1.241250E-12
6547.47253625693  1.895390E-12
6547.53691728835  2.692134E-12
6547.60129831977  3.601563E-12
6547.66567935119  4.504138E-12
6547.73006038262  5.323683E-12
6547.79444141404  6.016266E-12
6547.85882244546  6.481357E-12
6547.92320347688  6.779054E-12
6547.9875845083  6.980065E-12
6548.05196553973  6.991531E-12
6548.11634657115  6.732496E-12
6548.18072760257  6.115261E-12
6548.24510863399  5.208262E-12
6548.30948966541  4.135676E-12
6548.37387069684  3.070032E-12
6548.43825172826  2.130350E-12
6548.50263275968  1.384027E-12
6548.5670137911  8.575393E-13
6548.63139482252  5.217928E-13
6548.69577585395  3.200931E-13
6548.76015688537  2.103813E-13
6548.82453791679  1.591786E-13
6548.88891894821  1.273996E-13
6548.95329997964  1.083645E-13
6549.01768101106  9.711608E-14
6549.08206204248  8.778002E-14
6549.1464430739  7.778094E-14
6549.21082410532  6.760200E-14
6549.27520513674  5.729744E-14
6549.33958616817  4.763485E-14
6549.40396719959  4.299282E-14
6549.46834823101  4.133343E-14
6549.53272926243  3.836534E-14
6549.59711029386  3.502839E-14
6549.66149132528  3.473856E-14
6549.7258723567  3.739796E-14
6549.79025338812  3.796628E-14
6549.85463441954  3.757155E-14
6549.91901545097  3.839113E-14
6549.98339648239  3.728325E-14
6550.04777751381  3.598549E-14
6550.11215854523  3.633761E-14
6550.17653957665  3.797645E-14
6550.24092060808  3.684498E-14
6550.3053016395  3.710175E-14
6550.36968267092  3.749142E-14
6550.43406370234  3.587355E-14
6550.49844473376  3.593252E-14
6550.56282576519  3.723173E-14
6550.62720679661  3.687804E-14
6550.69158782803  3.677236E-14
6550.75596885945  3.560633E-14
6550.82034989087  3.621327E-14
6550.8847309223  3.828672E-14
6550.94911195372  3.624850E-14
6551.01349298514  3.448695E-14
6551.07787401656  3.475009E-14
6551.14225504798  3.556178E-14
6551.20663607941  3.712866E-14
6551.27101711083  3.748703E-14
6551.33539814225  3.677680E-14
6551.39977917367  3.799136E-14
6551.4641602051  3.643528E-14
6551.52854123652  3.589557E-14
6551.59292226794  3.601018E-14
6551.65730329936  3.564401E-14
6551.72168433078  3.461070E-14
6551.78606536221  3.479643E-14
6551.85044639363  3.489356E-14
6551.91482742505  3.410283E-14
6551.97920845647  3.432024E-14
6552.04358948789  3.418609E-14
6552.10797051931  3.304294E-14
6552.17235155074  3.483951E-14
6552.23673258216  3.506263E-14
6552.30111361358  3.468338E-14
6552.365494645  3.557544E-14
6552.42987567643  3.483616E-14
6552.49425670785  3.581137E-14
6552.55863773927  3.579851E-14
6552.62301877069  3.346384E-14
6552.68739980211  3.532172E-14
6552.75178083353  3.859495E-14
6552.81616186496  3.616357E-14
6552.88054289638  3.578608E-14
6552.9449239278  3.889726E-14
6553.00930495922  3.917661E-14
6553.07368599065  3.874235E-14
6553.13806702207  3.668836E-14
6553.20244805349  3.671704E-14
6553.26682908491  3.845944E-14
6553.33121011633  3.764585E-14
6553.39559114776  3.907942E-14
6553.45997217918  4.094832E-14
6553.5243532106  3.971380E-14
6553.58873424202  4.206334E-14
6553.65311527344  4.004236E-14
6553.71749630487  3.764207E-14
6553.78187733629  3.669955E-14
6553.84625836771  3.673750E-14
6553.91063939913  3.445606E-14
6553.97502043055  3.497789E-14
6554.03940146198  3.743608E-14
6554.1037824934  3.761939E-14
6554.16816352482  3.767753E-14
6554.23254455624  3.826454E-14
6554.29692558766  3.802403E-14
6554.36130661909  3.754170E-14
6554.42568765051  3.608771E-14
6554.49006868193  3.815192E-14
6554.55444971335  3.840251E-14
6554.61883074478  3.815458E-14
6554.6832117762  3.734950E-14
6554.74759280762  3.782288E-14
6554.81197383904  3.720604E-14
6554.87635487046  3.909327E-14
6554.94073590188  3.980677E-14
6555.00511693331  3.838459E-14
6555.06949796473  3.914381E-14
6555.13387899615  4.068889E-14
6555.19826002757  4.170162E-14
6555.262641059  3.940192E-14
6555.32702209042  3.864671E-14
6555.39140312184  3.949562E-14
6555.45578415326  3.945976E-14
6555.52016518468  4.037166E-14
6555.58454621611  4.109582E-14
6555.64892724753  4.263149E-14
6555.71330827895  4.119460E-14
6555.77768931037  4.050243E-14
6555.8420703418  4.136578E-14
6555.90645137322  3.933094E-14
6555.97083240464  3.884045E-14
6556.03521343606  3.929201E-14
6556.09959446748  3.697206E-14
6556.1639754989  4.035599E-14
6556.22835653033  3.879254E-14
6556.29273756175  3.878371E-14
6556.35711859317  3.799829E-14
6556.42149962459  3.766650E-14
6556.48588065601  3.747225E-14
6556.55026168744  3.947592E-14
6556.61464271886  3.985989E-14
6556.67902375028  3.831150E-14
6556.7434047817  3.819085E-14
6556.80778581312  3.900242E-14
6556.87216684455  4.064739E-14
6556.93654787597  4.097141E-14
6557.00092890739  3.826903E-14
6557.06530993881  3.827932E-14
6557.12969097023  3.691542E-14
6557.19407200166  3.880363E-14
6557.25845303308  4.123331E-14
6557.3228340645  4.101080E-14
6557.38721509592  4.020454E-14
6557.45159612735  3.894082E-14
6557.51597715877  3.896729E-14
6557.58035819019  3.943432E-14
6557.64473922161  3.858848E-14
6557.70912025303  3.734533E-14
6557.77350128446  3.783171E-14
6557.83788231588  4.060270E-14
6557.9022633473  4.149900E-14
6557.96664437872  4.077114E-14
6558.03102541014  4.365515E-14
6558.09540644156  4.155880E-14
6558.15978747299  4.236819E-14
6558.22416850441  4.560036E-14
6558.28854953583  4.299052E-14
6558.35293056725  4.172589E-14
6558.41731159868  4.460751E-14
6558.4816926301  4.397566E-14
6558.54607366152  4.233094E-14
6558.61045469294  4.239026E-14
6558.67483572436  4.352793E-14
6558.73921675579  4.663453E-14
6558.80359778721  4.745625E-14
6558.86797881863  4.635620E-14
6558.93235985005  4.845552E-14
6558.99674088147  4.870030E-14
6559.0611219129  4.920549E-14
6559.12550294432  4.614085E-14
6559.18988397574  4.571385E-14
6559.25426500716  4.611991E-14
6559.31864603859  4.466145E-14
6559.38302707001  4.727353E-14
6559.44740810143  4.734750E-14
6559.51178913285  4.644193E-14
6559.57617016427  4.739880E-14
6559.6405511957  5.037300E-14
6559.70493222712  5.074749E-14
6559.76931325854  5.244697E-14
6559.83369428996  5.681974E-14
6559.89807532138  5.206423E-14
6559.9624563528  7.181319E-14
6560.02683738423  1.667574E-13
6560.09121841565  2.187991E-13
6560.15559944707  1.012939E-13
6560.21998047849  6.171238E-14
6560.28436150992  5.605134E-14
6560.34874254134  5.517129E-14
6560.41312357276  5.490169E-14
6560.47750460418  5.523883E-14
6560.5418856356  5.303937E-14
6560.60626666703  5.552601E-14
6560.67064769845  5.766740E-14
6560.73502872987  5.646344E-14
6560.79940976129  5.475188E-14
6560.86379079271  5.570066E-14
6560.92817182414  6.059660E-14
6560.99255285556  6.478648E-14
6561.05693388698  7.243917E-14
6561.1213149184  8.611455E-14
6561.18569594982  9.513936E-14
6561.25007698125  1.013877E-13
6561.31445801267  1.083940E-13
6561.37883904409  1.370164E-13
6561.44322007551  1.684324E-13
6561.50760110693  2.249527E-13
6561.57198213836  3.443293E-13
6561.63636316978  5.704902E-13
6561.7007442012  9.972045E-13
6561.76512523262  1.668040E-12
6561.82950626404  2.702119E-12
6561.89388729547  4.482610E-12
6561.95826832689  7.265799E-12
6562.02264935831  1.124416E-11
6562.08703038973  1.508251E-11
6562.15141142115  1.760475E-11
6562.21579245258  1.945679E-11
6562.280173484  2.193610E-11
6562.34455451542  2.529338E-11
6562.40893554684  2.693186E-11
6562.47331657827  2.435649E-11
6562.53769760969  1.935078E-11
6562.60207864111  1.560039E-11
6562.66645967253  1.495483E-11
6562.73084070395  1.569690E-11
6562.79522173537  1.954398E-11
6562.8596027668  2.576546E-11
6562.92398379822  2.766005E-11
6562.98836482964  2.537269E-11
6563.05274586106  2.133558E-11
6563.11712689248  1.845398E-11
6563.18150792391  1.651615E-11
6563.24588895533  1.462104E-11
6563.31026998675  1.270027E-11
6563.37465101818  9.799619E-12
6563.4390320496  6.910951E-12
6563.50341308102  5.005343E-12
6563.56779411244  3.654797E-12
6563.63217514386  2.636261E-12
6563.69655617528  1.865908E-12
6563.7609372067  1.309111E-12
6563.82531823813  9.003826E-13
6563.88969926955  5.776636E-13
6563.95408030097  3.641434E-13
6564.01846133239  2.308714E-13
6564.08284236382  1.581480E-13
6564.14722339524  1.112496E-13
6564.21160442666  8.867473E-14
6564.27598545808  7.744772E-14
6564.3403664895  7.414075E-14
6564.40474752093  7.821928E-14
6564.46912855235  8.314974E-14
6564.53350958377  8.741565E-14
6564.59789061519  9.307420E-14
6564.66227164662  9.172372E-14
6564.72665267804  8.783162E-14
6564.79103370946  8.752027E-14
6564.85541474088  8.052929E-14
6564.9197957723  7.163228E-14
6564.98417680372  6.429658E-14
6565.04855783515  5.684900E-14
6565.11293886657  5.300510E-14
6565.17731989799  4.764530E-14
6565.24170092941  4.654919E-14
6565.30608196083  4.773526E-14
6565.37046299226  4.886301E-14
6565.43484402368  5.206657E-14
6565.4992250551  5.306755E-14
6565.56360608652  5.341779E-14
6565.62798711795  5.290807E-14
6565.69236814937  5.624978E-14
6565.75674918079  5.604867E-14
6565.82113021221  5.272114E-14
6565.88551124363  5.055823E-14
6565.94989227506  5.049025E-14
6566.01427330648  4.802500E-14
6566.0786543379  4.602611E-14
6566.14303536932  4.606124E-14
6566.20741640074  4.838023E-14
6566.27179743217  4.716820E-14
6566.33617846359  4.584661E-14
6566.40055949501  4.635076E-14
6566.46494052643  4.693123E-14
6566.52932155785  4.611518E-14
6566.59370258928  4.484607E-14
6566.6580836207  4.524384E-14
6566.72246465212  4.438969E-14
6566.78684568354  4.631376E-14
6566.85122671496  4.219839E-14
6566.91560774639  4.383236E-14
6566.97998877781  4.301267E-14
6567.04436980923  4.260674E-14
6567.10875084065  4.086667E-14
6567.17313187208  4.147074E-14
6567.2375129035  4.179727E-14
6567.30189393492  4.122104E-14
6567.36627496634  3.905680E-14
6567.43065599776  3.896318E-14
6567.49503702918  4.171600E-14
6567.55941806061  4.319478E-14
6567.62379909203  4.103658E-14
6567.68818012345  4.009771E-14
6567.75256115487  4.230818E-14
6567.81694218629  4.024833E-14
6567.88132321772  3.854753E-14
6567.94570424914  3.968206E-14
6568.01008528056  4.084290E-14
6568.07446631198  4.042171E-14
6568.13884734341  3.820105E-14
6568.20322837483  3.751419E-14
6568.26760940625  3.844426E-14
6568.33199043767  3.911454E-14
6568.39637146909  4.001167E-14
6568.46075250052  4.209382E-14
6568.52513353194  4.117748E-14
6568.58951456336  4.091100E-14
6568.65389559478  3.961948E-14
6568.7182766262  4.144584E-14
6568.78265765762  4.173110E-14
6568.84703868905  4.199954E-14
6568.91141972047  4.147338E-14
6568.97580075189  3.891891E-14
6569.04018178331  3.858039E-14
6569.10456281473  4.081146E-14
6569.16894384616  4.002382E-14
6569.23332487758  3.909901E-14
6569.297705909  3.840682E-14
6569.36208694042  3.998362E-14
6569.42646797185  4.024188E-14
6569.49084900327  4.148934E-14
6569.55523003469  4.081091E-14
6569.61961106611  3.897307E-14
6569.68399209753  3.933139E-14
6569.74837312896  4.115841E-14
6569.81275416038  4.027539E-14
6569.8771351918  4.222885E-14
6569.94151622322  4.143064E-14
6570.00589725464  4.026638E-14
6570.07027828607  3.947604E-14
6570.13465931749  4.302539E-14
6570.19904034891  4.180858E-14
6570.26342138033  4.000955E-14
6570.32780241176  3.933965E-14
6570.39218344318  3.925996E-14
6570.4565644746  3.892973E-14
6570.52094550602  4.007548E-14
6570.58532653744  4.154519E-14
6570.64970756886  4.024191E-14
6570.71408860029  3.834233E-14
6570.77846963171  3.951431E-14
6570.84285066313  4.078779E-14
6570.90723169455  4.156608E-14
6570.97161272598  4.071706E-14
6571.0359937574  3.871593E-14
6571.10037478882  3.882109E-14
6571.16475582024  3.950286E-14
6571.22913685166  3.990774E-14
6571.29351788309  3.802472E-14
6571.35789891451  3.774361E-14
6571.42227994593  3.806250E-14
6571.48666097735  3.843695E-14
6571.55104200877  3.882390E-14
6571.6154230402  3.936402E-14
6571.67980407162  3.855935E-14
6571.74418510304  3.763139E-14
6571.80856613446  3.720094E-14
6571.87294716588  3.674419E-14
6571.93732819731  3.805048E-14
6572.00170922873  3.668113E-14
6572.06609026015  3.664544E-14
6572.13047129157  3.775765E-14
6572.194852323  3.771906E-14
6572.25923335442  3.835610E-14
6572.32361438584  3.741065E-14
6572.38799541726  3.863428E-14
6572.45237644868  3.797296E-14
6572.5167574801  3.734506E-14
6572.58113851153  3.673329E-14
6572.64551954295  3.553787E-14
6572.70990057437  3.622118E-14
6572.77428160579  3.784482E-14
6572.83866263722  3.854303E-14
6572.90304366864  3.752143E-14
6572.96742470006  3.729170E-14
6573.03180573148  3.789664E-14
6573.0961867629  3.659596E-14
6573.16056779432  3.490720E-14
6573.22494882575  3.513602E-14
6573.28932985717  3.581822E-14
6573.35371088859  3.825689E-14
6573.41809192001  3.819477E-14
6573.48247295144  3.472593E-14
6573.54685398286  3.507244E-14
6573.61123501428  3.578857E-14
6573.6756160457  3.399133E-14
6573.73999707712  3.494827E-14
6573.80437810855  3.615781E-14
6573.86875913997  3.765804E-14
6573.93314017139  3.847566E-14
6573.99752120281  3.732644E-14
6574.06190223423  3.637423E-14
6574.12628326565  3.901681E-14
6574.19066429708  3.651741E-14
6574.2550453285  3.474355E-14
6574.31942635992  3.591658E-14
6574.38380739134  3.448281E-14
6574.44818842277  3.499710E-14
6574.51256945419  3.425327E-14
6574.57695048561  3.587161E-14
6574.64133151703  3.787143E-14
6574.70571254845  3.634280E-14
6574.77009357988  3.513869E-14
6574.8344746113  3.418259E-14
6574.89885564272  3.528532E-14
6574.96323667414  3.438144E-14
6575.02761770556  3.683708E-14
6575.09199873699  3.678069E-14
6575.15637976841  3.511078E-14
6575.22076079983  3.571293E-14
6575.28514183125  3.725369E-14
6575.34952286267  3.631671E-14
6575.4139038941  3.297923E-14
6575.47828492552  3.430556E-14
6575.54266595694  3.852880E-14
6575.60704698836  3.883746E-14
6575.67142801978  3.810003E-14
6575.73580905121  3.881113E-14
6575.80019008263  3.930332E-14
6575.86457111405  4.570060E-14
6575.92895214547  7.205899E-14
6575.9933331769  6.622039E-14
6576.05771420832  4.010317E-14
6576.12209523974  4.079052E-14
6576.18647627116  3.879363E-14
6576.25085730258  3.687561E-14
6576.315238334  3.601293E-14
6576.37961936543  3.703269E-14
6576.44400039685  3.832503E-14
6576.50838142827  3.805619E-14
6576.57276245969  3.679014E-14
6576.63714349111  3.515472E-14
6576.70152452254  3.591018E-14
6576.76590555396  3.505500E-14
6576.83028658538  3.600269E-14
6576.8946676168  3.741204E-14
6576.95904864823  3.419960E-14
6577.02342967965  3.571921E-14
6577.08781071107  3.917256E-14
6577.15219174249  3.840992E-14
6577.21657277391  3.839063E-14
6577.28095380534  3.901465E-14
6577.34533483676  4.725816E-14
6577.40971586818  5.099874E-14
6577.4740968996  5.445398E-14
6577.53847793102  7.266856E-14
6577.60285896245  9.188032E-14
6577.66723999387  1.195027E-13
6577.73162102529  1.563457E-13
6577.79600205671  1.904551E-13
6577.86038308814  2.127356E-13
6577.92476411956  2.204907E-13
6577.98914515098  2.083369E-13
6578.0535261824  1.883113E-13
6578.11790721382  1.581561E-13
6578.18228824524  1.264498E-13
6578.24666927667  9.730957E-14
6578.31105030809  7.537577E-14
6578.37543133951  5.861513E-14
6578.43981237093  4.890193E-14
6578.50419340236  4.486824E-14
6578.56857443378  4.072198E-14
6578.6329554652  3.764609E-14
6578.69733649662  3.742095E-14
6578.76171752804  3.476938E-14
6578.82609855946  3.388347E-14
6578.89047959089  3.427156E-14
6578.95486062231  3.465278E-14
6579.01924165373  3.513140E-14
6579.08362268515  3.552150E-14
6579.14800371658  3.362971E-14
6579.212384748  3.513110E-14
6579.27676577942  3.563124E-14
6579.34114681084  3.472083E-14
6579.40552784226  3.415123E-14
6579.46990887369  3.523316E-14
6579.53428990511  3.661017E-14
6579.59867093653  3.710772E-14
6579.66305196795  3.728845E-14
6579.72743299937  3.692710E-14
6579.7918140308  3.770681E-14
6579.85619506222  3.746922E-14
6579.92057609364  3.613014E-14
6579.98495712506  3.645052E-14
6580.04933815648  3.681977E-14
6580.1137191879  3.601995E-14
6580.17810021933  3.469210E-14
6580.24248125075  3.510044E-14
6580.30686228217  3.360936E-14
6580.37124331359  3.486546E-14
6580.43562434502  3.588948E-14
6580.50000537644  3.679859E-14
6580.56438640786  3.656754E-14
6580.62876743928  3.494911E-14
6580.6931484707  3.339475E-14
6580.75752950213  3.244148E-14
6580.82191053355  3.400537E-14
6580.88629156497  3.477787E-14
6580.95067259639  3.468407E-14
6581.01505362782  3.418718E-14
6581.07943465924  3.480190E-14
6581.14381569066  3.572924E-14
6581.20819672208  3.619031E-14
6581.2725777535  3.442335E-14
6581.33695878492  3.615134E-14
6581.40133981635  3.574913E-14
6581.46572084777  3.907652E-14
6581.53010187919  4.139351E-14
6581.59448291061  4.653002E-14
6581.65886394204  5.101185E-14
6581.72324497346  5.346956E-14
6581.78762600488  5.264304E-14
6581.8520070363  5.308914E-14
6581.91638806772  5.349101E-14
6581.98076909914  5.527847E-14
6582.04515013057  5.656140E-14
6582.10953116199  6.081958E-14
6582.17391219341  6.319782E-14
6582.23829322483  6.677623E-14
6582.30267425626  7.342534E-14
6582.36705528768  9.188322E-14
6582.4314363191  1.367266E-13
6582.49581735052  2.206925E-13
6582.56019838194  3.923998E-13
6582.62457941337  7.269807E-13
6582.68896044479  1.330316E-12
6582.75334147621  2.324272E-12
6582.81772250763  3.854483E-12
6582.88210353905  5.988247E-12
6582.94648457048  8.549711E-12
6583.0108656019  1.148580E-11
6583.07524663332  1.387786E-11
6583.13962766474  1.527276E-11
6583.20400869616  1.587480E-11
6583.26838972759  1.598979E-11
6583.33277075901  1.610736E-11
6583.39715179043  1.622487E-11
6583.46153282185  1.620944E-11
6583.52591385328  1.607295E-11
6583.5902948847  1.563025E-11
6583.65467591612  1.389950E-11
6583.71905694754  1.117909E-11
6583.78343797896  7.946312E-12
6583.84781901038  5.291004E-12
6583.91220004181  3.327897E-12
6583.97658107323  1.962822E-12
6584.04096210465  1.155015E-12
6584.10534313607  7.001094E-13
6584.16972416749  4.465357E-13
6584.23410519892  3.229567E-13
6584.29848623034  2.578793E-13
6584.36286726176  2.222276E-13
6584.42724829318  2.009366E-13
6584.49162932461  1.754218E-13
6584.55601035603  1.462408E-13
6584.62039138745  1.106463E-13
6584.68477241887  8.184858E-14
6584.74915345029  6.265515E-14
6584.81353448172  5.135399E-14
6584.87791551314  4.558832E-14
6584.94229654456  4.098405E-14
6585.00667757598  3.929088E-14
6585.0710586074  3.804629E-14
6585.13543963882  3.679119E-14
6585.19982067025  3.631413E-14
6585.26420170167  3.626479E-14
6585.32858273309  3.750496E-14
6585.39296376451  3.595289E-14
6585.45734479593  3.665510E-14
6585.52172582736  3.669112E-14
6585.58610685878  3.501559E-14
6585.6504878902  3.424872E-14
6585.71486892162  3.378079E-14
6585.77924995305  3.326069E-14
6585.84363098447  3.590564E-14
6585.90801201589  3.627413E-14
6585.97239304731  3.700379E-14
6586.03677407873  3.569963E-14
6586.10115511016  3.321487E-14
6586.16553614158  3.465934E-14
6586.229917173  3.467386E-14
6586.29429820442  3.528251E-14
6586.35867923584  3.308656E-14
6586.42306026727  3.171215E-14
6586.48744129869  3.385757E-14
6586.55182233011  3.158383E-14
6586.61620336153  3.065194E-14
6586.68058439296  2.969813E-14
6586.74496542438  3.268241E-14
6586.8093464558  3.322813E-14
6586.87372748722  3.614558E-14
6586.93810851864  3.440801E-14
6587.00248955006  3.382326E-14
6587.06687058149  3.216901E-14
6587.13125161291  3.191889E-14
6587.19563264433  3.040228E-14
6587.26001367575  3.237619E-14
6587.32439470718  3.425393E-14
6587.3887757386  3.522519E-14
6587.45315677002  3.339713E-14
6587.51753780144  3.021895E-14
6587.58191883286  3.098901E-14
6587.64629986428  2.942573E-14
6587.71068089571  2.921137E-14
6587.77506192713  3.129954E-14
6587.83944295855  3.082305E-14
6587.90382398997  3.038931E-14
6587.9682050214  3.139701E-14
6588.03258605282  3.017288E-14
6588.09696708424  2.898273E-14
6588.16134811566  3.042936E-14
6588.22572914708  2.996509E-14
6588.29011017851  2.987879E-14
6588.35449120993  2.901265E-14
6588.41887224135  3.072788E-14
6588.48325327277  3.106340E-14
6588.54763430419  3.127613E-14
6588.61201533562  2.974974E-14
6588.67639636704  3.035287E-14
6588.74077739846  3.051381E-14
6588.80515842988  2.954050E-14
6588.8695394613  2.978885E-14
6588.93392049273  2.999314E-14
6588.99830152415  2.966105E-14
6589.06268255557  3.095271E-14
6589.12706358699  3.179742E-14
6589.19144461841  3.038736E-14
6589.25582564984  3.269871E-14
6589.32020668126  3.254850E-14
6589.38458771268  3.078696E-14
6589.4489687441  2.970911E-14
6589.51334977552  2.945236E-14
6589.57773080695  3.005503E-14
6589.64211183837  2.993669E-14
6589.70649286979  3.232444E-14
6589.77087390121  3.279920E-14
6589.83525493264  3.352193E-14
6589.89963596406  3.433016E-14
6589.96401699548  4.175346E-14
6590.0283980269  2.492832E-13
6590.09277905832  4.976520E-14
6590.15716008974  2.722870E-14
6590.22154112117  3.237255E-14
6590.28592215259  3.507480E-14
6590.35030318401  3.498215E-14
6590.41468421543  3.406736E-14
6590.47906524686  3.002672E-14
6590.54344627828  2.696784E-14
6590.6078273097  2.701498E-14
6590.67220834112  2.841485E-14
6590.73658937254  3.006831E-14
6590.80097040396  3.167142E-14
6590.86535143539  3.093271E-14
6590.92973246681  2.976282E-14
6590.99411349823  2.999333E-14
6591.05849452965  3.173339E-14
6591.12287556108  3.154634E-14
6591.1872565925  3.123820E-14
6591.25163762392  2.897197E-14
6591.31601865534  3.094938E-14
6591.38039968676  2.915841E-14
6591.44478071819  3.222642E-14
6591.50916174961  3.106910E-14
6591.57354278103  3.002254E-14
6591.63792381245  2.916820E-14
6591.70230484387  2.900946E-14
6591.7666858753  3.128921E-14
6591.83106690672  3.015068E-14
6591.89544793814  3.099746E-14
6591.95982896956  2.952541E-14
6592.02421000098  2.854762E-14
6592.08859103241  2.981511E-14
6592.15297206383  3.084957E-14
6592.21735309525  2.917438E-14
6592.28173412667  2.640492E-14
6592.34611515809  2.831389E-14
6592.41049618952  2.916012E-14
6592.47487722094  3.024267E-14
6592.53925825236  2.964725E-14
6592.60363928378  2.925940E-14
6592.6680203152  2.922263E-14
6592.73240134663  3.138057E-14
6592.79678237805  2.802309E-14
6592.86116340947  3.196123E-14
6592.92554444089  3.097601E-14
6592.98992547232  3.040112E-14
6593.05430650374  2.866197E-14
6593.11868753516  2.683658E-14
6593.18306856658  2.829612E-14
6593.247449598  2.826349E-14
6593.31183062943  2.881378E-14
6593.37621166085  2.893384E-14
6593.44059269227  2.814403E-14
6593.50497372369  2.887657E-14
6593.56935475511  2.899823E-14
6593.63373578654  2.714637E-14
6593.69811681796  2.949305E-14
6593.76249784938  3.016902E-14
6593.8268788808  3.025254E-14
6593.89125991222  2.933316E-14
6593.95564094365  2.768736E-14
6594.02002197507  2.923198E-14
6594.08440300649  2.826214E-14
6594.14878403791  2.944230E-14
6594.21316506933  3.145022E-14
6594.27754610076  3.007710E-14
6594.34192713218  2.993922E-14
6594.4063081636  2.813114E-14
6594.47068919502  2.838165E-14
6594.53507022645  2.778953E-14
6594.59945125787  2.862786E-14
6594.66383228929  2.841482E-14
6594.72821332071  2.672482E-14
6594.79259435213  2.768699E-14
6594.85697538355  2.836504E-14
6594.92135641498  2.715579E-14
6594.9857374464  2.598659E-14
6595.05011847782  2.879533E-14
6595.11449950924  2.780729E-14
6595.17888054066  2.994032E-14
6595.24326157209  2.856124E-14
6595.30764260351  2.928773E-14
6595.37202363493  2.877143E-14
6595.43640466635  2.907861E-14
6595.50078569778  2.659126E-14
6595.5651667292  3.113734E-14
6595.62954776062  2.869052E-14
6595.69392879204  2.805704E-14
6595.75830982346  2.869759E-14
6595.82269085489  3.090315E-14
6595.88707188631  3.021836E-14
6595.95145291773  4.868119E-14
6596.01583394915  7.646545E-14
6596.08021498057  3.233508E-14
6596.144596012  3.059475E-14
6596.20897704342  3.009682E-14
6596.27335807484  2.949007E-14
6596.33773910626  2.756963E-14
6596.40212013768  2.762607E-14
6596.4665011691  2.645013E-14
6596.53088220053  2.594873E-14
6596.59526323195  2.707193E-14
6596.65964426337  2.762284E-14
6596.72402529479  2.711888E-14
6596.78840632622  2.930477E-14
6596.85278735764  2.782743E-14
6596.91716838906  2.970811E-14
6596.98154942048  2.975375E-14
6597.0459304519  2.842429E-14
6597.11031148333  2.891473E-14
6597.17469251475  2.781897E-14
6597.23907354617  2.832363E-14
6597.30345457759  2.963850E-14
6597.36783560901  2.792898E-14
6597.43221664044  2.788371E-14
6597.49659767186  2.914369E-14
6597.56097870328  2.888431E-14
6597.6253597347  2.981079E-14
6597.68974076613  2.976620E-14
6597.75412179755  3.039328E-14
6597.81850282897  3.148925E-14
6597.88288386039  3.066929E-14
6597.94726489181  2.905569E-14
6598.01164592323  2.635415E-14
6598.07602695466  2.590555E-14
6598.14040798608  2.839724E-14
6598.2047890175  2.936967E-14
6598.26917004892  2.884288E-14
6598.33355108034  2.884389E-14
6598.39793211177  2.639169E-14
6598.46231314319  2.664833E-14
6598.52669417461  2.638360E-14
6598.59107520603  2.581870E-14
6598.65545623746  2.783850E-14
6598.71983726888  3.000464E-14
6598.7842183003  2.837866E-14
6598.84859933172  2.829245E-14
6598.91298036314  2.903346E-14
6598.97736139457  2.905294E-14
6599.04174242599  3.026665E-14
6599.10612345741  2.876967E-14
6599.17050448883  2.701118E-14
6599.23488552025  2.812453E-14
6599.29926655168  2.783360E-14
6599.3636475831  3.116992E-14
6599.42802861452  2.970882E-14
6599.49240964594  3.005389E-14
6599.55679067736  2.818356E-14
6599.62117170879  2.884475E-14
6599.68555274021  2.929954E-14
6599.74993377163  2.831267E-14
6599.81431480305  2.838196E-14
6599.87869583447  2.656790E-14
6599.9430768659  2.608720E-14
6600.00745789732  2.593081E-14
6600.07183892874  2.956182E-14
6600.13621996016  2.808202E-14
6600.20060099158  2.647315E-14
6600.26498202301  2.734268E-14
6600.32936305443  2.999624E-14
6600.39374408585  2.972850E-14
6600.45812511727  2.908948E-14
6600.52250614869  2.895538E-14
6600.58688718012  2.768410E-14
6600.65126821154  2.697606E-14
6600.71564924296  2.973964E-14
6600.78003027438  2.712240E-14
6600.84441130581  2.504389E-14
6600.90879233723  2.674092E-14
6600.97317336865  2.808144E-14
6601.03755440007  2.778394E-14
6601.10193543149  2.994432E-14
6601.16631646291  2.916853E-14
6601.23069749434  2.723030E-14
6601.29507852576  2.823901E-14
6601.35945955718  3.056413E-14
6601.4238405886  2.825267E-14
6601.48822162003  2.742755E-14
6601.55260265145  2.674385E-14
6601.61698368287  2.785769E-14
6601.68136471429  2.837514E-14
6601.74574574571  2.901857E-14
6601.81012677714  3.033530E-14
6601.87450780856  2.991130E-14
6601.93888883998  2.992416E-14
6602.0032698714  3.044107E-14
6602.06765090282  2.972013E-14
6602.13203193425  2.786465E-14
6602.19641296567  2.870948E-14
6602.26079399709  2.867927E-14
6602.32517502851  2.732622E-14
6602.38955605993  2.521532E-14
6602.45393709136  2.748602E-14
6602.51831812278  2.664725E-14
6602.5826991542  2.743280E-14
6602.64708018562  3.329279E-14
6602.71146121704  3.390270E-14
6602.77584224847  3.103490E-14
6602.84022327989  2.697069E-14
6602.90460431131  9.142591E-14
6602.96898534273  6.091385E-14
6603.03336637415  2.861112E-14
6603.09774740558  3.030224E-14
6603.162128437  3.239620E-14
6603.22650946842  2.878704E-14
6603.29089049984  2.693097E-14
6603.35527153127  2.831021E-14
6603.41965256269  2.708411E-14
6603.48403359411  2.734652E-14
6603.54841462553  2.600536E-14
6603.61279565695  2.865343E-14
6603.67717668837  2.826432E-14
6603.7415577198  2.779003E-14
6603.80593875122  2.860189E-14
6603.87031978264  2.722399E-14
6603.93470081406  2.990157E-14
6603.99908184548  2.764813E-14
6604.06346287691  2.928627E-14
6604.12784390833  2.979791E-14
6604.19222493975  2.862367E-14
6604.25660597117  2.798520E-14
6604.3209870026  2.968799E-14
6604.38536803402  3.037001E-14
6604.44974906544  2.896136E-14
6604.51413009686  3.059829E-14
6604.57851112828  3.325408E-14
6604.64289215971  3.127014E-14
6604.70727319113  3.100677E-14
6604.77165422255  2.638765E-14
6604.83603525397  2.628680E-14
6604.90041628539  2.632743E-14
6604.96479731682  2.806929E-14
6605.02917834824  2.710000E-14
6605.09355937966  2.736935E-14
6605.15794041108  2.886456E-14
6605.2223214425  2.992332E-14
6605.28670247392  3.115426E-14
6605.35108350535  2.854960E-14
6605.41546453677  2.727137E-14
6605.47984556819  2.996902E-14
6605.54422659961  2.839855E-14
6605.60860763104  2.799437E-14
6605.67298866246  2.711078E-14
6605.73736969388  2.988654E-14
6605.8017507253  3.054571E-14
6605.86613175673  3.044646E-14
6605.93051278815  2.887075E-14
6605.99489381957  2.865357E-14
6606.05927485099  3.025017E-14
6606.12365588241  2.864956E-14
6606.18803691383  2.710290E-14
6606.25241794526  2.798477E-14
6606.31679897668  2.939637E-14
6606.3811800081  2.744497E-14
6606.44556103952  2.822426E-14
6606.50994207095  2.767586E-14
6606.57432310237  3.011106E-14
6606.63870413379  3.007251E-14
6606.70308516521  3.096096E-14
6606.76746619663  2.756367E-14
6606.83184722805  3.030601E-14
6606.89622825948  2.930028E-14
6606.9606092909  2.829423E-14
6607.02499032232  2.984394E-14
6607.08937135374  2.957059E-14
6607.15375238516  2.906840E-14
6607.21813341659  2.780812E-14
6607.28251444801  2.563313E-14
6607.34689547943  2.488369E-14
6607.41127651085  2.572071E-14
6607.47565754228  2.785912E-14
6607.5400385737  2.630192E-14
6607.60441960512  2.748026E-14
6607.66880063654  2.739063E-14
6607.73318166796  2.702227E-14
6607.79756269939  2.889733E-14
6607.86194373081  2.946462E-14
6607.92632476223  2.767767E-14
6607.99070579365  3.018280E-14
6608.05508682507  3.033235E-14
6608.1194678565  3.151864E-14
6608.18384888792  2.845321E-14
6608.24822991934  2.780418E-14
6608.31261095076  2.845139E-14
6608.37699198218  2.942351E-14
6608.44137301361  2.894055E-14
6608.50575404503  3.040829E-14
6608.57013507645  2.907867E-14
6608.63451610787  3.031241E-14
6608.69889713929  3.413947E-14
6608.76327817072  3.034210E-14
6608.82765920214  2.988798E-14
6608.89204023356  2.717987E-14
6608.95642126498  2.933668E-14
6609.0208022964  3.079906E-14
6609.08518332783  2.890442E-14
6609.14956435925  2.994259E-14
6609.21394539067  2.990116E-14
6609.27832642209  2.857288E-14
6609.34270745351  2.856983E-14
6609.40708848494  2.963527E-14
6609.47146951636  2.986526E-14
6609.53585054778  3.012167E-14
6609.6002315792  2.961000E-14
6609.66461261063  2.935901E-14
6609.72899364205  3.085618E-14
6609.79337467347  2.887384E-14
6609.85775570489  3.075469E-14
6609.92213673631  3.144684E-14
6609.98651776773  2.955265E-14
6610.05089879916  2.938374E-14
6610.11527983058  3.145628E-14
6610.179660862  3.180557E-14
6610.24404189342  3.252778E-14
6610.30842292485  3.216254E-14
6610.37280395627  2.811326E-14
6610.43718498769  3.086907E-14
6610.50156601911  3.094945E-14
6610.56594705053  3.027953E-14
6610.63032808196  3.342997E-14
6610.69470911338  3.115701E-14
6610.7590901448  2.838605E-14
6610.82347117622  3.084614E-14
6610.88785220765  2.708570E-14
6610.95223323907  2.706331E-14
6611.01661427049  3.000601E-14
6611.08099530191  3.180017E-14
6611.14537633333  3.229612E-14
6611.20975736475  3.040334E-14
6611.27413839618  3.107882E-14
6611.3385194276  2.997903E-14
6611.40290045902  2.558827E-14
6611.46728149044  2.722745E-14
6611.53166252186  2.806736E-14
6611.59604355329  3.280294E-14
6611.66042458471  3.270295E-14
6611.72480561613  3.186872E-14
6611.78918664755  2.834918E-14
6611.85356767898  2.945447E-14
6611.9179487104  3.643939E-14
6611.98232974182  3.088952E-14
6612.04671077324  2.773470E-14
6612.11109180466  2.803622E-14
6612.17547283609  2.761182E-14
6612.23985386751  2.452027E-14
6612.30423489893  2.543671E-14
6612.36861593035  3.100686E-14
6612.43299696177  2.907920E-14
6612.4973779932  2.781083E-14
6612.56175902462  2.835534E-14
6612.62614005604  3.127123E-14
6612.69052108746  2.832367E-14
6612.75490211889  2.815260E-14
6612.8192831503  2.786014E-14
6612.88366418173  2.579176E-14
6612.94804521315  2.716293E-14
6613.01242624457  2.712544E-14
6613.07680727599  2.863817E-14
6613.14118830742  2.881234E-14
6613.20556933884  2.841975E-14
6613.26995037026  2.684972E-14
6613.33433140168  3.151219E-14
6613.3987124331  3.182069E-14
6613.46309346453  3.376451E-14
6613.52747449595  3.548740E-14
6613.59185552737  3.077600E-14
6613.65623655879  3.025039E-14
6613.72061759021  2.927433E-14
6613.78499862164  2.993410E-14
6613.84937965306  2.906091E-14
6613.91376068448  3.072060E-14
6613.9781417159  3.009234E-14
6614.04252274732  3.124539E-14
6614.10690377875  2.815946E-14
6614.17128481017  3.152134E-14
6614.23566584159  2.936952E-14
6614.30004687301  3.214563E-14
6614.36442790444  3.135964E-14
6614.42880893586  3.055194E-14
6614.49318996728  2.998936E-14
6614.5575709987  3.101549E-14
6614.62195203012  3.314104E-14
6614.68633306155  3.558175E-14
6614.75071409297  2.948090E-14
6614.81509512439  3.218970E-14
6614.87947615581  3.059305E-14
6614.94385718723  3.024361E-14
6615.00823821865  3.079188E-14
6615.07261925008  3.334243E-14
6615.1370002815  3.364376E-14
6615.20138131292  3.287924E-14
6615.26576234434  3.243837E-14
6615.33014337577  3.150062E-14
6615.39452440719  3.165162E-14
6615.45890543861  4.120818E-14
6615.52328647003  3.394622E-14
6615.58766750145  2.980738E-14
6615.65204853288  3.200454E-14
6615.7164295643  3.839743E-14
6615.78081059572  3.236071E-14
6615.84519162714  2.599158E-14
6615.90957265856  2.945224E-14
6615.97395368999  3.125625E-14
6616.03833472141  3.171988E-14
6616.10271575283  2.786689E-14
6616.16709678425  3.042215E-14
6616.23147781567  3.146639E-14
6616.2958588471  3.085846E-14
6616.36023987852  2.959452E-14
6616.42462090994  2.636487E-14
6616.48900194136  3.153447E-14
6616.55338297278  3.227081E-14
6616.61776400421  3.454164E-14
6616.68214503563  3.090663E-14
6616.74652606705  2.925958E-14
6616.81090709847  2.728134E-14
6616.87528812989  3.277375E-14
6616.93966916132  3.157545E-14
6617.00405019274  3.628783E-14
6617.06843122416  3.405976E-14
6617.13281225558  3.076125E-14
6617.197193287  3.221140E-14
6617.26157431843  3.000395E-14
6617.32595534985  2.865696E-14
6617.39033638127  3.026211E-14
6617.45471741269  3.203884E-14
6617.51909844412  3.330665E-14
6617.58347947554  3.093538E-14
6617.64786050696  3.719522E-14
6617.71224153838  3.085698E-14
6617.7766225698  2.721462E-14
6617.84100360123  3.458691E-14
6617.90538463265  3.533335E-14
6617.96976566407  3.382213E-14
6618.03414669549  3.220450E-14
6618.09852772691  3.035959E-14
6618.16290875833  2.808613E-14
6618.22728978976  3.410176E-14
6618.29167082118  3.116771E-14
6618.3560518526  3.000265E-14
6618.42043288403  3.173851E-14
6618.48481391545  3.625891E-14
6618.54919494687  3.428001E-14
6618.61357597829  2.925409E-14
6618.67795700971  4.423276E-14
6618.74233804113  4.123661E-14
6618.80671907256  3.239352E-14
6618.87110010398  3.103081E-14
6618.9354811354  3.011147E-14
6618.99986216682  3.008947E-14
6619.06424319824  3.058353E-14
6619.12862422967  2.774131E-14
6619.19300526109  3.117731E-14
6619.25738629251  3.241818E-14
6619.32176732393  2.887078E-14
6619.38614835536  2.888700E-14
6619.45052938678  3.151157E-14
6619.5149104182  3.584022E-14
6619.57929144962  3.121644E-14
6619.64367248104  3.136050E-14
6619.70805351247  3.139757E-14
6619.77243454389  3.798912E-14
6619.83681557531  3.043326E-14
6619.90119660673  3.644956E-14
6619.96557763815  3.247510E-14
6620.02995866957  2.389658E-14
6620.094339701  3.466398E-14
6620.15872073242  3.354055E-14
6620.22310176384  2.962491E-14
6620.28748279526  3.376090E-14
6620.35186382668  2.999132E-14
6620.41624485811  3.487403E-14
6620.48062588953  3.261388E-14
6620.54500692095  2.801460E-14
6620.60938795237  2.612533E-14
6620.6737689838  2.746707E-14
6620.73815001522  2.427176E-14
6620.80253104664  4.885039E-14
6620.86691207806  5.468205E-13
6620.93129310948  8.924053E-15
6620.99567414091  3.218938E-14
6621.06005517233  2.993440E-14
6621.12443620375  3.161332E-14
6621.18881723517  3.324736E-14
6621.25319826659  3.192636E-14
6621.31757929802  2.953323E-14
6621.38196032944  3.133349E-14
6621.44634136086  3.245491E-14
6621.51072239228  3.330361E-14
6621.57510342371  3.104300E-14
6621.63948445513  3.009462E-14
6621.70386548655  2.293168E-14
6621.76824651797  3.098590E-14
6621.83262754939  2.356865E-14
6621.89700858081  2.502861E-14
6621.96138961224  2.790941E-14
6622.02577064366  3.469576E-14
6622.09015167508  3.211695E-14
6622.1545327065  3.629039E-14
6622.21891373792  3.836711E-14
6622.28329476935  3.349031E-14
6622.34767580077  2.671800E-14
6622.41205683219  2.925266E-14
6622.47643786361  2.966674E-14
6622.54081889503  2.805576E-14
6622.60519992646  2.752811E-14
6622.66958095788  2.937389E-14
6622.7339619893  2.953676E-14
6622.79834302072  3.379611E-14
6622.86272405215  3.903533E-14
6622.92710508357  3.116609E-14
6622.99148611499  2.722363E-14
6623.05586714641  3.751689E-14
6623.12024817783  3.133255E-14
6623.18462920926  3.552097E-14
6623.24901024068  2.982511E-14
6623.3133912721  3.345668E-14
6623.37777230352  3.221325E-14
6623.44215333494  3.033308E-14
6623.50653436637  3.064744E-14
6623.57091539779  3.276423E-14
6623.63529642921  2.310097E-14
6623.69967746063  2.692305E-14
6623.76405849205  3.051133E-14
6623.82843952347  3.083057E-14
6623.8928205549  2.670021E-14
6623.95720158632  2.514445E-14
6624.02158261774  3.095072E-14
6624.08596364916  2.706817E-14
6624.15034468059  3.369968E-14
6624.21472571201  3.971260E-14
6624.27910674343  3.052154E-14
6624.34348777485  2.629886E-14
6624.40786880627  2.904488E-14
6624.4722498377  2.638007E-14
6624.53663086912  3.146326E-14
6624.60101190054  4.233357E-14
6624.66539293196  3.304698E-14
6624.72977396338  3.094697E-14
6624.79415499481  2.994245E-14
6624.85853602623  3.307870E-14
6624.92291705765  3.247436E-14
6624.98729808907  3.525255E-14
6625.05167912049  3.772460E-14
6625.11606015192  3.200389E-14
6625.18044118334  3.096701E-14
6625.24482221476  3.332846E-14
6625.30920324618  3.187232E-14
6625.3735842776  3.308737E-14
6625.43796530903  2.753602E-14
6625.50234634045  3.405087E-14
6625.56672737187  2.941434E-14
6625.63110840329  3.365126E-14
6625.69548943471  3.645173E-14
6625.75987046614  3.255457E-14
6625.82425149756  3.000494E-14
6625.88863252898  3.116453E-14
6625.9530135604  2.950671E-14
6626.01739459183  3.151080E-14
6626.08177562325  3.588584E-14
6626.14615665467  3.838523E-14
6626.21053768609  3.272499E-14
6626.27491871751  2.825565E-14
6626.33929974894  3.022666E-14
6626.40368078036  3.204418E-14
6626.46806181178  3.308388E-14
6626.5324428432  3.024757E-14
6626.59682387463  2.225380E-14
6626.66120490605  9.226041E-14
6626.72558593747  4.757831E-14
