   6500.08984       2.99999995E-14
   6500.18018       2.99999995E-14
   6500.27002       2.99999995E-14
   6500.35986       2.99999995E-14
   6500.45020       2.99999995E-14
   6500.54004       2.99999995E-14
   6500.62988       2.99999995E-14
   6500.72021       2.99999995E-14
   6500.81006       2.99999995E-14
   6500.89990       2.99999995E-14
   6500.99023       2.99999995E-14
   6501.08008       2.99999995E-14
   6501.16992       2.99999995E-14
   6501.25977       2.99999995E-14
   6501.35010       2.99999995E-14
   6501.43994       2.99999995E-14
   6501.52979       2.99999995E-14
   6501.62012       2.99999995E-14
   6501.70996       2.99999995E-14
   6501.79980       2.99999995E-14
   6501.89014       2.99999995E-14
   6501.97998       2.99999995E-14
   6502.06982       2.99999995E-14
   6502.16016       2.99999995E-14
   6502.25000       2.99999995E-14
   6502.33984       2.99999995E-14
   6502.43018       2.99999995E-14
   6502.52002       2.99999995E-14
   6502.60986       2.99999995E-14
   6502.70020       2.99999995E-14
   6502.79004       2.99999995E-14
   6502.87988       2.99999995E-14
   6502.97021       2.99999995E-14
   6503.06006       2.99999995E-14
   6503.14990       2.99999995E-14
   6503.24023       2.99999995E-14
   6503.33008       2.99999995E-14
   6503.41992       2.99999995E-14
   6503.50977       2.99999995E-14
   6503.60010       2.99999995E-14
   6503.68994       2.99999995E-14
   6503.77979       2.99999995E-14
   6503.87012       2.99999995E-14
   6503.95996       2.99999995E-14
   6504.04980       2.99999995E-14
   6504.14014       2.99999995E-14
   6504.22998       2.99999995E-14
   6504.31982       2.99999995E-14
   6504.41016       2.99999995E-14
   6504.50000       2.99999995E-14
   6504.58984       2.99999995E-14
   6504.68018       2.99999995E-14
   6504.77002       2.99999995E-14
   6504.85986       2.99999995E-14
   6504.95020       2.99999995E-14
   6505.04004       2.99999995E-14
   6505.12988       2.99999995E-14
   6505.22021       2.99999995E-14
   6505.31006       2.99999995E-14
   6505.39990       2.99999995E-14
   6505.49023       2.99999995E-14
   6505.58008       2.99999995E-14
   6505.66992       2.99999995E-14
   6505.75977       2.99999995E-14
   6505.85010       2.99999995E-14
   6505.93994       2.99999995E-14
   6506.02979       2.99999995E-14
   6506.12012       2.99999995E-14
   6506.20996       2.99999995E-14
   6506.29980       2.99999995E-14
   6506.39014       2.99999995E-14
   6506.47998       2.99999995E-14
   6506.56982       2.99999995E-14
   6506.66016       2.99999995E-14
   6506.75000       2.99999995E-14
   6506.83984       2.99999995E-14
   6506.93018       2.99999995E-14
   6507.02002       2.99999995E-14
   6507.10986       2.99999995E-14
   6507.20020       2.99999995E-14
   6507.29004       2.99999995E-14
   6507.37988       2.99999995E-14
   6507.47021       2.99999995E-14
   6507.56006       2.99999995E-14
   6507.64990       2.99999995E-14
   6507.74023       2.99999995E-14
   6507.83008       2.99999995E-14
   6507.91992       2.99999995E-14
   6508.00977       2.99999995E-14
   6508.10010       2.99999995E-14
   6508.18994       2.99999995E-14
   6508.27979       2.99999995E-14
   6508.37012       2.99999995E-14
   6508.45996       2.99999995E-14
   6508.54980       2.99999995E-14
   6508.64014       2.99999995E-14
   6508.72998       2.99999995E-14
   6508.81982       2.99999995E-14
   6508.91016       2.99999995E-14
   6509.00000       2.99999995E-14
   6509.08984       2.99999995E-14
   6509.18018       2.99999995E-14
   6509.27002       2.99999995E-14
   6509.35986       2.99999995E-14
   6509.45020       2.99999995E-14
   6509.54004       2.99999995E-14
   6509.62988       2.99999995E-14
   6509.72021       2.99999995E-14
   6509.81006       2.99999995E-14
   6509.89990       2.99999995E-14
   6509.99023       2.99999995E-14
   6510.08008       2.99999995E-14
   6510.16992       2.99999995E-14
   6510.25977       2.99999995E-14
   6510.35010       2.99999995E-14
   6510.43994       2.99999995E-14
   6510.52979       2.99999995E-14
   6510.62012       2.99999995E-14
   6510.70996       2.99999995E-14
   6510.79980       2.99999995E-14
   6510.89014       2.99999995E-14
   6510.97998       2.99999995E-14
   6511.06982       2.99999995E-14
   6511.16016       2.99999995E-14
   6511.25000       2.99999995E-14
   6511.33984       2.99999995E-14
   6511.43018       2.99999995E-14
   6511.52002       2.99999995E-14
   6511.60986       2.99999995E-14
   6511.70020       2.99999995E-14
   6511.79004       2.99999995E-14
   6511.87988       2.99999995E-14
   6511.97021       2.99999995E-14
   6512.06006       2.99999995E-14
   6512.14990       2.99999995E-14
   6512.24023       2.99999995E-14
   6512.33008       2.99999995E-14
   6512.41992       2.99999995E-14
   6512.50977       2.99999995E-14
   6512.60010       2.99999995E-14
   6512.68994       2.99999995E-14
   6512.77979       2.99999995E-14
   6512.87012       2.99999995E-14
   6512.95996       2.99999995E-14
   6513.04980       2.99999995E-14
   6513.14014       2.99999995E-14
   6513.22998       2.99999995E-14
   6513.31982       2.99999995E-14
   6513.41016       2.99999995E-14
   6513.50000       2.99999995E-14
   6513.58984       2.99999995E-14
   6513.68018       2.99999995E-14
   6513.77002       2.99999995E-14
   6513.85986       2.99999995E-14
   6513.95020       2.99999995E-14
   6514.04004       2.99999995E-14
   6514.12988       2.99999995E-14
   6514.22021       2.99999995E-14
   6514.31006       2.99999995E-14
   6514.39990       2.99999995E-14
   6514.49023       2.99999995E-14
   6514.58008       2.99999995E-14
   6514.66992       2.99999995E-14
   6514.75977       2.99999995E-14
   6514.85010       2.99999995E-14
   6514.93994       2.99999995E-14
   6515.02979       2.99999995E-14
   6515.12012       2.99999995E-14
   6515.20996       2.99999995E-14
   6515.29980       2.99999995E-14
   6515.39014       2.99999995E-14
   6515.47998       2.99999995E-14
   6515.56982       2.99999995E-14
   6515.66016       2.99999995E-14
   6515.75000       2.99999995E-14
   6515.83984       2.99999995E-14
   6515.93018       2.99999995E-14
   6516.02002       2.99999995E-14
   6516.10986       2.99999995E-14
   6516.20020       2.99999995E-14
   6516.29004       2.99999995E-14
   6516.37988       2.99999995E-14
   6516.47021       2.99999995E-14
   6516.56006       2.99999995E-14
   6516.64990       2.99999995E-14
   6516.74023       2.99999995E-14
   6516.83008       2.99999995E-14
   6516.91992       2.99999995E-14
   6517.00977       2.99999995E-14
   6517.10010       2.99999995E-14
   6517.18994       2.99999995E-14
   6517.27979       2.99999995E-14
   6517.37012       2.99999995E-14
   6517.45996       2.99999995E-14
   6517.54980       2.99999995E-14
   6517.64014       2.99999995E-14
   6517.72998       2.99999995E-14
   6517.81982       2.99999995E-14
   6517.91016       2.99999995E-14
   6518.00000       2.99999995E-14
   6518.08984       2.99999995E-14
   6518.18018       2.99999995E-14
   6518.27002       2.99999995E-14
   6518.35986       2.99999995E-14
   6518.45020       2.99999995E-14
   6518.54004       2.99999995E-14
   6518.62988       2.99999995E-14
   6518.72021       2.99999995E-14
   6518.81006       2.99999995E-14
   6518.89990       2.99999995E-14
   6518.99023       2.99999995E-14
   6519.08008       2.99999995E-14
   6519.16992       2.99999995E-14
   6519.25977       2.99999995E-14
   6519.35010       2.99999995E-14
   6519.43994       2.99999995E-14
   6519.52979       2.99999995E-14
   6519.62012       2.99999995E-14
   6519.70996       2.99999995E-14
   6519.79980       2.99999995E-14
   6519.89014       2.99999995E-14
   6519.97998       2.99999995E-14
   6520.06982       2.99999995E-14
   6520.16016       2.99999995E-14
   6520.25000       2.99999995E-14
   6520.33984       2.99999995E-14
   6520.43018       2.99999995E-14
   6520.52002       2.99999995E-14
   6520.60986       2.99999995E-14
   6520.70020       2.99999995E-14
   6520.79004       2.99999995E-14
   6520.87988       2.99999995E-14
   6520.97021       2.99999995E-14
   6521.06006       2.99999995E-14
   6521.14990       2.99999995E-14
   6521.24023       2.99999995E-14
   6521.33008       2.99999995E-14
   6521.41992       2.99999995E-14
   6521.50977       2.99999995E-14
   6521.60010       2.99999995E-14
   6521.68994       2.99999995E-14
   6521.77979       2.99999995E-14
   6521.87012       2.99999995E-14
   6521.95996       2.99999995E-14
   6522.04980       2.99999995E-14
   6522.14014       2.99999995E-14
   6522.22998       2.99999995E-14
   6522.31982       2.99999995E-14
   6522.41016       2.99999995E-14
   6522.50000       2.99999995E-14
   6522.58984       2.99999995E-14
   6522.68018       2.99999995E-14
   6522.77002       2.99999995E-14
   6522.85986       2.99999995E-14
   6522.95020       2.99999995E-14
   6523.04004       2.99999995E-14
   6523.12988       2.99999995E-14
   6523.22021       2.99999995E-14
   6523.31006       2.99999995E-14
   6523.39990       2.99999995E-14
   6523.49023       2.99999995E-14
   6523.58008       2.99999995E-14
   6523.66992       2.99999995E-14
   6523.75977       2.99999995E-14
   6523.85010       2.99999995E-14
   6523.93994       2.99999995E-14
   6524.02979       2.99999995E-14
   6524.12012       2.99999995E-14
   6524.20996       2.99999995E-14
   6524.29980       2.99999995E-14
   6524.39014       2.99999995E-14
   6524.47998       2.99999995E-14
   6524.56982       2.99999995E-14
   6524.66016       2.99999995E-14
   6524.75000       2.99999995E-14
   6524.83984       2.99999995E-14
   6524.93018       2.99999995E-14
   6525.02002       2.99999995E-14
   6525.10986       3.00000029E-14
   6525.20020       3.00000096E-14
   6525.29004       3.00000334E-14
   6525.37988       3.00001113E-14
   6525.47021       3.00003451E-14
   6525.56006       3.00009990E-14
   6525.64990       3.00027269E-14
   6525.74023       3.00069994E-14
   6525.83008       3.00167639E-14
   6525.91992       3.00376281E-14
   6526.00977       3.00791835E-14
   6526.10010       3.01567649E-14
   6526.18994       3.02898237E-14
   6526.27979       3.05023070E-14
   6526.37012       3.08181452E-14
   6526.45996       3.12457342E-14
   6526.54980       3.17781791E-14
   6526.64014       3.23828285E-14
   6526.72998       3.29881420E-14
   6526.81982       3.35128958E-14
   6526.91016       3.38729119E-14
   6527.00000       3.40000008E-14
   6527.08984       3.38729119E-14
   6527.18018       3.35128958E-14
   6527.27002       3.29881420E-14
   6527.35986       3.23828285E-14
   6527.45020       3.17781791E-14
   6527.54004       3.12457342E-14
   6527.62988       3.08181452E-14
   6527.72021       3.05023070E-14
   6527.81006       3.02898237E-14
   6527.89990       3.01567649E-14
   6527.99023       3.00791835E-14
   6528.08008       3.00376281E-14
   6528.16992       3.00167639E-14
   6528.25977       3.00069994E-14
   6528.35010       3.00027269E-14
   6528.43994       3.00009990E-14
   6528.52979       3.00003451E-14
   6528.62012       3.00001113E-14
   6528.70996       3.00000334E-14
   6528.79980       3.00000096E-14
   6528.89014       3.00000029E-14
   6528.97998       2.99999995E-14
   6529.06982       2.99999995E-14
   6529.16016       2.99999995E-14
   6529.25000       2.99999995E-14
   6529.33984       2.99999995E-14
   6529.43018       2.99999995E-14
   6529.52002       2.99999995E-14
   6529.60986       2.99999995E-14
   6529.70020       2.99999995E-14
   6529.79004       2.99999995E-14
   6529.87988       2.99999995E-14
   6529.97021       2.99999995E-14
   6530.06006       2.99999995E-14
   6530.14990       2.99999995E-14
   6530.24023       2.99999995E-14
   6530.33008       2.99999995E-14
   6530.41992       2.99999995E-14
   6530.50977       2.99999995E-14
   6530.60010       2.99999995E-14
   6530.68994       2.99999995E-14
   6530.77979       2.99999995E-14
   6530.87012       2.99999995E-14
   6530.95996       2.99999995E-14
   6531.04980       2.99999995E-14
   6531.14014       2.99999995E-14
   6531.22998       2.99999995E-14
   6531.31982       2.99999995E-14
   6531.41016       2.99999995E-14
   6531.50000       2.99999995E-14
   6531.58984       2.99999995E-14
   6531.68018       2.99999995E-14
   6531.77002       2.99999995E-14
   6531.85986       2.99999995E-14
   6531.95020       2.99999995E-14
   6532.04004       2.99999995E-14
   6532.12988       2.99999995E-14
   6532.22021       2.99999995E-14
   6532.31006       2.99999995E-14
   6532.39990       2.99999995E-14
   6532.49023       2.99999995E-14
   6532.58008       2.99999995E-14
   6532.66992       2.99999995E-14
   6532.75977       2.99999995E-14
   6532.85010       2.99999995E-14
   6532.93994       2.99999995E-14
   6533.02979       2.99999995E-14
   6533.12012       2.99999995E-14
   6533.20996       2.99999995E-14
   6533.29980       2.99999995E-14
   6533.39014       2.99999995E-14
   6533.47998       2.99999995E-14
   6533.56982       2.99999995E-14
   6533.66016       2.99999995E-14
   6533.75000       2.99999995E-14
   6533.83984       2.99999995E-14
   6533.93018       2.99999995E-14
   6534.02002       2.99999995E-14
   6534.10986       2.99999995E-14
   6534.20020       2.99999995E-14
   6534.29004       2.99999995E-14
   6534.37988       2.99999995E-14
   6534.47021       2.99999995E-14
   6534.56006       2.99999995E-14
   6534.64990       2.99999995E-14
   6534.74023       2.99999995E-14
   6534.83008       2.99999995E-14
   6534.91992       2.99999995E-14
   6535.00977       2.99999995E-14
   6535.10010       2.99999995E-14
   6535.18994       2.99999995E-14
   6535.27979       2.99999995E-14
   6535.37012       3.00000029E-14
   6535.45996       3.00000029E-14
   6535.54980       3.00000029E-14
   6535.64014       3.00000029E-14
   6535.72998       3.00000029E-14
   6535.81982       3.00000062E-14
   6535.91016       3.00000062E-14
   6536.00000       3.00000096E-14
   6536.08984       3.00000096E-14
   6536.18018       3.00000130E-14
   6536.27002       3.00000164E-14
   6536.35986       3.00000198E-14
   6536.45020       3.00000232E-14
   6536.54004       3.00000300E-14
   6536.62988       3.00000367E-14
   6536.72021       3.00000435E-14
   6536.81006       3.00000537E-14
   6536.89990       3.00000672E-14
   6536.99023       3.00000808E-14
   6537.08008       3.00000977E-14
   6537.16992       3.00001214E-14
   6537.25977       3.00001452E-14
   6537.35010       3.00001757E-14
   6537.43994       3.00002129E-14
   6537.52979       3.00002570E-14
   6537.62012       3.00003078E-14
   6537.70996       3.00003688E-14
   6537.79980       3.00004433E-14
   6537.89014       3.00005280E-14
   6537.97998       3.00006331E-14
   6538.06982       3.00007550E-14
   6538.16016       3.00008973E-14
   6538.25000       3.00010667E-14
   6538.33984       3.00012666E-14
   6538.43018       3.00015038E-14
   6538.52002       3.00017782E-14
   6538.60986       3.00021001E-14
   6538.70020       3.00024796E-14
   6538.79004       3.00029167E-14
   6538.87988       3.00034317E-14
   6538.97021       3.00040280E-14
   6539.06006       3.00047191E-14
   6539.14990       3.00055221E-14
   6539.24023       3.00064539E-14
   6539.33008       3.00075245E-14
   6539.41992       3.00087612E-14
   6539.50977       3.00101842E-14
   6539.60010       3.00118308E-14
   6539.68994       3.00137079E-14
   6539.77979       3.00158559E-14
   6539.87012       3.00183293E-14
   6539.95996       3.00211346E-14
   6540.04980       3.00243364E-14
   6540.14014       3.00279956E-14
   6540.22998       3.00321291E-14
   6540.31982       3.00368183E-14
   6540.41016       3.00421546E-14
   6540.50000       3.00481482E-14
   6540.58984       3.00549109E-14
   6540.68018       3.00625681E-14
   6540.77002       3.00711299E-14
   6540.85986       3.00807353E-14
   6540.95020       3.00915536E-14
   6541.04004       3.01035882E-14
   6541.12988       3.01170154E-14
   6541.22021       3.01320621E-14
   6541.31006       3.01487114E-14
   6541.39990       3.01671902E-14
   6541.49023       3.01877901E-14
   6541.58008       3.02104567E-14
   6541.66992       3.02354882E-14
   6541.75977       3.02630811E-14
   6541.85010       3.02936150E-14
   6541.93994       3.03269745E-14
   6542.02979       3.03635528E-14
   6542.12012       3.04038072E-14
   6542.20996       3.04475547E-14
   6542.29980       3.04952562E-14
   6542.39014       3.05474674E-14
   6542.47998       3.06038967E-14
   6542.56982       3.06650897E-14
   6542.66016       3.07316970E-14
   6542.75000       3.08032849E-14
   6542.83984       3.08804801E-14
   6542.93018       3.09640314E-14
   6543.02002       3.10533256E-14
   6543.10986       3.11490640E-14
   6543.20020       3.12521005E-14
   6543.29004       3.13615778E-14
   6543.37988       3.14782854E-14
   6543.47021       3.16031482E-14
   6543.56006       3.17350448E-14
   6543.64990       3.18748154E-14
   6543.74023       3.20234697E-14
   6543.83008       3.21795474E-14
   6543.91992       3.23439463E-14
   6544.00977       3.25167580E-14
   6544.10010       3.26990429E-14
   6544.18994       3.28888460E-14
   6544.27979       3.30871025E-14
   6544.37012       3.32948933E-14
   6544.45996       3.35098533E-14
   6544.54980       3.37329245E-14
   6544.64014       3.39651640E-14
   6544.72998       3.42038003E-14
   6544.81982       3.44497481E-14
   6544.91016       3.47040274E-14
   6545.00000       3.49634567E-14
   6545.08984       3.52289067E-14
   6545.18018       3.55013260E-14
   6545.27002       3.57771741E-14
   6545.35986       3.60572541E-14
   6545.45020       3.63424162E-14
   6545.54004       3.66288217E-14
   6545.62988       3.69172059E-14
   6545.72021       3.72082939E-14
   6545.81006       3.74980740E-14
   6545.89990       3.77872612E-14
   6545.99023       3.80767534E-14
   6546.08008       3.83635892E-14
   6546.16992       3.86524851E-14
   6546.25977       3.89563022E-14
   6546.35010       3.93194863E-14
   6546.43994       3.98629155E-14
   6546.52979       4.09239090E-14
   6546.62012       4.33567976E-14
   6546.70996       4.90652305E-14
   6546.79980       6.21256044E-14
   6546.89014       9.06430557E-14
   6546.97998       1.48344593E-13
   6547.06982       2.57698783E-13
   6547.16016       4.51931298E-13
   6547.25000       7.68618567E-13
   6547.33984       1.24869798E-12
   6547.43018       1.92436366E-12
   6547.52002       2.78733395E-12
   6547.60986       3.79535639E-12
   6547.70020       4.85813039E-12
   6547.79004       5.82649207E-12
   6547.87988       6.55505511E-12
   6547.97021       6.91757372E-12
   6548.06006       6.84317490E-12
   6548.14990       6.34885764E-12
   6548.24023       5.51957742E-12
   6548.33008       4.50442331E-12
   6548.41992       3.45001913E-12
   6548.50977       2.48192027E-12
   6548.60010       1.67564996E-12
   6548.68994       1.06931141E-12
   6548.77979       6.47425256E-13
   6548.87012       3.75087765E-13
   6548.95996       2.13986611E-13
   6549.04980       1.24826202E-13
   6549.14014       7.86925999E-14
   6549.22998       5.66472426E-14
   6549.31982       4.66739718E-14
   6549.41016       4.23623403E-14
   6549.50000       4.05460747E-14
   6549.58984       3.97224300E-14
   6549.68018       3.92668923E-14
   6549.77002       3.89400900E-14
   6549.85986       3.86514144E-14
   6549.95020       3.83705247E-14
   6550.04004       3.80921220E-14
   6550.12988       3.78129941E-14
   6550.22021       3.75318978E-14
   6550.31006       3.72526784E-14
   6550.39990       3.69747263E-14
   6550.49023       3.66974619E-14
   6550.58008       3.64247681E-14
   6550.66992       3.61559673E-14
   6550.75977       3.58918488E-14
   6550.85010       3.56317623E-14
   6550.93994       3.53792143E-14
   6551.02979       3.51334155E-14
   6551.12012       3.48936713E-14
   6551.20996       3.46631124E-14
   6551.29980       3.44408950E-14
   6551.39014       3.42263076E-14
   6551.47998       3.40220439E-14
   6551.56982       3.38272433E-14
   6551.66016       3.36411976E-14
   6551.75000       3.34661498E-14
   6551.83984       3.33012426E-14
   6551.93018       3.31458053E-14
   6552.02002       3.30016234E-14
   6552.10986       3.28678836E-14
   6552.20020       3.27439763E-14
   6552.29004       3.26312396E-14
   6552.37988       3.25289417E-14
   6552.47021       3.24365575E-14
   6552.56006       3.23550052E-14
   6552.64990       3.22836613E-14
   6552.74023       3.22221023E-14
   6552.83008       3.21708704E-14
   6552.91992       3.21294606E-14
   6553.00977       3.20977308E-14
   6553.10010       3.20754301E-14
   6553.18994       3.20626433E-14
   6553.27979       3.20590586E-14
   6553.37012       3.20645779E-14
   6553.45996       3.20789741E-14
   6553.54980       3.21021082E-14
   6553.64014       3.21340177E-14
   6553.72998       3.21742145E-14
   6553.81982       3.22227088E-14
   6553.91016       3.22797006E-14
   6554.00000       3.23444545E-14
   6554.08984       3.24171367E-14
   6554.18018       3.24980995E-14
   6554.27002       3.25863773E-14
   6554.35986       3.26822919E-14
   6554.45020       3.27863550E-14
   6554.54004       3.28973638E-14
   6554.62988       3.30158061E-14
   6554.72021       3.31423291E-14
   6554.81006       3.32755132E-14
   6554.89990       3.34159953E-14
   6554.99023       3.35645547E-14
   6555.08008       3.37195617E-14
   6555.16992       3.38817787E-14
   6555.25977       3.40511819E-14
   6555.35010       3.42287403E-14
   6555.43994       3.44125194E-14
   6555.52979       3.46034440E-14
   6555.62012       3.48026051E-14
   6555.70996       3.50078378E-14
   6555.79980       3.52201788E-14
   6555.89014       3.54408343E-14
   6555.97998       3.56673953E-14
   6556.06982       3.59010137E-14
   6556.16016       3.61429941E-14
   6556.25000       3.63906835E-14
   6556.33984       3.66453355E-14
   6556.43018       3.69083460E-14
   6556.52002       3.71768182E-14
   6556.60986       3.74520903E-14
   6556.70020       3.77356431E-14
   6556.79004       3.80243356E-14
   6556.87988       3.83195876E-14
   6556.97021       3.86229507E-14
   6557.06006       3.89310369E-14
   6557.14990       3.92453404E-14
   6557.24023       3.95674839E-14
   6557.33008       3.98938288E-14
   6557.41992       4.02259403E-14
   6557.50977       4.05636421E-14
   6557.60010       4.09086149E-14
   6557.68994       4.12569352E-14
   6557.77979       4.16102293E-14
   6557.87012       4.19702183E-14
   6557.95996       4.23327687E-14
   6558.04980       4.26995543E-14
   6558.14014       4.30723165E-14
   6558.22998       4.34467458E-14
   6558.31982       4.38245326E-14
   6558.41016       4.42074457E-14
   6558.50000       4.45910127E-14
   6558.58984       4.49769481E-14
   6558.68018       4.53670101E-14
   6558.77002       4.57566182E-14
   6558.85986       4.61474866E-14
   6558.95020       4.65413603E-14
   6559.04004       4.69335738E-14
   6559.12988       4.73258450E-14
   6559.22021       4.77199186E-14
   6559.31006       4.81121897E-14
   6559.39990       4.85229736E-14
   6559.49023       4.91626528E-14
   6559.58008       5.14686221E-14
   6559.66992       6.14731112E-14
   6559.75977       9.25679889E-14
   6559.85010       1.53055682E-13
   6559.93994       2.15271106E-13
   6560.02979       2.27212400E-13
   6560.12012       1.77019329E-13
   6560.20996       1.11675439E-13
   6560.29980       7.12631316E-14
   6560.39014       5.65889769E-14
   6560.47998       5.34890803E-14
   6560.56982       5.33067073E-14
   6560.66016       5.35822200E-14
   6560.75000       5.38970148E-14
   6560.83984       5.42145606E-14
   6560.93018       5.45555151E-14
   6561.02002       5.49888097E-14
   6561.10986       5.57392809E-14
   6561.20020       5.74561151E-14
   6561.29004       6.18085092E-14
   6561.37988       7.29112137E-14
   6561.47021       1.00244154E-13
   6561.56006       1.62849863E-13
   6561.64990       2.97468078E-13
   6561.74023       5.69535846E-13
   6561.83008       1.07572404E-12
   6561.91992       1.95458450E-12
   6562.00977       3.37024939E-12
   6562.10010       5.49368537E-12
   6562.18994       8.39624811E-12
   6562.27979       1.20485288E-11
   6562.37012       1.62454963E-11
   6562.45996       2.05079686E-11
   6562.54980       2.42771792E-11
   6562.64014       2.69579185E-11
   6562.72998       2.80461852E-11
   6562.81982       2.73574288E-11
   6562.91016       2.50039295E-11
   6563.00000       2.14344896E-11
   6563.08984       1.72302797E-11
   6563.18018       1.29680581E-11
   6563.27002       9.16919839E-12
   6563.35986       6.08601407E-12
   6563.45020       3.78633626E-12
   6563.54004       2.22490906E-12
   6563.62988       1.23849921E-12
   6563.72021       6.58393479E-13
   6563.81006       3.44993158E-13
   6563.89990       1.86267600E-13
   6563.99023       1.11050966E-13
   6564.08008       7.81344932E-14
   6564.16992       6.45120757E-14
   6564.25977       5.91636386E-14
   6564.35010       5.71007678E-14
   6564.43994       5.62623746E-14
   6564.52979       5.58333355E-14
   6564.62012       5.55269128E-14
   6564.70996       5.52517186E-14
   6564.79980       5.49771749E-14
   6564.89014       5.46937543E-14
   6564.97998       5.44027002E-14
   6565.06982       5.41023660E-14
   6565.16016       5.37913559E-14
   6565.25000       5.34734542E-14
   6565.33984       5.31474414E-14
   6565.43018       5.28119452E-14
   6565.52002       5.24710585E-14
   6565.60986       5.21234531E-14
   6565.70020       5.17676688E-14
   6565.79004       5.14080220E-14
   6565.87988       5.10430829E-14
   6565.97021       5.06713100E-14
   6566.06006       5.02971959E-14
   6566.14990       4.99192159E-14
   6566.24023       4.95357675E-14
   6566.33008       4.91514652E-14
   6566.41992       4.87647032E-14
   6566.50977       4.83759422E-14
   6566.60010       4.79835084E-14
   6566.68994       4.75920911E-14
   6566.77979       4.72000165E-14
   6566.87012       4.68055702E-14
   6566.95996       4.64134482E-14
   6567.04980       4.60219191E-14
   6567.14014       4.56292685E-14
   6567.22998       4.52401246E-14
   6567.31982       4.48527459E-14
   6567.41016       4.44654011E-14
   6567.50000       4.40826337E-14
   6567.58984       4.37026785E-14
   6567.68018       4.33238210E-14
   6567.77002       4.29504726E-14
   6567.85986       4.25808680E-14
   6567.95020       4.22133133E-14
   6568.04004       4.18520572E-14
   6568.12988       4.14953479E-14
   6568.22021       4.11415287E-14
   6568.31006       4.07946450E-14
   6568.39990       4.04529824E-14
   6568.49023       4.01149213E-14
   6568.58008       3.97842939E-14
   6568.66992       3.94594263E-14
   6568.75977       3.91404641E-14
   6568.85010       3.88258626E-14
   6568.93994       3.85191418E-14
   6569.02979       3.82186924E-14
   6569.12012       3.79230271E-14
   6569.20996       3.76354255E-14
   6569.29980       3.73543393E-14
   6569.39014       3.70783455E-14
   6569.47998       3.68104730E-14
   6569.56982       3.65492413E-14
   6569.66016       3.62933052E-14
   6569.75000       3.60454362E-14
   6569.83984       3.58042318E-14
   6569.93018       3.55684212E-14
   6570.02002       3.53405320E-14
   6570.10986       3.51192362E-14
   6570.20020       3.49033411E-14
   6570.29004       3.46951336E-14
   6570.37988       3.44933670E-14
   6570.47021       3.42969332E-14
   6570.56006       3.41078789E-14
   6570.64990       3.39250485E-14
   6570.74023       3.37474121E-14
   6570.83008       3.35767960E-14
   6570.91992       3.34121260E-14
   6571.00977       3.32532972E-14
   6571.10010       3.30993947E-14
   6571.18994       3.29519635E-14
   6571.27979       3.28100448E-14
   6571.37012       3.26727984E-14
   6571.45996       3.25415794E-14
   6571.54980       3.24155138E-14
   6571.64014       3.22938325E-14
   6571.72998       3.21777246E-14
   6571.81982       3.20663906E-14
   6571.91016       3.19591325E-14
   6572.00000       3.18569837E-14
   6572.08984       3.17592225E-14
   6572.18018       3.16652222E-14
   6572.27002       3.15758704E-14
   6572.35986       3.14905166E-14
   6572.45020       3.14085983E-14
   6572.54004       3.13308814E-14
   6572.62988       3.12567795E-14
   6572.72021       3.11857948E-14
   6572.81006       3.11185709E-14
   6572.89990       3.10545995E-14
   6572.99023       3.09934302E-14
   6573.08008       3.09356117E-14
   6573.16992       3.08806867E-14
   6573.25977       3.08285468E-14
   6573.35010       3.07788124E-14
   6573.43994       3.07319206E-14
   6573.52979       3.06874819E-14
   6573.62012       3.06451743E-14
   6573.70996       3.06053570E-14
   6573.79980       3.05676911E-14
   6573.89014       3.05318989E-14
   6573.97998       3.04982717E-14
   6574.06982       3.04665181E-14
   6574.16016       3.04364010E-14
   6574.25000       3.04081542E-14
   6574.33984       3.03815336E-14
   6574.43018       3.03563259E-14
   6574.52002       3.03327310E-14
   6574.60986       3.03105319E-14
   6574.70020       3.02895458E-14
   6574.79004       3.02699387E-14
   6574.87988       3.02515242E-14
   6574.97021       3.02341499E-14
   6575.06006       3.02179444E-14
   6575.14990       3.02027521E-14
   6575.24023       3.01884440E-14
   6575.33008       3.01751185E-14
   6575.41992       3.01626501E-14
   6575.50977       3.01509882E-14
   6575.60010       3.01400310E-14
   6575.68994       3.01298530E-14
   6575.77979       3.01203493E-14
   6575.87012       3.01114385E-14
   6575.95996       3.01031816E-14
   6576.04980       3.00955143E-14
   6576.14014       3.00884500E-14
   6576.22998       3.00822972E-14
   6576.31982       3.00778587E-14
   6576.41016       3.00776893E-14
   6576.50000       3.00888736E-14
   6576.58984       3.01294464E-14
   6576.68018       3.02429116E-14
   6576.77002       3.05211788E-14
   6576.85986       3.11499958E-14
   6576.95020       3.24776149E-14
   6577.04004       3.50530931E-14
   6577.12988       3.97144679E-14
   6577.22021       4.76007105E-14
   6577.31006       5.98224134E-14
   6577.39990       7.73912320E-14
   6577.49023       1.00755829E-13
   6577.58008       1.28811810E-13
   6577.66992       1.59370089E-13
   6577.75977       1.88791365E-13
   6577.85010       2.12825661E-13
   6577.93994       2.27151577E-13
   6578.02979       2.29306591E-13
   6578.12012       2.18798002E-13
   6578.20996       1.97680088E-13
   6578.29980       1.69612154E-13
   6578.39014       1.38808236E-13
   6578.47998       1.09591901E-13
   6578.56982       8.45805901E-14
   6578.66016       6.49989773E-14
   6578.75000       5.10870677E-14
   6578.83984       4.19116781E-14
   6578.93018       3.62862240E-14
   6579.02002       3.31214582E-14
   6579.10986       3.14543110E-14
   6579.20020       3.06335225E-14
   6579.29004       3.02611160E-14
   6579.37988       3.01021618E-14
   6579.47021       3.00385056E-14
   6579.56006       3.00148632E-14
   6579.64990       3.00064776E-14
   6579.74023       3.00035807E-14
   6579.83008       3.00025507E-14
   6579.91992       3.00021103E-14
   6580.00977       3.00018562E-14
   6580.10010       3.00016630E-14
   6580.18994       3.00014970E-14
   6580.27979       3.00013513E-14
   6580.37012       3.00012158E-14
   6580.45996       3.00010972E-14
   6580.54980       3.00009888E-14
   6580.64014       3.00008906E-14
   6580.72998       3.00007991E-14
   6580.81982       3.00007211E-14
   6580.91016       3.00006466E-14
   6581.00000       3.00005822E-14
   6581.08984       3.00005246E-14
   6581.18018       3.00004772E-14
   6581.27002       3.00004603E-14
   6581.35986       3.00005687E-14
   6581.45020       3.00012023E-14
   6581.54004       3.00039636E-14
   6581.62988       3.00147683E-14
   6581.72021       3.00544468E-14
   6581.81006       3.01888336E-14
   6581.89990       3.06154706E-14
   6581.99023       3.18928606E-14
   6582.08008       3.54242697E-14
   6582.16992       4.45726355E-14
   6582.25977       6.67025232E-14
   6582.35010       1.17048637E-13
   6582.43994       2.22610680E-13
   6582.52979       4.29534582E-13
   6582.62012       8.09608890E-13
   6582.70996       1.45072214E-12
   6582.79980       2.45715145E-12
   6582.89014       3.92650192E-12
   6582.97998       5.87818206E-12
   6583.06982       8.25853014E-12
   6583.16016       1.08981565E-11
   6583.25000       1.34643139E-11
   6583.33984       1.55979153E-11
   6583.43018       1.69468536E-11
   6583.52002       1.72523679E-11
   6583.60986       1.64669597E-11
   6583.70020       1.47248862E-11
   6583.79004       1.23512025E-11
   6583.87988       9.71490336E-12
   6583.97021       7.15353514E-12
   6584.06006       4.94921812E-12
   6584.14990       3.21457856E-12
   6584.24023       1.95711568E-12
   6584.33008       1.12602874E-12
   6584.41992       6.14374654E-13
   6584.50977       3.22089713E-13
   6584.60010       1.66279506E-13
   6584.68994       8.98430500E-14
   6584.77979       5.46349804E-14
   6584.87012       3.94563193E-14
   6584.95996       3.34199458E-14
   6585.04980       3.11595029E-14
   6585.14014       3.03661820E-14
   6585.22998       3.01090702E-14
   6585.31982       3.00304588E-14
   6585.41016       3.00079141E-14
   6585.50000       3.00019409E-14
   6585.58984       3.00004467E-14
   6585.68018       3.00000943E-14
   6585.77002       3.00000198E-14
   6585.85986       3.00000029E-14
   6585.95020       2.99999995E-14
   6586.04004       2.99999995E-14
   6586.12988       2.99999995E-14
   6586.22021       2.99999995E-14
   6586.31006       2.99999995E-14
   6586.39990       2.99999995E-14
   6586.49023       2.99999995E-14
   6586.58008       2.99999995E-14
   6586.66992       2.99999995E-14
   6586.75977       2.99999995E-14
   6586.85010       2.99999995E-14
   6586.93994       2.99999995E-14
   6587.02979       2.99999995E-14
   6587.12012       2.99999995E-14
   6587.20996       2.99999995E-14
   6587.29980       2.99999995E-14
   6587.39014       2.99999995E-14
   6587.47998       2.99999995E-14
   6587.56982       2.99999995E-14
   6587.66016       2.99999995E-14
   6587.75000       2.99999995E-14
   6587.83984       2.99999995E-14
   6587.93018       2.99999995E-14
   6588.02002       2.99999995E-14
   6588.10986       2.99999995E-14
   6588.20020       2.99999995E-14
   6588.29004       2.99999995E-14
   6588.37988       2.99999995E-14
   6588.47021       2.99999995E-14
   6588.56006       2.99999995E-14
   6588.64990       2.99999995E-14
   6588.74023       2.99999995E-14
   6588.83008       2.99999995E-14
   6588.91992       2.99999995E-14
   6589.00977       2.99999995E-14
   6589.10010       2.99999995E-14
   6589.18994       2.99999995E-14
   6589.27979       2.99999995E-14
   6589.37012       2.99999995E-14
   6589.45996       2.99999995E-14
   6589.54980       2.99999995E-14
   6589.64014       2.99999995E-14
   6589.72998       2.99999995E-14
   6589.81982       2.99999995E-14
   6589.91016       2.99999995E-14
   6590.00000       2.99999995E-14
