   4800.10010       3.50000011E-14
   4800.20020       3.50000011E-14
   4800.29980       3.50000011E-14
   4800.39990       3.50000011E-14
   4800.50000       3.50000011E-14
   4800.60010       3.50000011E-14
   4800.70020       3.50000011E-14
   4800.79980       3.50000011E-14
   4800.89990       3.50000011E-14
   4801.00000       3.50000011E-14
   4801.10010       3.50000011E-14
   4801.20020       3.50000011E-14
   4801.29980       3.50000011E-14
   4801.39990       3.50000011E-14
   4801.50000       3.50000011E-14
   4801.60010       3.50000011E-14
   4801.70020       3.50000011E-14
   4801.79980       3.50000011E-14
   4801.89990       3.50000011E-14
   4802.00000       3.50000011E-14
   4802.10010       3.50000011E-14
   4802.20020       3.50000011E-14
   4802.29980       3.50000011E-14
   4802.39990       3.50000011E-14
   4802.50000       3.50000011E-14
   4802.60010       3.50000011E-14
   4802.70020       3.50000011E-14
   4802.79980       3.50000011E-14
   4802.89990       3.50000011E-14
   4803.00000       3.50000011E-14
   4803.10010       3.50000011E-14
   4803.20020       3.50000011E-14
   4803.29980       3.50000011E-14
   4803.39990       3.50000011E-14
   4803.50000       3.50000011E-14
   4803.60010       3.50000011E-14
   4803.70020       3.50000011E-14
   4803.79980       3.50000011E-14
   4803.89990       3.50000011E-14
   4804.00000       3.50000011E-14
   4804.10010       3.50000011E-14
   4804.20020       3.50000011E-14
   4804.29980       3.50000011E-14
   4804.39990       3.50000011E-14
   4804.50000       3.50000011E-14
   4804.60010       3.50000011E-14
   4804.70020       3.50000011E-14
   4804.79980       3.50000011E-14
   4804.89990       3.50000011E-14
   4805.00000       3.50000011E-14
   4805.10010       3.50000011E-14
   4805.20020       3.50000011E-14
   4805.29980       3.50000011E-14
   4805.39990       3.50000011E-14
   4805.50000       3.50000011E-14
   4805.60010       3.50000011E-14
   4805.70020       3.50000011E-14
   4805.79980       3.50000011E-14
   4805.89990       3.50000011E-14
   4806.00000       3.50000011E-14
   4806.10010       3.50000011E-14
   4806.20020       3.50000011E-14
   4806.29980       3.50000011E-14
   4806.39990       3.50000011E-14
   4806.50000       3.50000011E-14
   4806.60010       3.50000011E-14
   4806.70020       3.50000011E-14
   4806.79980       3.50000011E-14
   4806.89990       3.50000011E-14
   4807.00000       3.50000011E-14
   4807.10010       3.50000011E-14
   4807.20020       3.50000011E-14
   4807.29980       3.50000011E-14
   4807.39990       3.50000011E-14
   4807.50000       3.50000011E-14
   4807.60010       3.50000011E-14
   4807.70020       3.50000011E-14
   4807.79980       3.50000011E-14
   4807.89990       3.50000011E-14
   4808.00000       3.50000011E-14
   4808.10010       3.50000011E-14
   4808.20020       3.50000011E-14
   4808.29980       3.50000011E-14
   4808.39990       3.50000011E-14
   4808.50000       3.50000011E-14
   4808.60010       3.50000011E-14
   4808.70020       3.50000011E-14
   4808.79980       3.50000011E-14
   4808.89990       3.50000011E-14
   4809.00000       3.50000011E-14
   4809.10010       3.50000011E-14
   4809.20020       3.50000011E-14
   4809.29980       3.50000011E-14
   4809.39990       3.50000011E-14
   4809.50000       3.50000011E-14
   4809.60010       3.50000011E-14
   4809.70020       3.50000011E-14
   4809.79980       3.50000011E-14
   4809.89990       3.50000011E-14
   4810.00000       3.50000011E-14
   4810.10010       3.50000011E-14
   4810.20020       3.50000011E-14
   4810.29980       3.50000011E-14
   4810.39990       3.50000011E-14
   4810.50000       3.50000011E-14
   4810.60010       3.50000011E-14
   4810.70020       3.50000011E-14
   4810.79980       3.50000011E-14
   4810.89990       3.50000011E-14
   4811.00000       3.50000011E-14
   4811.10010       3.50000011E-14
   4811.20020       3.50000011E-14
   4811.29980       3.50000011E-14
   4811.39990       3.50000011E-14
   4811.50000       3.50000011E-14
   4811.60010       3.50000011E-14
   4811.70020       3.50000011E-14
   4811.79980       3.50000011E-14
   4811.89990       3.50000011E-14
   4812.00000       3.50000011E-14
   4812.10010       3.50000011E-14
   4812.20020       3.50000011E-14
   4812.29980       3.50000011E-14
   4812.39990       3.50000011E-14
   4812.50000       3.50000011E-14
   4812.60010       3.50000011E-14
   4812.70020       3.50000011E-14
   4812.79980       3.50000011E-14
   4812.89990       3.50000011E-14
   4813.00000       3.50000011E-14
   4813.10010       3.50000011E-14
   4813.20020       3.50000011E-14
   4813.29980       3.50000011E-14
   4813.39990       3.50000011E-14
   4813.50000       3.50000011E-14
   4813.60010       3.50000011E-14
   4813.70020       3.50000011E-14
   4813.79980       3.50000011E-14
   4813.89990       3.50000011E-14
   4814.00000       3.50000011E-14
   4814.10010       3.50000011E-14
   4814.20020       3.50000011E-14
   4814.29980       3.50000011E-14
   4814.39990       3.50000011E-14
   4814.50000       3.50000011E-14
   4814.60010       3.50000011E-14
   4814.70020       3.50000011E-14
   4814.79980       3.50000011E-14
   4814.89990       3.50000011E-14
   4815.00000       3.50000011E-14
   4815.10010       3.50000011E-14
   4815.20020       3.50000011E-14
   4815.29980       3.50000011E-14
   4815.39990       3.50000011E-14
   4815.50000       3.50000011E-14
   4815.60010       3.50000011E-14
   4815.70020       3.50000011E-14
   4815.79980       3.50000011E-14
   4815.89990       3.50000011E-14
   4816.00000       3.50000011E-14
   4816.10010       3.50000011E-14
   4816.20020       3.50000011E-14
   4816.29980       3.50000011E-14
   4816.39990       3.50000011E-14
   4816.50000       3.50000011E-14
   4816.60010       3.50000011E-14
   4816.70020       3.50000011E-14
   4816.79980       3.50000011E-14
   4816.89990       3.50000011E-14
   4817.00000       3.50000011E-14
   4817.10010       3.50000011E-14
   4817.20020       3.50000011E-14
   4817.29980       3.50000011E-14
   4817.39990       3.50000011E-14
   4817.50000       3.50000011E-14
   4817.60010       3.50000011E-14
   4817.70020       3.50000011E-14
   4817.79980       3.50000011E-14
   4817.89990       3.50000011E-14
   4818.00000       3.50000011E-14
   4818.10010       3.50000011E-14
   4818.20020       3.50000011E-14
   4818.29980       3.50000011E-14
   4818.39990       3.50000011E-14
   4818.50000       3.50000011E-14
   4818.60010       3.50000011E-14
   4818.70020       3.50000011E-14
   4818.79980       3.50000011E-14
   4818.89990       3.50000011E-14
   4819.00000       3.50000011E-14
   4819.10010       3.50000011E-14
   4819.20020       3.50000011E-14
   4819.29980       3.50000011E-14
   4819.39990       3.50000011E-14
   4819.50000       3.50000011E-14
   4819.60010       3.50000011E-14
   4819.70020       3.50000011E-14
   4819.79980       3.50000011E-14
   4819.89990       3.50000011E-14
   4820.00000       3.50000011E-14
   4820.10010       3.50000011E-14
   4820.20020       3.50000011E-14
   4820.29980       3.50000011E-14
   4820.39990       3.50000011E-14
   4820.50000       3.50000011E-14
   4820.60010       3.50000011E-14
   4820.70020       3.50000011E-14
   4820.79980       3.50000011E-14
   4820.89990       3.50000011E-14
   4821.00000       3.50000011E-14
   4821.10010       3.50000011E-14
   4821.20020       3.50000011E-14
   4821.29980       3.50000011E-14
   4821.39990       3.50000011E-14
   4821.50000       3.50000011E-14
   4821.60010       3.50000011E-14
   4821.70020       3.50000011E-14
   4821.79980       3.50000011E-14
   4821.89990       3.50000011E-14
   4822.00000       3.50000011E-14
   4822.10010       3.50000011E-14
   4822.20020       3.50000011E-14
   4822.29980       3.50000011E-14
   4822.39990       3.50000011E-14
   4822.50000       3.50000011E-14
   4822.60010       3.50000011E-14
   4822.70020       3.50000011E-14
   4822.79980       3.50000011E-14
   4822.89990       3.50000011E-14
   4823.00000       3.50000011E-14
   4823.10010       3.50000011E-14
   4823.20020       3.50000011E-14
   4823.29980       3.50000011E-14
   4823.39990       3.50000011E-14
   4823.50000       3.50000011E-14
   4823.60010       3.50000011E-14
   4823.70020       3.50000011E-14
   4823.79980       3.50000011E-14
   4823.89990       3.50000011E-14
   4824.00000       3.50000011E-14
   4824.10010       3.50000011E-14
   4824.20020       3.50000011E-14
   4824.29980       3.50000011E-14
   4824.39990       3.50000011E-14
   4824.50000       3.50000011E-14
   4824.60010       3.50000011E-14
   4824.70020       3.50000011E-14
   4824.79980       3.50000011E-14
   4824.89990       3.50000011E-14
   4825.00000       3.50000011E-14
   4825.10010       3.50000011E-14
   4825.20020       3.50000011E-14
   4825.29980       3.50000011E-14
   4825.39990       3.50000011E-14
   4825.50000       3.50000011E-14
   4825.60010       3.50000011E-14
   4825.70020       3.50000011E-14
   4825.79980       3.50000011E-14
   4825.89990       3.50000011E-14
   4826.00000       3.50000011E-14
   4826.10010       3.50000011E-14
   4826.20020       3.50000011E-14
   4826.29980       3.50000011E-14
   4826.39990       3.50000011E-14
   4826.50000       3.50000011E-14
   4826.60010       3.50000011E-14
   4826.70020       3.50000011E-14
   4826.79980       3.50000011E-14
   4826.89990       3.50000011E-14
   4827.00000       3.50000011E-14
   4827.10010       3.50000011E-14
   4827.20020       3.50000011E-14
   4827.29980       3.50000011E-14
   4827.39990       3.50000011E-14
   4827.50000       3.50000011E-14
   4827.60010       3.50000011E-14
   4827.70020       3.50000011E-14
   4827.79980       3.50000011E-14
   4827.89990       3.50000011E-14
   4828.00000       3.50000011E-14
   4828.10010       3.50000011E-14
   4828.20020       3.50000011E-14
   4828.29980       3.50000011E-14
   4828.39990       3.50000011E-14
   4828.50000       3.50000011E-14
   4828.60010       3.50000011E-14
   4828.70020       3.50000011E-14
   4828.79980       3.50000011E-14
   4828.89990       3.50000011E-14
   4829.00000       3.50000011E-14
   4829.10010       3.50000011E-14
   4829.20020       3.50000011E-14
   4829.29980       3.50000011E-14
   4829.39990       3.50000011E-14
   4829.50000       3.50000011E-14
   4829.60010       3.50000011E-14
   4829.70020       3.50000011E-14
   4829.79980       3.50000011E-14
   4829.89990       3.50000011E-14
   4830.00000       3.50000011E-14
   4830.10010       3.50000011E-14
   4830.20020       3.50000011E-14
   4830.29980       3.50000011E-14
   4830.39990       3.50000011E-14
   4830.50000       3.50000011E-14
   4830.60010       3.50000011E-14
   4830.70020       3.50000011E-14
   4830.79980       3.50000011E-14
   4830.89990       3.50000011E-14
   4831.00000       3.50000011E-14
   4831.10010       3.50000011E-14
   4831.20020       3.50000011E-14
   4831.29980       3.50000011E-14
   4831.39990       3.50000011E-14
   4831.50000       3.50000011E-14
   4831.60010       3.50000011E-14
   4831.70020       3.50000011E-14
   4831.79980       3.50000011E-14
   4831.89990       3.50000011E-14
   4832.00000       3.50000011E-14
   4832.10010       3.50000011E-14
   4832.20020       3.50000011E-14
   4832.29980       3.50000011E-14
   4832.39990       3.50000011E-14
   4832.50000       3.50000011E-14
   4832.60010       3.50000011E-14
   4832.70020       3.50000011E-14
   4832.79980       3.50000011E-14
   4832.89990       3.50000011E-14
   4833.00000       3.50000011E-14
   4833.10010       3.50000011E-14
   4833.20020       3.50000011E-14
   4833.29980       3.50000011E-14
   4833.39990       3.50000011E-14
   4833.50000       3.50000011E-14
   4833.60010       3.50000011E-14
   4833.70020       3.50000011E-14
   4833.79980       3.50000011E-14
   4833.89990       3.50000011E-14
   4834.00000       3.50000011E-14
   4834.10010       3.50000011E-14
   4834.20020       3.50000011E-14
   4834.29980       3.50000011E-14
   4834.39990       3.50000011E-14
   4834.50000       3.50000011E-14
   4834.60010       3.50000011E-14
   4834.70020       3.50000011E-14
   4834.79980       3.50000011E-14
   4834.89990       3.50000011E-14
   4835.00000       3.50000011E-14
   4835.10010       3.50000011E-14
   4835.20020       3.50000011E-14
   4835.29980       3.50000011E-14
   4835.39990       3.50000011E-14
   4835.50000       3.50000011E-14
   4835.60010       3.50000011E-14
   4835.70020       3.50000011E-14
   4835.79980       3.50000011E-14
   4835.89990       3.50000011E-14
   4836.00000       3.50000011E-14
   4836.10010       3.50000011E-14
   4836.20020       3.50000011E-14
   4836.29980       3.50000011E-14
   4836.39990       3.50000011E-14
   4836.50000       3.50000011E-14
   4836.60010       3.50000011E-14
   4836.70020       3.50000011E-14
   4836.79980       3.50000011E-14
   4836.89990       3.50000011E-14
   4837.00000       3.50000011E-14
   4837.10010       3.50000011E-14
   4837.20020       3.50000011E-14
   4837.29980       3.50000011E-14
   4837.39990       3.50000011E-14
   4837.50000       3.50000011E-14
   4837.60010       3.50000011E-14
   4837.70020       3.50000011E-14
   4837.79980       3.50000011E-14
   4837.89990       3.50000011E-14
   4838.00000       3.50000011E-14
   4838.10010       3.50000045E-14
   4838.20020       3.50000045E-14
   4838.29980       3.50000045E-14
   4838.39990       3.50000045E-14
   4838.50000       3.50000079E-14
   4838.60010       3.50000079E-14
   4838.70020       3.50000112E-14
   4838.79980       3.50000146E-14
   4838.89990       3.50000180E-14
   4839.00000       3.50000248E-14
   4839.10010       3.50000316E-14
   4839.20020       3.50000417E-14
   4839.29980       3.50000519E-14
   4839.39990       3.50000688E-14
   4839.50000       3.50000892E-14
   4839.60010       3.50001163E-14
   4839.70020       3.50001468E-14
   4839.79980       3.50001908E-14
   4839.89990       3.50002416E-14
   4840.00000       3.50003094E-14
   4840.10010       3.50003941E-14
   4840.20020       3.50005025E-14
   4840.29980       3.50006380E-14
   4840.39990       3.50008108E-14
   4840.50000       3.50010243E-14
   4840.60010       3.50012953E-14
   4840.70020       3.50016308E-14
   4840.79980       3.50020475E-14
   4840.89990       3.50025693E-14
   4841.00000       3.50032130E-14
   4841.10010       3.50040126E-14
   4841.20020       3.50049986E-14
   4841.29980       3.50062081E-14
   4841.39990       3.50077023E-14
   4841.50000       3.50095319E-14
   4841.60010       3.50117681E-14
   4841.70020       3.50145023E-14
   4841.79980       3.50178091E-14
   4841.89990       3.50218444E-14
   4842.00000       3.50267368E-14
   4842.10010       3.50326491E-14
   4842.20020       3.50397811E-14
   4842.29980       3.50483192E-14
   4842.39990       3.50586124E-14
   4842.50000       3.50709384E-14
   4842.60010       3.50856666E-14
   4842.70020       3.51032239E-14
   4842.79980       3.51239898E-14
   4842.89990       3.51487333E-14
   4843.00000       3.51780169E-14
   4843.10010       3.52125928E-14
   4843.20020       3.52533148E-14
   4843.29980       3.53009146E-14
   4843.39990       3.53569611E-14
   4843.50000       3.54225011E-14
   4843.60010       3.54989577E-14
   4843.70020       3.55879368E-14
   4843.79980       3.56906955E-14
   4843.89990       3.58102423E-14
   4844.00000       3.59483629E-14
   4844.10010       3.61075509E-14
   4844.20020       3.62905710E-14
   4844.29980       3.64993815E-14
   4844.39990       3.67393765E-14
   4844.50000       3.70132832E-14
   4844.60010       3.73251201E-14
   4844.70020       3.76792645E-14
   4844.79980       3.80783797E-14
   4844.89990       3.85314678E-14
   4845.00000       3.90422083E-14
   4845.10010       3.96164797E-14
   4845.20020       4.02605703E-14
   4845.29980       4.09774313E-14
   4845.39990       4.17810961E-14
   4845.50000       4.26756442E-14
   4845.60010       4.36688039E-14
   4845.70020       4.47686152E-14
   4845.79980       4.59771652E-14
   4845.89990       4.73148030E-14
   4846.00000       4.87846017E-14
   4846.10010       5.03953772E-14
   4846.20020       5.21559995E-14
   4846.29980       5.40655201E-14
   4846.39990       5.61513320E-14
   4846.50000       5.84129641E-14
   4846.60010       6.08585651E-14
   4846.70020       6.34958666E-14
   4846.79980       6.63177195E-14
   4846.89990       6.93582561E-14
   4847.00000       7.26098462E-14
   4847.10010       7.60772535E-14
   4847.20020       7.97641846E-14
   4847.29980       8.36535431E-14
   4847.39990       8.77846109E-14
   4847.50000       9.21386041E-14
   4847.60010       9.67136663E-14
   4847.70020       1.01506246E-13
   4847.79980       1.06486123E-13
   4847.89990       1.11694901E-13
   4848.00000       1.17099527E-13
   4848.10010       1.22688819E-13
   4848.20020       1.28449551E-13
   4848.29980       1.34337203E-13
   4848.39990       1.40392228E-13
   4848.50000       1.46566692E-13
   4848.60010       1.52839262E-13
   4848.70020       1.59186629E-13
   4848.79980       1.65552468E-13
   4848.89990       1.71972544E-13
   4849.00000       1.78387537E-13
   4849.10010       1.84767878E-13
   4849.20020       1.91082935E-13
   4849.29980       1.97271087E-13
   4849.39990       2.03360969E-13
   4849.50000       2.09289481E-13
   4849.60010       2.15023962E-13
   4849.70020       2.20532034E-13
   4849.79980       2.25756845E-13
   4849.89990       2.30718710E-13
   4850.00000       2.35361318E-13
   4850.10010       2.39656168E-13
   4850.20020       2.43576453E-13
   4850.29980       2.47081137E-13
   4850.39990       2.50182064E-13
   4850.50000       2.52840934E-13
   4850.60010       2.55040346E-13
   4850.70020       2.56765827E-13
   4850.79980       2.58001032E-13
   4850.89990       2.58749836E-13
   4851.00000       2.59000015E-13
   4851.10010       2.58749836E-13
   4851.20020       2.58001032E-13
   4851.29980       2.56765827E-13
   4851.39990       2.55040346E-13
   4851.50000       2.52840934E-13
   4851.60010       2.50182064E-13
   4851.70020       2.47081137E-13
   4851.79980       2.43576453E-13
   4851.89990       2.39656168E-13
   4852.00000       2.35361318E-13
   4852.10010       2.30718710E-13
   4852.20020       2.25756845E-13
   4852.29980       2.20532034E-13
   4852.39990       2.15023962E-13
   4852.50000       2.09289481E-13
   4852.60010       2.03360969E-13
   4852.70020       1.97271087E-13
   4852.79980       1.91082935E-13
   4852.89990       1.84767878E-13
   4853.00000       1.78387537E-13
   4853.10010       1.71972544E-13
   4853.20020       1.65552468E-13
   4853.29980       1.59186629E-13
   4853.39990       1.52839262E-13
   4853.50000       1.46566692E-13
   4853.60010       1.40392228E-13
   4853.70020       1.34337203E-13
   4853.79980       1.28449551E-13
   4853.89990       1.22688819E-13
   4854.00000       1.17099527E-13
   4854.10010       1.11694901E-13
   4854.20020       1.06486123E-13
   4854.29980       1.01506246E-13
   4854.39990       9.67136663E-14
   4854.50000       9.21386041E-14
   4854.60010       8.77846109E-14
   4854.70020       8.36535431E-14
   4854.79980       7.97641846E-14
   4854.89990       7.60772535E-14
   4855.00000       7.26098462E-14
   4855.10010       6.93582561E-14
   4855.20020       6.63177195E-14
   4855.29980       6.34958666E-14
   4855.39990       6.08585651E-14
   4855.50000       5.84129641E-14
   4855.60010       5.61513320E-14
   4855.70020       5.40655201E-14
   4855.79980       5.21559995E-14
   4855.89990       5.03953772E-14
   4856.00000       4.87846017E-14
   4856.10010       4.73148030E-14
   4856.20020       4.59771652E-14
   4856.29980       4.47686186E-14
   4856.39990       4.36688141E-14
   4856.50000       4.26756849E-14
   4856.60010       4.17812554E-14
   4856.70020       4.09780140E-14
   4856.79980       4.02625965E-14
   4856.89990       3.96231713E-14
   4857.00000       3.90631300E-14
   4857.10010       3.85933520E-14
   4857.20020       3.82514895E-14
   4857.29980       3.81352054E-14
   4857.39990       3.84665139E-14
   4857.50000       3.97159214E-14
   4857.60010       4.27923112E-14
   4857.70020       4.93217866E-14
   4857.79980       6.18990942E-14
   4857.89990       8.46539500E-14
   4858.00000       1.22995567E-13
   4858.10010       1.83441424E-13
   4858.20020       2.72515653E-13
   4858.29980       3.94244424E-13
   4858.39990       5.50372953E-13
   4858.50000       7.34550062E-13
   4858.60010       9.33316141E-13
   4858.70020       1.12631714E-12
   4858.79980       1.28873919E-12
   4858.89990       1.39950735E-12
   4859.00000       1.44236955E-12
   4859.10010       1.41483808E-12
   4859.20020       1.33115405E-12
   4859.29980       1.22511896E-12
   4859.39990       1.15005152E-12
   4859.50000       1.18671891E-12
   4859.60010       1.44952019E-12
   4859.70020       2.09910388E-12
   4859.79980       3.34655806E-12
   4859.89990       5.48519997E-12
   4860.00000       8.84308599E-12
   4860.10010       1.37624807E-11
   4860.20020       2.05221447E-11
   4860.29980       2.91900774E-11
   4860.39990       3.96974086E-11
   4860.50000       5.15017577E-11
   4860.60010       6.37298686E-11
   4860.70020       7.52134952E-11
   4860.79980       8.46187356E-11
   4860.89990       9.08555245E-11
   4861.00000       9.30350172E-11
   4861.10010       9.08554620E-11
   4861.20020       8.46185552E-11
   4861.29980       7.52130302E-11
   4861.39990       6.37287237E-11
   4861.50000       5.14990446E-11
   4861.60010       3.96913440E-11
   4861.70020       2.91772405E-11
   4861.79980       2.04965194E-11
   4861.89990       1.37139128E-11
   4862.00000       8.75601154E-12
   4862.10010       5.33753684E-12
   4862.20020       3.10969436E-12
   4862.29980       1.74040209E-12
   4862.39990       9.34598102E-13
   4862.50000       4.87555634E-13
   4862.60010       2.52118503E-13
   4862.70020       1.34339778E-13
   4862.79980       7.85269202E-14
   4862.89990       5.31170871E-14
   4863.00000       4.21915107E-14
   4863.10010       3.77224192E-14
   4863.20020       3.59828608E-14
   4863.29980       3.53402102E-14
   4863.39990       3.51117383E-14
   4863.50000       3.50350039E-14
   4863.60010       3.50104602E-14
   4863.70020       3.50029826E-14
   4863.79980       3.50008176E-14
   4863.89990       3.50002145E-14
   4864.00000       3.50000553E-14
   4864.10010       3.50000146E-14
   4864.20020       3.50000045E-14
   4864.29980       3.50000011E-14
   4864.39990       3.50000011E-14
   4864.50000       3.50000011E-14
   4864.60010       3.50000011E-14
   4864.70020       3.50000011E-14
   4864.79980       3.50000011E-14
   4864.89990       3.50000011E-14
   4865.00000       3.50000011E-14
   4865.10010       3.50000011E-14
   4865.20020       3.50000011E-14
   4865.29980       3.50000011E-14
   4865.39990       3.50000011E-14
   4865.50000       3.50000011E-14
   4865.60010       3.50000011E-14
   4865.70020       3.50000011E-14
   4865.79980       3.50000011E-14
   4865.89990       3.50000011E-14
   4866.00000       3.50000011E-14
   4866.10010       3.50000011E-14
   4866.20020       3.50000011E-14
   4866.29980       3.50000011E-14
   4866.39990       3.50000011E-14
   4866.50000       3.50000011E-14
   4866.60010       3.50000011E-14
   4866.70020       3.50000011E-14
   4866.79980       3.50000011E-14
   4866.89990       3.50000011E-14
   4867.00000       3.50000011E-14
   4867.10010       3.50000011E-14
   4867.20020       3.50000011E-14
   4867.29980       3.50000011E-14
   4867.39990       3.50000011E-14
   4867.50000       3.50000011E-14
   4867.60010       3.50000011E-14
   4867.70020       3.50000011E-14
   4867.79980       3.50000011E-14
   4867.89990       3.50000011E-14
   4868.00000       3.50000011E-14
   4868.10010       3.50000011E-14
   4868.20020       3.50000011E-14
   4868.29980       3.50000011E-14
   4868.39990       3.50000011E-14
   4868.50000       3.50000011E-14
   4868.60010       3.50000011E-14
   4868.70020       3.50000011E-14
   4868.79980       3.50000011E-14
   4868.89990       3.50000011E-14
   4869.00000       3.50000011E-14
   4869.10010       3.50000011E-14
   4869.20020       3.50000011E-14
   4869.29980       3.50000011E-14
   4869.39990       3.50000011E-14
   4869.50000       3.50000011E-14
   4869.60010       3.50000011E-14
   4869.70020       3.50000011E-14
   4869.79980       3.50000011E-14
   4869.89990       3.50000011E-14
   4870.00000       3.50000011E-14
   4870.10010       3.50000011E-14
   4870.20020       3.50000011E-14
   4870.29980       3.50000011E-14
   4870.39990       3.50000011E-14
   4870.50000       3.50000011E-14
   4870.60010       3.50000011E-14
   4870.70020       3.50000011E-14
   4870.79980       3.50000011E-14
   4870.89990       3.50000011E-14
   4871.00000       3.50000011E-14
   4871.10010       3.50000011E-14
   4871.20020       3.50000011E-14
   4871.29980       3.50000011E-14
   4871.39990       3.50000011E-14
   4871.50000       3.50000011E-14
   4871.60010       3.50000011E-14
   4871.70020       3.50000011E-14
   4871.79980       3.50000011E-14
   4871.89990       3.50000011E-14
   4872.00000       3.50000011E-14
   4872.10010       3.50000011E-14
   4872.20020       3.50000011E-14
   4872.29980       3.50000011E-14
   4872.39990       3.50000011E-14
   4872.50000       3.50000011E-14
   4872.60010       3.50000011E-14
   4872.70020       3.50000011E-14
   4872.79980       3.50000011E-14
   4872.89990       3.50000011E-14
   4873.00000       3.50000011E-14
   4873.10010       3.50000011E-14
   4873.20020       3.50000011E-14
   4873.29980       3.50000011E-14
   4873.39990       3.50000011E-14
   4873.50000       3.50000011E-14
   4873.60010       3.50000011E-14
   4873.70020       3.50000011E-14
   4873.79980       3.50000011E-14
   4873.89990       3.50000011E-14
   4874.00000       3.50000011E-14
   4874.10010       3.50000011E-14
   4874.20020       3.50000011E-14
   4874.29980       3.50000011E-14
   4874.39990       3.50000011E-14
   4874.50000       3.50000011E-14
   4874.60010       3.50000011E-14
   4874.70020       3.50000011E-14
   4874.79980       3.50000011E-14
   4874.89990       3.50000011E-14
   4875.00000       3.50000011E-14
   4875.10010       3.50000011E-14
   4875.20020       3.50000011E-14
   4875.29980       3.50000011E-14
   4875.39990       3.50000011E-14
   4875.50000       3.50000011E-14
   4875.60010       3.50000011E-14
   4875.70020       3.50000011E-14
   4875.79980       3.50000011E-14
   4875.89990       3.50000011E-14
   4876.00000       3.50000011E-14
   4876.10010       3.50000011E-14
   4876.20020       3.50000011E-14
   4876.29980       3.50000011E-14
   4876.39990       3.50000011E-14
   4876.50000       3.50000011E-14
   4876.60010       3.50000011E-14
   4876.70020       3.50000011E-14
   4876.79980       3.50000011E-14
   4876.89990       3.50000011E-14
   4877.00000       3.50000011E-14
   4877.10010       3.50000011E-14
   4877.20020       3.50000011E-14
   4877.29980       3.50000011E-14
   4877.39990       3.50000011E-14
   4877.50000       3.50000011E-14
   4877.60010       3.50000011E-14
   4877.70020       3.50000011E-14
   4877.79980       3.50000011E-14
   4877.89990       3.50000011E-14
   4878.00000       3.50000011E-14
   4878.10010       3.50000011E-14
   4878.20020       3.50000011E-14
   4878.29980       3.50000011E-14
   4878.39990       3.50000011E-14
   4878.50000       3.50000011E-14
   4878.60010       3.50000011E-14
   4878.70020       3.50000011E-14
   4878.79980       3.50000011E-14
   4878.89990       3.50000011E-14
   4879.00000       3.50000011E-14
   4879.10010       3.50000011E-14
   4879.20020       3.50000011E-14
   4879.29980       3.50000011E-14
   4879.39990       3.50000011E-14
   4879.50000       3.50000011E-14
   4879.60010       3.50000011E-14
   4879.70020       3.50000011E-14
   4879.79980       3.50000011E-14
   4879.89990       3.50000011E-14
   4880.00000       3.50000011E-14
   4880.10010       3.50000011E-14
   4880.20020       3.50000011E-14
   4880.29980       3.50000011E-14
   4880.39990       3.50000011E-14
   4880.50000       3.50000011E-14
   4880.60010       3.50000011E-14
   4880.70020       3.50000011E-14
   4880.79980       3.50000011E-14
   4880.89990       3.50000011E-14
   4881.00000       3.50000011E-14
   4881.10010       3.50000011E-14
   4881.20020       3.50000011E-14
   4881.29980       3.50000011E-14
   4881.39990       3.50000011E-14
   4881.50000       3.50000011E-14
   4881.60010       3.50000011E-14
   4881.70020       3.50000011E-14
   4881.79980       3.50000011E-14
   4881.89990       3.50000011E-14
   4882.00000       3.50000011E-14
   4882.10010       3.50000011E-14
   4882.20020       3.50000011E-14
   4882.29980       3.50000011E-14
   4882.39990       3.50000011E-14
   4882.50000       3.50000011E-14
   4882.60010       3.50000011E-14
   4882.70020       3.50000011E-14
   4882.79980       3.50000011E-14
   4882.89990       3.50000011E-14
   4883.00000       3.50000011E-14
   4883.10010       3.50000011E-14
   4883.20020       3.50000011E-14
   4883.29980       3.50000011E-14
   4883.39990       3.50000011E-14
   4883.50000       3.50000011E-14
   4883.60010       3.50000011E-14
   4883.70020       3.50000011E-14
   4883.79980       3.50000011E-14
   4883.89990       3.50000011E-14
   4884.00000       3.50000011E-14
   4884.10010       3.50000011E-14
   4884.20020       3.50000011E-14
   4884.29980       3.50000011E-14
   4884.39990       3.50000011E-14
   4884.50000       3.50000011E-14
   4884.60010       3.50000011E-14
   4884.70020       3.50000011E-14
   4884.79980       3.50000011E-14
   4884.89990       3.50000011E-14
   4885.00000       3.50000011E-14
   4885.10010       3.50000011E-14
   4885.20020       3.50000011E-14
   4885.29980       3.50000011E-14
   4885.39990       3.50000011E-14
   4885.50000       3.50000011E-14
   4885.60010       3.50000011E-14
   4885.70020       3.50000011E-14
   4885.79980       3.50000011E-14
   4885.89990       3.50000011E-14
   4886.00000       3.50000011E-14
   4886.10010       3.50000011E-14
   4886.20020       3.50000011E-14
   4886.29980       3.50000011E-14
   4886.39990       3.50000011E-14
   4886.50000       3.50000011E-14
   4886.60010       3.50000011E-14
   4886.70020       3.50000011E-14
   4886.79980       3.50000011E-14
   4886.89990       3.50000011E-14
   4887.00000       3.50000011E-14
   4887.10010       3.50000011E-14
   4887.20020       3.50000011E-14
   4887.29980       3.50000011E-14
   4887.39990       3.50000011E-14
   4887.50000       3.50000011E-14
   4887.60010       3.50000011E-14
   4887.70020       3.50000011E-14
   4887.79980       3.50000011E-14
   4887.89990       3.50000011E-14
   4888.00000       3.50000011E-14
   4888.10010       3.50000011E-14
   4888.20020       3.50000011E-14
   4888.29980       3.50000011E-14
   4888.39990       3.50000011E-14
   4888.50000       3.50000011E-14
   4888.60010       3.50000011E-14
   4888.70020       3.50000011E-14
   4888.79980       3.50000011E-14
   4888.89990       3.50000011E-14
   4889.00000       3.50000011E-14
   4889.10010       3.50000011E-14
   4889.20020       3.50000011E-14
   4889.29980       3.50000011E-14
   4889.39990       3.50000011E-14
   4889.50000       3.50000011E-14
   4889.60010       3.50000011E-14
   4889.70020       3.50000011E-14
   4889.79980       3.50000011E-14
   4889.89990       3.50000011E-14
   4890.00000       3.50000011E-14
   4890.10010       3.50000011E-14
   4890.20020       3.50000011E-14
   4890.29980       3.50000011E-14
   4890.39990       3.50000011E-14
   4890.50000       3.50000011E-14
   4890.60010       3.50000011E-14
   4890.70020       3.50000011E-14
   4890.79980       3.50000011E-14
   4890.89990       3.50000011E-14
   4891.00000       3.50000011E-14
   4891.10010       3.50000011E-14
   4891.20020       3.50000011E-14
   4891.29980       3.50000011E-14
   4891.39990       3.50000011E-14
   4891.50000       3.50000011E-14
   4891.60010       3.50000011E-14
   4891.70020       3.50000011E-14
   4891.79980       3.50000011E-14
   4891.89990       3.50000011E-14
   4892.00000       3.50000011E-14
   4892.10010       3.50000011E-14
   4892.20020       3.50000011E-14
   4892.29980       3.50000011E-14
   4892.39990       3.50000011E-14
   4892.50000       3.50000011E-14
   4892.60010       3.50000011E-14
   4892.70020       3.50000011E-14
   4892.79980       3.50000011E-14
   4892.89990       3.50000011E-14
   4893.00000       3.50000011E-14
   4893.10010       3.50000011E-14
   4893.20020       3.50000011E-14
   4893.29980       3.50000011E-14
   4893.39990       3.50000011E-14
   4893.50000       3.50000011E-14
   4893.60010       3.50000011E-14
   4893.70020       3.50000011E-14
   4893.79980       3.50000011E-14
   4893.89990       3.50000011E-14
   4894.00000       3.50000011E-14
   4894.10010       3.50000011E-14
   4894.20020       3.50000011E-14
   4894.29980       3.50000011E-14
   4894.39990       3.50000011E-14
   4894.50000       3.50000011E-14
   4894.60010       3.50000011E-14
   4894.70020       3.50000011E-14
   4894.79980       3.50000011E-14
   4894.89990       3.50000011E-14
   4895.00000       3.50000011E-14
   4895.10010       3.50000011E-14
   4895.20020       3.50000011E-14
   4895.29980       3.50000011E-14
   4895.39990       3.50000011E-14
   4895.50000       3.50000011E-14
   4895.60010       3.50000011E-14
   4895.70020       3.50000011E-14
   4895.79980       3.50000011E-14
   4895.89990       3.50000011E-14
   4896.00000       3.50000011E-14
   4896.10010       3.50000011E-14
   4896.20020       3.50000011E-14
   4896.29980       3.50000011E-14
   4896.39990       3.50000011E-14
   4896.50000       3.50000011E-14
   4896.60010       3.50000011E-14
   4896.70020       3.50000011E-14
   4896.79980       3.50000011E-14
   4896.89990       3.50000011E-14
   4897.00000       3.50000011E-14
   4897.10010       3.50000011E-14
   4897.20020       3.50000011E-14
   4897.29980       3.50000011E-14
   4897.39990       3.50000011E-14
   4897.50000       3.50000011E-14
   4897.60010       3.50000011E-14
   4897.70020       3.50000011E-14
   4897.79980       3.50000011E-14
   4897.89990       3.50000011E-14
   4898.00000       3.50000011E-14
   4898.10010       3.50000011E-14
   4898.20020       3.50000011E-14
   4898.29980       3.50000011E-14
   4898.39990       3.50000011E-14
   4898.50000       3.50000011E-14
   4898.60010       3.50000011E-14
   4898.70020       3.50000011E-14
   4898.79980       3.50000011E-14
   4898.89990       3.50000011E-14
   4899.00000       3.50000011E-14
   4899.10010       3.50000011E-14
   4899.20020       3.50000011E-14
   4899.29980       3.50000011E-14
   4899.39990       3.50000011E-14
   4899.50000       3.50000011E-14
   4899.60010       3.50000011E-14
   4899.70020       3.50000011E-14
   4899.79980       3.50000011E-14
   4899.89990       3.50000011E-14
   4900.00000       3.50000011E-14
