6497.75078157962  1.521970E-14
6497.83808563521  7.016563E-15
6497.92536022089  -3.646432E-15
6498.01260534348  -8.609155E-15
6498.09982100996  5.768391E-15
6498.18700722748  3.223459E-14
6498.27416400334  5.595654E-15
6498.36129134502  1.872196E-14
6498.44838926014  2.477250E-14
6498.5354577565  4.251996E-15
6498.62249684202  1.345940E-14
6498.70950652483  2.069545E-14
6498.79648681318  7.593639E-15
6498.88343771547  1.666215E-14
6498.97035924027  1.903071E-15
6499.05725139631  4.773611E-15
6499.14411419244  4.473175E-15
6499.23094763769  -5.353836E-15
6499.31775174123  -8.552493E-15
6499.40452651236  -6.130864E-16
6499.49127196055  7.804518E-15
6499.57798809541  8.400897E-15
6499.66467492669  5.704665E-15
6499.75133246429  -3.516042E-15
6499.83796071824  1.942433E-14
6499.92455969872  9.909289E-15
6500.01112941605  7.574983E-15
6500.09766988068  7.001256E-15
6500.18418110323  1.754710E-14
6500.27066309441  1.579090E-14
6500.3571158651  2.242218E-14
6500.44353942631  3.036861E-15
6500.52993378916  9.171538E-16
6500.61629896494  1.010393E-15
6500.70263496505  8.201192E-15
6500.78894180102  2.286296E-14
6500.87521948452  -7.015478E-15
6500.96146802734  9.513714E-15
6501.04768744139  -9.188397E-15
6501.13387773873  1.651321E-14
6501.22003893153  4.696624E-15
6501.30617103209  -2.128056E-15
6501.39227405283  1.805494E-14
6501.47834800629  9.960797E-15
6501.56439290515  8.766974E-15
6501.65040876218  5.655459E-15
6501.73639559029  9.033032E-15
6501.82235340252  2.452295E-14
6501.90828221199  2.729982E-14
6501.99418203198  1.887349E-14
6502.08005287585  1.193903E-14
6502.1658947571  2.163501E-14
6502.25170768934  5.887920E-14
6502.33749168627  2.277669E-14
6502.42324676173  -5.073101E-15
6502.50897292966  -1.583896E-15
6502.5946702041  7.224693E-15
6502.68033859922  3.647716E-15
6502.76597812928  9.183829E-15
6502.85158880866  2.702098E-16
6502.93717065184  2.974460E-14
6503.02272367339  1.258692E-14
6503.10824788802  3.122433E-15
6503.19374331051  2.670905E-15
6503.27920995576  2.522397E-14
6503.36464783877  1.310641E-14
6503.45005697463  6.617355E-15
6503.53543737853  1.444131E-14
6503.62078906578  2.611265E-13
6503.70611205177  2.301639E-16
6503.79140635199  1.903965E-15
6503.87667198202  5.889117E-15
6503.96190895754  2.283068E-14
6504.04711729433  -3.644482E-15
6504.13229700826  4.945601E-15
6504.21744811528  4.845987E-16
6504.30257063146  9.561161E-15
6504.38766457292  2.720267E-14
6504.47272995591  5.731681E-15
6504.55776679675  1.725911E-14
6504.64277511183  1.431793E-14
6504.72775491766  1.311111E-14
6504.81270623083  1.315787E-14
6504.89762906799  1.093485E-14
6504.98252344589  7.678043E-15
6505.06738938138  9.138398E-15
6505.15222689137  3.339670E-14
6505.23703599285  1.371531E-14
6505.32181670291  1.336197E-14
6505.40656903871  2.309001E-15
6505.49129301749  2.744546E-14
6505.57598865656  2.475251E-15
6505.66065597331  2.311947E-14
6505.74529498523  1.664873E-15
6505.82990570986  9.929602E-15
6505.91448816482  6.894777E-15
6505.9990423678  1.867916E-14
6506.08356833657  -1.091393E-15
6506.16806608899  3.131669E-15
6506.25253564296  2.747265E-15
6506.33697701646  9.026965E-15
6506.42139022755  9.867345E-15
6506.50577529436  2.345895E-14
6506.59013223507  2.405218E-14
6506.67446106796  1.126336E-14
6506.75876181133  1.160978E-15
6506.84303448359  4.894323E-15
6506.92727910319  4.084955E-15
6507.01149568866  4.782990E-14
6507.09568425858  6.963279E-13
6507.1798448316  8.333241E-16
6507.26397742643  3.888763E-16
6507.34808206184  -1.709761E-15
6507.43215875667  1.135455E-14
6507.5162075298  1.051732E-14
6507.60022840018  3.068161E-14
6507.68422138683  1.078382E-14
6507.76818650882  1.340182E-14
6507.85212378525  1.230338E-14
6507.93603323532  1.117870E-14
6508.01991487825  1.297712E-15
6508.10376873333  -4.918338E-16
6508.18759481991  2.295333E-15
6508.27139315738  1.644454E-14
6508.35516376519  9.762024E-15
6508.43890666282  9.828538E-15
6508.52262186984  1.076098E-14
6508.60630940583  1.467626E-14
6508.68996929045  1.054882E-14
6508.77360154338  3.459896E-15
6508.85720618439  4.285760E-15
6508.94078323324  2.063562E-14
6509.02433270978  1.866958E-14
6509.1078546339  9.435305E-15
6509.19134902551  9.814565E-16
6509.27481590458  6.981819E-15
6509.35825529114  1.175090E-14
6509.44166720523  7.822394E-16
6509.52505166695  1.296750E-14
6509.60840869645  1.532966E-14
6509.6917383139  3.771675E-15
6509.77504053952  3.904256E-15
6509.85831539357  4.542528E-15
6509.94156289635  1.570990E-17
6510.02478306819  7.331412E-15
6510.10797592946  1.618896E-14
6510.19114150057  2.879114E-15
6510.27427980197  2.683589E-14
6510.35739085413  1.114281E-14
6510.44047467756  9.801580E-16
6510.52353129281  1.816015E-14
6510.60656072047  1.573828E-14
6510.68956298113  1.928266E-14
6510.77253809545  8.340278E-15
6510.85548608411  1.273553E-14
6510.93840696779  1.026693E-14
6511.02130076725  2.702891E-15
6511.10416750324  1.476369E-14
6511.18700719655  1.030132E-14
6511.269819868  1.841783E-14
6511.35260553844  8.109791E-15
6511.43536422874  1.204684E-14
6511.51809595981  1.283922E-14
6511.60080075255  2.708791E-16
6511.68347862793  6.644576E-16
6511.76612960691  1.031518E-14
6511.8487537105  1.563585E-14
6511.9313509597  8.292499E-15
6512.01392137556  -3.405197E-17
6512.09646497913  1.263298E-14
6512.17898179151  7.276032E-15
6512.26147183379  5.901384E-15
6512.34393512709  1.440996E-14
6512.42637169257  5.316020E-15
6512.50878155137  6.616294E-15
6512.59116472467  5.739967E-15
6512.67352123366  5.497831E-15
6512.75585109956  4.952312E-15
6512.8381543436  3.253502E-15
6512.92043098702  1.544066E-14
6513.00268105106  1.530585E-14
6513.08490455701  1.108616E-14
6513.16710152615  7.932083E-15
6513.24927197977  9.718942E-15
6513.33141593919  8.795623E-15
6513.41353342573  6.353250E-15
6513.49562446072  1.638626E-14
6513.5776890655  9.098219E-15
6513.65972726143  9.486351E-16
6513.74173906988  8.417390E-15
6513.82372451221  1.095939E-14
6513.90568360981  2.175745E-14
6513.98761638406  1.430824E-14
6514.06952285637  2.902319E-16
6514.15140304814  1.331646E-14
6514.23325698077  1.392979E-14
6514.31508467569  4.303975E-15
6514.39688615431  7.415943E-15
6514.47866143805  5.404353E-15
6514.56041054836  8.366553E-15
6514.64213350665  6.674951E-15
6514.72383033437  1.445561E-14
6514.80550105296  1.768965E-14
6514.88714568385  1.667066E-14
6514.9687642485  9.345189E-15
6515.05035676833  2.800498E-15
6515.1319232648  4.338822E-15
6515.21346375935  2.052533E-15
6515.29497827341  8.757037E-15
6515.37646682845  1.062383E-14
6515.45792944588  9.496800E-15
6515.53936614716  7.964691E-15
6515.62077695371  1.008380E-14
6515.70216188697  3.577450E-15
6515.78352096837  8.060009E-15
6515.86485421934  1.313766E-14
6515.94616166128  1.153882E-14
6516.02744331562  1.035157E-14
6516.10869920377  4.298283E-15
6516.18992934713  8.509074E-15
6516.27113376709  6.095082E-15
6516.35231248505  4.823352E-16
6516.43346552239  5.887170E-15
6516.51459290048  6.371109E-15
6516.59569464068  7.603938E-15
6516.67677076436  8.394634E-15
6516.75782129286  6.154226E-15
6516.83884624752  9.399797E-15
6516.91984564967  7.789554E-15
6517.00081952062  9.990509E-15
6517.08176788168  7.834127E-15
6517.16269075413  2.431604E-14
6517.24358815927  1.144089E-14
6517.32446011836  1.194291E-14
6517.40530665266  1.338493E-14
6517.4861277834  1.213785E-14
6517.56692353183  1.121957E-14
6517.64769391914  1.927068E-14
6517.72843896654  1.854321E-14
6517.80915869522  5.589121E-15
6517.88985312633  8.165898E-15
6517.97052228104  6.217204E-15
6518.05116618048  7.040089E-15
6518.13178484577  8.568345E-15
6518.212378298  5.510434E-15
6518.29294655826  8.618485E-15
6518.37348964763  9.091765E-15
6518.45400758713  6.190192E-15
6518.5345003978  8.001261E-15
6518.61496810066  5.950954E-15
6518.69541071668  3.606183E-15
6518.77582826683  1.379642E-14
6518.85622077206  7.616759E-15
6518.9365882533  1.208661E-14
6519.01693073145  8.702339E-15
6519.0972482274  6.329080E-15
6519.177540762  6.177692E-15
6519.25780835609  5.673167E-15
6519.33805103049  7.697558E-15
6519.41826880598  9.243429E-15
6519.49846170334  7.237139E-15
6519.57862974331  4.285580E-15
6519.65877294661  1.126539E-14
6519.73889133392  9.358744E-15
6519.81898492593  8.888575E-15
6519.89905374326  6.262768E-15
6519.97909780654  1.163482E-14
6520.05911713636  8.385087E-15
6520.13911175328  1.514225E-14
6520.21908167784  5.538570E-15
6520.29902693054  6.233033E-15
6520.37894753186  3.146140E-15
6520.45884350226  3.812274E-15
6520.53871486217  4.910194E-13
6520.61856163197  2.388312E-13
6520.69838383203  3.027371E-15
6520.77818148269  5.271412E-15
6520.85795460425  3.228212E-15
6520.93770321699  5.885210E-15
6521.01742734115  9.531507E-15
6521.09712699694  1.119403E-14
6521.17680220456  1.257486E-14
6521.25645298414  3.184485E-15
6521.33607935582  5.780691E-15
6521.41568133966  6.912472E-15
6521.49525895573  6.692144E-15
6521.57481222405  3.687687E-15
6521.6543411646  7.067921E-15
6521.73384579734  1.059656E-14
6521.81332614219  8.795277E-15
6521.89278221903  7.754191E-15
6521.97221404771  1.011659E-14
6522.05162164805  7.309945E-15
6522.13100503983  4.686599E-15
6522.2103642428  1.082897E-14
6522.28969927665  1.267915E-14
6522.36901016107  1.072580E-14
6522.4482969157  7.307131E-15
6522.52755956012  7.410660E-15
6522.60679811391  1.014710E-14
6522.68601259659  4.360241E-15
6522.76520302764  6.653838E-15
6522.84436942653  6.823500E-15
6522.92351181265  4.113046E-15
6523.00263020538  3.207703E-15
6523.08172462405  9.975580E-15
6523.16079508797  6.070021E-15
6523.23984161639  1.371576E-14
6523.31886422852  1.043811E-14
6523.39786294353  1.193165E-14
6523.47683778058  6.683792E-15
6523.55578875874  6.678095E-15
6523.63471589708  6.889140E-15
6523.71361921461  9.748393E-15
6523.79249873031  4.051252E-15
6523.8713544631  8.382058E-15
6523.95018643187  9.271848E-15
6524.02899465548  5.302348E-15
6524.10777915273  6.420368E-15
6524.18653994237  4.523553E-15
6524.26527704314  8.093758E-15
6524.3439904737  8.946739E-15
6524.4226802527  3.301348E-15
6524.50134639872  4.570575E-15
6524.5799889303  6.972824E-15
6524.65860786596  1.019109E-14
6524.73720322414  7.383241E-15
6524.81577502327  6.344062E-15
6524.89432328172  7.632810E-15
6524.97284801779  7.974399E-15
6525.05134924979  9.465299E-15
6525.12982699593  1.201311E-14
6525.20828127441  1.185022E-14
6525.28671210337  1.334793E-14
6525.3651195009  8.979324E-15
6525.44350348506  6.120256E-15
6525.52186407385  7.745629E-15
6525.60020128522  9.709733E-15
6525.67851513709  7.823610E-15
6525.75680564731  5.945981E-15
6525.8350728337  7.614195E-15
6525.91331671403  9.061192E-15
6525.99153730602  8.379010E-15
6526.06973462734  7.878851E-15
6526.14790869562  5.503713E-15
6526.22605952842  5.701376E-15
6526.30418714328  6.783121E-15
6526.38229155767  4.672465E-15
6526.46037278902  4.240297E-15
6526.53843085471  9.024398E-15
6526.61646577207  1.229405E-14
6526.69447755839  3.454831E-15
6526.77246623088  5.669376E-15
6526.85043180674  3.681915E-15
6526.9283743031  8.981423E-15
6527.00629373702  9.929302E-15
6527.08419012555  5.719234E-15
6527.16206348566  4.106015E-15
6527.23991383428  6.391824E-15
6527.3177411883  8.958695E-15
6527.39554556452  7.379164E-15
6527.47332697974  1.071733E-14
6527.55108545066  9.976473E-15
6527.62882099397  1.083138E-14
6527.70653362629  7.736573E-15
6527.78422336418  8.075033E-15
6527.86189022415  6.836896E-15
6527.93953422268  1.339407E-14
6528.01715537616  1.334622E-14
6528.09475370096  2.029379E-14
6528.17232921339  2.100428E-14
6528.24988192969  2.602373E-14
6528.32741186607  2.905872E-14
6528.40491903867  2.725835E-14
6528.48240346359  3.170087E-14
6528.55986515685  2.859837E-14
6528.63730413446  2.597904E-14
6528.71472041233  2.464555E-14
6528.79211400635  2.430571E-14
6528.86948493234  2.399922E-14
6528.94683320606  2.243929E-14
6529.02415884325  2.222376E-14
6529.10146185954  1.367873E-14
6529.17874227055  1.060602E-14
6529.25600009184  1.044193E-14
6529.33323533888  1.156876E-14
6529.41044802714  9.159349E-15
6529.48763817199  1.031619E-14
6529.56480578876  9.577088E-15
6529.64195089272  4.150323E-15
6529.71907349911  5.724582E-15
6529.79617362307  1.035600E-14
6529.87325127972  8.750527E-15
6529.95030648411  7.548226E-15
6530.02733925125  7.083433E-15
6530.10434959606  5.863873E-15
6530.18133753343  8.870679E-15
6530.25830307819  5.544524E-15
6530.33524624511  6.304218E-15
6530.41216704891  8.675996E-15
6530.48906550424  6.469292E-15
6530.56594162571  7.192589E-15
6530.64279542785  7.834980E-15
6530.71962692517  7.629200E-15
6530.79643613209  7.306562E-15
6530.87322306298  6.457709E-15
6530.94998773216  1.275742E-14
6531.02673015389  8.717936E-15
6531.10345034238  6.490874E-15
6531.18014831176  6.761349E-15
6531.25682407613  9.313913E-15
6531.33347764951  1.095487E-14
6531.41010904588  1.091752E-14
6531.48671827914  7.443486E-15
6531.56330536317  9.354114E-15
6531.63987031175  9.170571E-15
6531.71641313863  7.477875E-15
6531.79293385748  9.840477E-15
6531.86943248195  7.384346E-15
6531.94590902557  8.180615E-15
6532.02236350188  6.728258E-15
6532.09879592432  6.276367E-15
6532.17520630628  7.093455E-15
6532.25159466108  7.517894E-15
6532.32796100202  5.081392E-15
6532.4043053423  7.709059E-15
6532.48062769507  8.647805E-15
6532.55692807345  4.963885E-15
6532.63320649046  7.321972E-15
6532.7094629591  8.905150E-15
6532.78569749227  1.032508E-14
6532.86191010285  1.447900E-14
6532.93810080364  1.626869E-14
6533.01426960739  1.556583E-14
6533.09041652677  1.286536E-14
6533.16654157443  6.211924E-15
6533.24264476292  8.524600E-15
6533.31872610475  8.115025E-15
6533.39478561239  6.779229E-15
6533.47082329821  1.331063E-14
6533.54683917455  9.081725E-15
6533.62283325368  8.254583E-15
6533.69880554781  7.406609E-15
6533.7747560691  9.939567E-15
6533.85068482964  7.086642E-15
6533.92659184147  7.610157E-15
6534.00247711655  7.435134E-15
6534.07834066682  1.154501E-14
6534.15418250412  7.011785E-15
6534.23000264024  6.605614E-15
6534.30580108693  9.881579E-15
6534.38157785587  1.094480E-14
6534.45733295867  6.916713E-15
6534.53306640689  6.727997E-15
6534.60877821202  8.453674E-15
6534.68446838552  9.396201E-15
6534.76013693876  6.622348E-15
6534.83578388305  7.994703E-15
6534.91140922966  6.627481E-15
6534.98701298979  1.049500E-14
6535.06259517458  7.243865E-15
6535.13815579512  8.035024E-15
6535.21369486241  6.211786E-15
6535.28921238743  6.793870E-15
6535.36470838108  7.507551E-15
6535.44018285419  7.864873E-15
6535.51563581756  7.051727E-15
6535.59106728191  6.832962E-15
6535.66647725789  7.083511E-15
6535.74186575612  7.554645E-15
6535.81723278713  6.081262E-15
6535.89257836142  7.164433E-15
6535.9679024894  5.721060E-15
6536.04320518144  9.867765E-15
6536.11848644785  3.563076E-15
6536.19374629887  4.798991E-15
6536.26898474469  5.091134E-15
6536.34420179545  4.651282E-15
6536.41939746119  8.865406E-15
6536.49457175194  5.784777E-15
6536.56972467763  4.075590E-15
6536.64485624817  8.221305E-15
6536.71996647337  7.818586E-15
6536.79505536301  4.783068E-15
6536.8701229268  6.833221E-15
6536.94516917439  5.595701E-15
6537.02019411537  8.000088E-15
6537.09519775927  7.547031E-15
6537.17018011557  9.918514E-15
6537.24514119368  1.336268E-14
6537.32008100296  7.983473E-15
6537.3949995527  9.535130E-15
6537.46989685213  9.226212E-15
6537.54477291044  5.831978E-15
6537.61962773674  7.027173E-15
6537.69446134009  8.603530E-15
6537.76927372949  8.785377E-15
6537.84406491389  8.182810E-15
6537.91883490216  7.618781E-15
6537.99358370312  8.057170E-15
6538.06831132555  9.792391E-15
6538.14301777814  1.010201E-14
6538.21770306955  7.102477E-15
6538.29236720837  7.363784E-15
6538.36701020312  9.808531E-15
6538.44163206227  5.797102E-15
6538.51623279424  6.453710E-15
6538.59081240737  7.166061E-15
6538.66537090998  6.323695E-15
6538.73990831029  8.849363E-15
6538.81442461648  8.701143E-15
6538.88891983667  1.019122E-14
6538.96339397893  6.289050E-15
6539.03784705127  6.588660E-15
6539.11227906162  5.162336E-15
6539.18669001787  7.746088E-15
6539.26107992787  4.745600E-15
6539.33544879937  8.271830E-15
6539.4097966401  9.175286E-15
6539.48412345771  6.919361E-15
6539.5584292598  7.493388E-15
6539.63271405392  7.894073E-15
6539.70697784754  7.945239E-15
6539.78122064811  8.238099E-15
6539.85544246298  6.929090E-15
6539.92964329946  8.074635E-15
6540.00382316483  7.760450E-15
6540.07798206626  7.326324E-15
6540.15212001091  7.504767E-15
6540.22623700586  6.819945E-15
6540.30033305813  8.104316E-15
6540.3744081747  6.887495E-15
6540.44846236249  7.334319E-15
6540.52249562834  9.456593E-15
6540.59650797906  1.084851E-14
6540.67049942139  7.328500E-15
6540.74446996203  5.713859E-15
6540.8184196076  7.424895E-15
6540.89234836468  7.745797E-15
6540.96625623979  8.702561E-15
6541.04014323939  7.602449E-15
6541.1140093699  8.463192E-15
6541.18785463765  7.899435E-15
6541.26167904896  8.915804E-15
6541.33548261006  7.829964E-15
6541.40926532713  6.497633E-15
6541.4830272063  7.584282E-15
6541.55676825365  6.881493E-15
6541.63048847521  8.774780E-15
6541.70418787692  9.621033E-15
6541.7778664647  8.937630E-15
6541.85152424442  8.325550E-15
6541.92516122185  5.284886E-15
6541.99877740276  8.144805E-15
6542.07237279282  7.684219E-15
6542.14594739769  5.702582E-15
6542.21950122292  6.125694E-15
6542.29303427407  8.588687E-15
6542.36654655658  7.941732E-15
6542.4400380759  9.038436E-15
6542.51350883737  8.014459E-15
6542.58695884632  6.267749E-15
6542.66038810799  7.300765E-15
6542.7337966276  4.749789E-15
6542.80718441029  7.607726E-15
6542.88055146116  9.739758E-15
6542.95389778525  7.986392E-15
6543.02722338756  9.489103E-15
6543.10052827302  1.048653E-14
6543.17381244652  2.908508E-15
6543.24707591289  4.280387E-15
6543.3203186769  8.420155E-15
6543.39354074329  7.224091E-15
6543.46674211673  9.263263E-15
6543.53992280185  9.611025E-15
6543.6130828032  8.831520E-15
6543.68622212532  9.091873E-15
6543.75934077267  6.993686E-15
6543.83243874965  7.557439E-15
6543.90551606065  1.029468E-14
6543.97857270996  1.163754E-14
6544.05160870184  9.274708E-15
6544.12462404052  8.165280E-15
6544.19761873013  8.137916E-15
6544.2705927748  8.964448E-15
6544.34354617857  7.467614E-15
6544.41647894546  8.243551E-15
6544.48939107941  6.752626E-15
6544.56228258434  1.027998E-14
6544.63515346409  9.634200E-15
6544.70800372247  9.898374E-15
6544.78083336324  1.188962E-14
6544.85364239009  1.123944E-14
6544.92643080669  8.436561E-15
6544.99919861664  8.105783E-15
6545.0719458235  1.143254E-14
6545.14467243076  8.715276E-15
6545.2173784419  8.999905E-15
6545.29006386031  9.381379E-15
6545.36272868935  9.169946E-15
6545.43537293235  7.142227E-15
6545.50799659255  8.773064E-15
6545.58059967318  1.069114E-14
6545.6531821774  7.864530E-15
6545.72574410832  9.131930E-15
6545.79828546903  9.058509E-15
6545.87080626252  9.837493E-15
6545.9433064918  7.980045E-15
6546.01578615977  8.475384E-15
6546.08824526932  9.053539E-15
6546.16068382329  8.465855E-15
6546.23310182445  9.191493E-15
6546.30549927554  9.975460E-15
6546.37787617927  6.511139E-15
6546.45023253826  7.882736E-15
6546.52256835513  8.851992E-15
6546.59488363242  9.130300E-15
6546.66717837264  9.081661E-15
6546.73945257825  9.205412E-15
6546.81170625166  1.106931E-14
6546.88393939526  1.460548E-14
6546.95615201135  7.812035E-15
6547.02834410222  1.131925E-14
6547.1005156701  1.110439E-14
6547.17266671719  1.176933E-14
6547.24479724561  1.019677E-14
6547.31690725748  7.861891E-15
6547.38899675485  8.862325E-15
6547.46106573973  8.717409E-15
6547.53311421409  9.389702E-15
6547.60514217984  8.950000E-15
6547.67714963887  9.996148E-15
6547.74913659301  8.986055E-15
6547.82110304406  8.359635E-15
6547.89304899376  1.156899E-14
6547.96497444382  7.287722E-15
6548.0368793959  1.138673E-14
6548.10876385162  1.113274E-14
6548.18062781256  1.049366E-14
6548.25247128026  1.081460E-14
6548.3242942562  1.598719E-14
6548.39609674183  2.394083E-14
6548.46787873858  4.312760E-14
6548.5396402478  7.566671E-14
6548.61138127082  1.369923E-13
6548.68310180892  2.242073E-13
6548.75480186335  3.447100E-13
6548.82648143531  4.650639E-13
6548.89814052596  5.454270E-13
6548.96977913642  5.784119E-13
6549.04139726777  5.529245E-13
6549.11299492106  4.847385E-13
6549.18457209728  3.875402E-13
6549.2561287974  3.166440E-13
6549.32766502233  2.782109E-13
6549.39918077295  2.875286E-13
6549.47067605011  3.650723E-13
6549.54215085461  5.182069E-13
6549.61360518722  7.466675E-13
6549.68503904865  9.912183E-13
6549.7564524396  1.192657E-12
6549.82784536071  1.307126E-12
6549.89921781259  1.302090E-12
6549.97056979582  1.170855E-12
6550.04190131093  9.919650E-13
6550.11321235841  7.967543E-13
6550.18450293872  6.246330E-13
6550.25577305228  4.624846E-13
6550.32702269949  3.472116E-13
6550.39825188068  2.371330E-13
6550.46946059616  1.418913E-13
6550.54064884622  8.228571E-14
6550.61181663109  4.192039E-14
6550.68296395096  2.779467E-14
6550.75409080601  2.114278E-14
6550.82519719637  1.616900E-14
6550.89628312213  1.339676E-14
6550.96734858335  1.537956E-14
6551.03839358005  1.004659E-14
6551.10941811222  1.292562E-14
6551.18042217982  1.212153E-14
6551.25140578277  1.065479E-14
6551.32236892094  1.029054E-14
6551.3933115942  1.059668E-14
6551.46423380236  1.260065E-14
6551.5351355452  1.028872E-14
6551.60601682248  1.010736E-14
6551.67687763389  9.288490E-15
6551.74771797914  1.112779E-14
6551.81853785787  6.829950E-15
6551.8893372697  7.991365E-15
6551.96011621421  1.053628E-14
6552.03087469096  9.129992E-15
6552.10161269946  1.220856E-14
6552.17233023919  1.100441E-14
6552.24302730963  7.555041E-15
6552.31370391019  8.385791E-15
6552.38436004026  9.446731E-15
6552.45499569921  8.264187E-15
6552.52561088637  8.380515E-15
6552.59620560103  8.089685E-15
6552.66677984247  7.008222E-15
6552.73733360992  1.007767E-14
6552.80786690259  9.271812E-15
6552.87837971967  8.222942E-15
6552.9488720603  9.374898E-15
6553.0193439236  1.047706E-14
6553.08979530865  9.563575E-15
6553.16022621453  1.231038E-14
6553.23063664026  1.135861E-14
6553.30102658484  1.182408E-14
6553.37139604725  1.579594E-14
6553.44174502644  1.905545E-14
6553.51207352131  2.077737E-14
6553.58238153077  1.783434E-14
6553.65266905367  1.204375E-14
6553.72293608885  1.151595E-14
6553.79318263511  1.049053E-14
6553.86340869124  1.089758E-14
6553.93361425598  1.143091E-14
6554.00379932807  1.293374E-14
6554.0739639062  1.000558E-14
6554.14410798905  6.766838E-15
6554.21423157526  8.156098E-15
6554.28433466346  1.570267E-13
6554.35441725223  2.376275E-15
6554.42447934016  3.280038E-15
6554.49452092578  6.963866E-15
6554.56454200762  6.495503E-15
6554.63454258417  9.871430E-15
6554.7045226539  1.269441E-14
6554.77448221525  7.293538E-15
6554.84442126666  7.862953E-15
6554.91433980651  9.040555E-15
6554.98423783317  6.842613E-15
6555.05411534501  8.027333E-15
6555.12397234035  6.775356E-15
6555.19380881748  8.896914E-15
6555.26362477469  1.002187E-14
6555.33342021025  1.020730E-14
6555.40319512237  1.114323E-14
6555.47294950928  1.092938E-14
6555.54268336917  7.991764E-15
6555.61239670021  9.849529E-15
6555.68208950054  6.853972E-15
6555.75176176829  9.349476E-15
6555.82141350156  7.883936E-15
6555.89104469844  1.078793E-14
6555.96065535698  8.522358E-15
6556.03024547524  7.931810E-15
6556.09981505123  8.282009E-15
6556.16936408295  1.160201E-14
6556.23889256839  8.880103E-15
6556.3084005055  9.040648E-15
6556.37788789223  9.602846E-15
6556.4473547265  1.187920E-14
6556.51680100621  9.500136E-15
6556.58622672924  1.113085E-14
6556.65563189347  1.140116E-14
6556.72501649674  9.967232E-15
6556.79438053687  1.157560E-14
6556.86372401168  8.383409E-15
6556.93304691896  7.247335E-15
6557.00234925649  1.295412E-14
6557.07163102201  9.233012E-15
6557.14089221328  8.224310E-15
6557.21013282801  9.720269E-15
6557.27935286391  1.064046E-14
6557.34855231868  8.614590E-15
6557.41773118997  1.218431E-14
6557.48688947546  1.168652E-14
6557.55602717277  1.194612E-14
6557.62514427954  1.202550E-14
6557.69424079338  9.820950E-15
6557.76331671187  9.518582E-15
6557.83237203261  9.102562E-15
6557.90140675314  1.031232E-14
6557.97042087103  1.013693E-14
6558.0394143838  9.880569E-15
6558.10838728898  1.068903E-14
6558.17733958407  1.065803E-14
6558.24627126656  1.016134E-14
6558.31518233394  1.151587E-14
6558.38407278367  9.141577E-15
6558.45294261319  8.645393E-15
6558.52179181996  8.705141E-15
6558.59062040139  1.052606E-14
6558.65942835491  1.199343E-14
6558.7282156779  7.762212E-15
6558.79698236776  1.106252E-14
6558.86572842187  1.254257E-14
6558.93445383759  8.380628E-15
6559.00315861227  1.039948E-14
6559.07184274326  8.697433E-15
6559.14050622789  1.147177E-14
6559.20914906348  1.051674E-14
6559.27777124733  8.716583E-15
6559.34637277676  1.332975E-14
6559.41495364904  9.754603E-15
6559.48351386145  9.748855E-15
6559.55205341126  1.029464E-14
6559.62057229573  9.978947E-15
6559.68907051212  1.286315E-14
6559.75754805765  1.154022E-14
6559.82600492957  1.231221E-14
6559.8944411251  1.229846E-14
6559.96285664144  1.316413E-14
6560.0312514758  1.024629E-14
6560.09962562538  1.123821E-14
6560.16797908738  1.417626E-14
6560.23631185896  1.359621E-14
6560.30462393731  1.542670E-14
6560.37291531958  1.648921E-14
6560.44118600295  1.687608E-14
6560.50943598456  2.239744E-14
6560.57766526155  2.767449E-14
6560.64587383107  3.630662E-14
6560.71406169024  4.983967E-14
6560.78222883621  6.421742E-14
6560.85037526607  8.836127E-14
6560.91850097695  1.184892E-13
6560.98660596596  1.557063E-13
6561.0546902302  2.186189E-13
6561.12275376677  2.966001E-13
6561.19079657276  3.933635E-13
6561.25881864526  4.841484E-13
6561.32681998136  5.643507E-13
6561.39480057813  6.140548E-13
6561.46276043266  6.353488E-13
6561.53069954201  6.275720E-13
6561.59861790326  5.951586E-13
6561.66651551345  5.503730E-13
6561.73439236967  5.160754E-13
6561.80224846897  5.035517E-13
6561.8700838084  4.705950E-13
6561.93789838501  4.370985E-13
6562.00569219585  3.671637E-13
6562.07346523799  3.034609E-13
6562.14121750845  2.297842E-13
6562.20894900428  1.609210E-13
6562.27665972253  1.115753E-13
6562.34434966023  7.174013E-14
6562.41201881443  4.848971E-14
6562.47966718217  4.157997E-14
6562.54729476048  4.102653E-14
6562.61490154639  5.666722E-14
6562.68248753695  7.425702E-14
6562.75005272919  9.835181E-14
6562.81759712015  1.288554E-13
6562.88512070686  2.157355E-13
6562.95262348636  3.364908E-13
6563.02010545568  5.277315E-13
6563.08756661187  7.762135E-13
6563.15500695195  1.158041E-12
6563.22242647298  1.660416E-12
6563.28982517199  2.307024E-12
6563.35720304602  3.121207E-12
6563.42456009211  4.136462E-12
6563.49189630732  5.337332E-12
6563.55921168869  6.886984E-12
6563.62650623326  8.537375E-12
6563.6937799381  1.025333E-11
6563.76103280025  1.188215E-11
6563.82826481677  1.342539E-11
6563.89547598473  1.467994E-11
6563.96266630118  1.538294E-11
6564.0298357632  1.587502E-11
6564.09698436785  1.616938E-11
6564.16411211221  1.635990E-11
6564.23121899335  1.673755E-11
6564.29830500837  1.717234E-11
6564.36537015434  1.753728E-11
6564.43241442835  1.776413E-11
6564.4994378275  1.776661E-11
6564.5664403489  1.764509E-11
6564.63342198964  1.728486E-11
6564.70038274684  1.664358E-11
6564.76732261762  1.513948E-11
6564.83424159909  1.300309E-11
6564.90113968838  1.073722E-11
6564.96801688263  8.883391E-12
6565.03487317898  6.794599E-12
6565.10170857456  5.041547E-12
6565.16852306654  3.644147E-12
6565.23531665208  2.556460E-12
6565.30208932833  1.744697E-12
6565.36884109247  1.182906E-12
6565.43557194169  7.880043E-13
6565.50228187316  5.138268E-13
6565.56897088409  3.486583E-13
6565.63563897167  2.292011E-13
6565.70228613312  1.609343E-13
6565.76891236566  1.153671E-13
6565.83551766651  7.952616E-14
6565.9021020329  6.537948E-14
6565.96866546209  5.093881E-14
6566.03520795132  4.160348E-14
6566.10172949786  3.437325E-14
6566.16823009897  2.956459E-14
6566.23470975195  2.631708E-14
6566.30116845406  2.351111E-14
6566.36760620263  2.276552E-14
6566.43402299495  2.034858E-14
6566.50041882834  1.778532E-14
6566.56679370014  1.809105E-14
6566.63314760768  1.593902E-14
6566.69948054831  1.730503E-14
6566.7657925194  1.400628E-14
6566.83208351831  1.525822E-14
6566.89835354242  1.644906E-14
6566.96460258914  1.329720E-14
6567.03083065586  1.655209E-14
6567.09703774  1.241880E-14
6567.16322383899  1.376084E-14
6567.22938895027  1.435971E-14
6567.29553307128  1.644157E-14
6567.3616561995  1.054862E-14
6567.42775833241  1.090339E-14
6567.49383946748  1.065638E-14
6567.55989960221  1.224657E-14
6567.62593873413  1.095715E-14
6567.69195686077  1.093988E-14
6567.75795397964  1.038935E-14
6567.82393008832  1.335946E-14
6567.88988518437  1.208051E-14
6567.95581926537  1.048201E-14
6568.0217323289  1.051548E-14
6568.08762437258  9.446159E-15
6568.15349539403  1.293541E-14
6568.21934539089  1.207210E-14
6568.2851743608  1.224255E-14
6568.35098230143  1.073750E-14
6568.41676921045  1.358917E-14
6568.48253508557  1.033099E-14
6568.54827992448  1.193127E-14
6568.61400372491  1.291991E-14
6568.6797064846  1.414703E-14
6568.7453882013  1.716730E-14
6568.81104887278  1.498931E-14
6568.87668849683  1.121723E-14
6568.94230707125  1.025174E-14
6569.00790459384  1.054765E-14
6569.07348106245  9.460459E-15
6569.13903647492  1.109991E-14
6569.20457082912  1.210338E-14
6569.27008412293  9.825721E-15
6569.33557635424  1.220748E-14
6569.40104752098  1.169946E-14
6569.46649762106  1.040073E-14
6569.53192665244  7.614449E-15
6569.59733461309  1.063874E-14
6569.66272150098  8.480105E-15
6569.72808731412  1.011553E-14
6569.79343205052  7.658676E-15
6569.85875570822  1.129732E-14
6569.92405828526  6.778442E-15
6569.98933977973  8.456378E-15
6570.05460018971  1.060394E-14
6570.11983951331  6.863808E-15
6570.18505774864  9.190984E-15
6570.25025489386  1.257740E-14
6570.31543094712  1.092431E-14
6570.38058590662  1.339794E-14
6570.44571977053  1.107771E-14
6570.51083253709  9.959019E-15
6570.57592420453  1.210374E-14
6570.6409947711  1.038370E-14
6570.70604423509  8.179613E-15
6570.77107259478  1.216153E-14
6570.8360798485  1.086938E-14
6570.90106599456  9.869890E-15
6570.96603103134  1.031469E-14
6571.03097495719  8.139878E-15
6571.09589777052  9.644859E-15
6571.16079946974  8.768748E-15
6571.22568005327  1.129919E-14
6571.29053951959  6.217847E-15
6571.35537786714  1.089148E-14
6571.42019509444  1.110742E-14
6571.4849912  9.288576E-15
6571.54976618236  9.351824E-15
6571.61452004006  8.871671E-15
6571.67925277169  9.494336E-15
6571.74396437584  8.311036E-15
6571.80865485114  9.438486E-15
6571.87332419622  8.282323E-15
6571.93797240976  8.990783E-15
6572.00259949042  7.573787E-15
6572.06720543692  9.552999E-15
6572.13179024798  9.409876E-15
6572.19635392235  8.040006E-15
6572.26089645881  1.026948E-14
6572.32541785614  1.075877E-14
6572.38991811315  1.114825E-14
6572.45439722868  1.010787E-14
6572.5188552016  1.055541E-14
6572.58329203077  1.176576E-14
6572.64770771511  9.317033E-15
6572.71210225354  1.019091E-14
6572.776475645  8.178144E-15
6572.84082788847  7.163849E-15
6572.90515898294  8.393875E-15
6572.96946892742  9.880494E-15
6573.03375772095  8.773854E-15
6573.0980253626  9.481445E-15
6573.16227185144  8.075513E-15
6573.22649718659  7.964399E-15
6573.29070136718  9.220383E-15
6573.35488439236  9.244505E-15
6573.4190462613  7.636127E-15
6573.48318697321  8.378658E-15
6573.54730652732  8.731446E-15
6573.61140492286  1.004317E-14
6573.67548215911  9.340279E-15
6573.73953823536  8.358869E-15
6573.80357315094  9.684368E-15
6573.86758690519  9.962304E-15
6573.93157949746  6.238075E-15
6573.99555092716  8.073378E-15
6574.05950119369  8.718458E-15
6574.12343029649  1.161913E-14
6574.18733823503  9.623752E-15
6574.2512250088  8.111219E-15
6574.31509061729  8.650978E-15
6574.37893506006  8.887104E-15
6574.44275833665  9.324698E-15
6574.50656044665  9.733835E-15
6574.57034138967  1.154384E-14
6574.63410116534  1.029722E-14
6574.69783977331  9.786234E-15
6574.76155721329  8.521372E-15
6574.82525348495  7.470372E-15
6574.88892858805  8.772848E-15
6574.95258252233  7.512571E-15
6575.01621528757  7.276086E-15
6575.07982688359  9.015909E-15
6575.14341731021  8.737726E-15
6575.20698656728  1.366017E-14
6575.27053465469  9.900405E-15
6575.33406157234  9.509092E-15
6575.39756732017  6.921865E-15
6575.46105189813  8.811776E-15
6575.52451530619  7.057596E-15
6575.58795754438  8.874815E-15
6575.6513786127  8.557439E-15
6575.71477851123  1.129217E-14
6575.77815724005  8.950806E-15
6575.84151479926  7.381037E-15
6575.90485118899  8.115829E-15
6575.9681664094  6.759983E-15
6576.03146046068  8.267491E-15
6576.09473334303  7.357985E-15
6576.15798505668  9.345684E-15
6576.22121560191  9.368325E-15
6576.28442497898  8.661230E-15
6576.34761318821  9.133384E-15
6576.41078022994  1.063511E-14
6576.47392610452  6.984391E-15
6576.53705081235  9.057397E-15
6576.60015435383  8.392094E-15
6576.6632367294  9.181682E-15
6576.72629793953  8.407570E-15
6576.78933798471  8.927410E-15
6576.85235686544  7.977534E-15
6576.91535458228  7.323678E-15
6576.97833113577  7.115261E-15
6577.04128652653  9.818198E-15
6577.10422075516  1.396502E-14
6577.1671338223  1.532813E-14
6577.23002572862  1.362511E-14
6577.29289647481  1.537672E-14
6577.35574606161  1.516909E-14
6577.41857448974  1.514569E-14
6577.48138175998  7.332268E-15
6577.54416787313  1.101629E-14
6577.60693283  9.724812E-15
6577.66967663144  7.701315E-15
6577.73239927833  9.277580E-15
6577.79510077157  9.827900E-15
6577.85778111207  8.435597E-15
6577.92044030078  1.013307E-14
6577.98307833869  1.022686E-14
6578.04569522678  9.540192E-15
6578.10829096608  1.023487E-14
6578.17086555765  9.681762E-15
6578.23341900257  1.065159E-14
6578.29595130192  1.321482E-14
6578.35846245684  1.012408E-14
6578.42095246848  9.240814E-15
6578.48342133802  9.845108E-15
6578.54586906666  1.164366E-14
6578.60829565563  9.980134E-15
6578.67070110617  9.366020E-15
6578.73308541958  1.352565E-14
6578.79544859714  1.544168E-14
6578.85779064019  1.684480E-14
6578.92011155009  1.914932E-14
6578.9824113282  1.940741E-14
6579.04468997594  2.377196E-14
6579.10694749473  2.742725E-14
6579.16918388602  3.021792E-14
6579.23139915129  2.867236E-14
6579.29359329205  2.882160E-14
6579.35576630981  2.696964E-14
6579.41791820614  2.584902E-14
6579.4800489826  2.421932E-14
6579.5421586408  2.575525E-14
6579.60424718237  2.670029E-14
6579.66631460895  2.971291E-14
6579.72836092221  3.611414E-14
6579.79038612386  4.106222E-14
6579.85239021562  4.543338E-14
6579.91437319923  4.959016E-14
6579.97633507646  4.410338E-14
6580.03827584911  3.744469E-14
6580.100195519  2.992112E-14
6580.16209408797  2.447278E-14
6580.22397155788  1.840511E-14
6580.28582793063  1.473736E-14
6580.34766320813  1.463625E-14
6580.40947739232  1.174886E-14
6580.47127048515  1.022890E-14
6580.53304248862  1.151695E-14
6580.59479340472  1.130653E-14
6580.6565232355  8.837674E-15
6580.718231983  8.089874E-15
6580.7799196493  9.056955E-15
6580.8415862365  1.164920E-14
6580.90323174672  7.788919E-15
6580.96485618211  7.934066E-15
6581.02645954484  6.638377E-15
6581.0880418371  5.095164E-15
6581.14960306109  5.811223E-15
6581.21114321907  3.792889E-15
6581.27266231328  7.436518E-15
6581.334160346  1.033471E-14
6581.39563731954  1.098943E-14
6581.45709323623  8.892905E-15
6581.5185280984  8.362394E-15
6581.57994190842  8.224035E-15
6581.6413346687  2.812389E-15
6581.70270638163  3.957064E-15
6581.76405704965  4.165533E-15
6581.82538667521  4.274282E-15
6581.88669526079  8.588479E-16
6581.94798280889  5.456038E-15
6582.00924932202  1.441120E-13
6582.07049480271  6.444449E-13
6582.13171925354  9.492398E-13
6582.19292267707  5.301718E-13
6582.2541050759  7.424056E-13
6582.31526645267  7.245979E-13
6582.37640681  7.353217E-13
6582.43752615056  5.794686E-14
6582.49862447702  5.340565E-15
6582.55970179209  7.658130E-15
6582.62075809849  9.629959E-15
6582.68179339895  9.949169E-15
6582.74280769623  6.609522E-15
6582.80380099311  1.090418E-14
6582.86477329238  1.139657E-14
6582.92572459687  8.035614E-15
6582.9866549094  5.927865E-15
6583.04756423283  8.122257E-15
6583.10845257003  8.131463E-15
6583.16931992389  5.920961E-15
6583.23016629731  9.911556E-15
6583.29099169322  7.378654E-15
6583.35179611456  7.868107E-15
6583.4125795643  8.732500E-15
6583.47334204541  7.409488E-15
6583.53408356089  1.068965E-14
6583.59480411374  1.151742E-14
6583.65550370701  1.412737E-14
6583.71618234373  1.748283E-14
6583.77684002697  2.704658E-14
6583.8374767598  4.663081E-14
6583.89809254533  7.908041E-14
6583.95868738666  1.419619E-13
6584.01926128692  2.442950E-13
6584.07981424926  3.968354E-13
6584.14034627683  6.479929E-13
6584.20085737281  9.268255E-13
6584.26134754038  1.240880E-12
6584.32181678275  1.555291E-12
6584.38226510314  1.767686E-12
6584.44269250478  1.831453E-12
6584.50309899092  1.749563E-12
6584.56348456482  1.515658E-12
6584.62384922976  1.260894E-12
6584.68419298901  9.924503E-13
6584.7445158459  8.100618E-13
6584.80481780373  7.195737E-13
6584.86509886583  7.387667E-13
6584.92535903555  8.795194E-13
6584.98559831624  1.188219E-12
6585.04581671126  1.660447E-12
6585.106014224  2.286308E-12
6585.16619085784  2.935117E-12
6585.22634661619  3.504109E-12
6585.28648150247  3.930692E-12
6585.3465955201  4.013543E-12
6585.40668867251  3.761462E-12
6585.46676096317  3.351351E-12
6585.52681239551  2.831374E-12
6585.58684297302  2.285302E-12
6585.64685269917  1.820382E-12
6585.70684157745  1.452005E-12
6585.76680961136  1.111214E-12
6585.82675680441  8.090928E-13
6585.88668316012  5.685530E-13
6585.94658868201  3.633645E-13
6586.00647337361  2.152765E-13
6586.06633723848  1.315215E-13
6586.12618028016  1.086295E-13
6586.18600250221  5.784235E-14
6586.2458039082  3.203013E-14
6586.3055845017  2.362264E-14
6586.36534428631  2.061482E-14
6586.42508326559  1.927002E-14
6586.48480144316  1.309883E-14
6586.54449882261  1.135970E-14
6586.60417540755  8.646049E-15
6586.66383120159  1.176965E-14
6586.72346620836  1.075350E-14
6586.78308043147  8.128064E-15
6586.84267387457  1.067946E-14
6586.90224654127  9.379193E-15
6586.96179843523  6.428215E-15
6587.02132956007  6.566027E-15
6587.08083991946  9.235911E-15
6587.14032951704  1.174077E-14
6587.19979835646  1.053306E-14
6587.25924644139  8.770159E-15
6587.31867377547  8.110790E-15
6587.37808036237  7.376181E-15
6587.43746620576  8.440932E-15
6587.4968313093  8.732883E-15
6587.55617567665  5.970741E-15
6587.61549931149  9.688987E-15
6587.67480221749  9.184270E-15
6587.7340843983  8.413718E-15
6587.79334585761  8.678886E-15
6587.85258659908  8.131061E-15
6587.91180662639  7.168119E-15
6587.97100594319  8.930666E-15
6588.03018455316  8.615065E-15
6588.08934245997  7.695842E-15
6588.14847966728  8.248193E-15
6588.20759617874  7.281968E-15
6588.26669199803  8.649659E-15
6588.32576712879  1.059067E-14
6588.38482157469  9.426764E-15
6588.44385533937  9.328642E-15
6588.50286842648  1.182695E-14
6588.56186083966  9.172040E-15
6588.62083258256  1.132252E-14
6588.6797836588  8.397257E-15
6588.73871407202  7.810512E-15
6588.79762382584  1.147776E-14
6588.85651292388  1.168538E-14
6588.91538136974  5.129333E-15
6588.97422916704  7.958815E-15
6589.03305631937  8.165296E-15
6589.09186283031  8.483463E-15
6589.15064870347  7.683061E-15
6589.20941394241  6.242008E-15
6589.2681585507  6.988898E-15
6589.32688253189  7.107441E-15
6589.38558588954  4.691486E-15
6589.44426862719  6.927761E-15
6589.50293074836  7.779776E-15
6589.56157225657  8.362836E-15
6589.62019315535  9.055051E-15
6589.67879344817  8.115973E-15
6589.73737313853  5.958427E-15
6589.79593222991  7.149474E-15
6589.85447072577  6.438045E-15
6589.91298862955  8.627563E-15
6589.97148594469  1.147348E-14
6590.02996267463  7.343418E-15
6590.08841882276  7.514148E-15
6590.14685439249  5.695536E-15
6590.2052693872  8.122542E-15
6590.26366381024  8.187514E-15
6590.32203766498  4.868788E-15
6590.38039095475  7.403432E-15
6590.43872368287  8.555985E-15
6590.49703585263  8.294834E-15
6590.55532746733  9.888222E-15
6590.61359853023  7.091695E-15
6590.67184904459  7.782136E-15
6590.73007901362  7.104194E-15
6590.78828844056  7.408333E-15
6590.84647732858  5.263514E-15
6590.90464568086  8.160984E-15
6590.96279350056  7.572644E-15
6591.02092079081  8.980844E-15
6591.07902755472  7.156384E-15
6591.13711379538  7.727687E-15
6591.19517951586  8.566615E-15
6591.25322471921  5.654762E-15
6591.31124940844  7.758916E-15
6591.36925358657  7.953904E-15
6591.42723725657  8.771262E-15
6591.48520042138  8.745749E-15
6591.54314308393  6.677721E-15
6591.60106524714  1.024999E-14
6591.65896691388  8.381892E-15
6591.71684808699  5.196495E-15
6591.7747087693  8.020758E-15
6591.8325489636  8.291365E-15
6591.89036867268  9.231768E-15
6591.94816789927  6.582748E-15
6592.00594664608  7.356374E-15
6592.0637049158  8.131404E-15
6592.12144271108  7.724364E-15
6592.17916003456  6.783989E-15
6592.23685688881  8.644801E-15
6592.29453327641  8.501181E-15
6592.35218919989  9.088974E-15
6592.40982466175  6.477048E-15
6592.46743966446  6.835496E-15
6592.52503421045  4.965709E-15
6592.58260830213  1.070229E-13
6592.64016194185  5.855286E-15
6592.69769513197  6.030978E-15
6592.75520787477  6.705801E-15
6592.81270017251  9.362944E-15
6592.87017202742  5.902251E-15
6592.9276234417  6.193834E-15
6592.9850544175  7.441437E-15
6593.04246495693  8.404001E-15
6593.09985506206  4.966928E-15
6593.15722473495  1.135182E-14
6593.21457397758  1.057836E-14
6593.27190279192  6.181821E-15
6593.32921117988  9.255625E-15
6593.38649914335  8.634226E-15
6593.44376668416  1.069321E-14
6593.50101380411  5.669914E-15
6593.55824050494  6.677734E-15
6593.61544678838  8.192837E-15
6593.67263265607  8.178985E-15
6593.72979810965  7.028795E-15
6593.7869431507  8.081014E-15
6593.84406778073  7.960574E-15
6593.90117200125  1.006963E-14
6593.95825581368  9.352370E-15
6594.01531921943  1.228423E-14
6594.07236221983  1.186421E-14
6594.12938481618  6.513891E-15
6594.18638700972  2.242692E-15
6594.24336880167  3.296368E-15
6594.30033019315  4.707843E-15
6594.35727118528  7.622860E-14
6594.41419177909  3.652503E-15
6594.47109197559  4.976651E-15
6594.52797177571  9.311348E-15
6594.58483118034  1.145464E-14
6594.64167019032  1.050599E-14
6594.69848880643  9.974351E-15
6594.75528702939  7.922617E-15
6594.81206485988  5.493525E-15
6594.86882229851  4.748733E-15
6594.92555934584  7.784382E-15
6594.98227600237  8.167850E-15
6595.03897226855  5.261652E-15
6595.09564814475  4.972028E-15
6595.15230363131  7.194379E-15
6595.20893872849  -5.680524E-15
6595.26555343649  5.352606E-15
6595.32214775546  6.746027E-15
6595.37872168548  1.248053E-14
6595.43527522657  8.697433E-15
6595.49180837869  7.819412E-15
6595.54832114173  7.454500E-15
6595.60481351552  9.388523E-15
6595.66128549982  8.251866E-15
6595.71773709434  8.247052E-15
6595.77416829869  6.270503E-15
6595.83057911246  6.464064E-15
6595.88696953513  9.858144E-15
6595.94333956614  7.126655E-15
6595.99968920484  8.105925E-15
6596.05601845053  7.273418E-15
6596.11232730242  4.556665E-15
6596.16861575967  6.116870E-15
6596.22488382134  6.476123E-15
6596.28113148646  9.335612E-15
6596.33735875394  8.614842E-15
6596.39356562265  8.739996E-15
6596.44975209137  5.124408E-15
6596.5059181588  8.726521E-15
6596.56206382359  1.008512E-14
6596.61818908428  7.978061E-15
6596.67429393935  1.011219E-14
6596.73037838721  1.231409E-14
6596.78644242617  7.929314E-15
6596.84248605449  1.034316E-14
6596.89850927031  7.545228E-15
6596.95451207173  7.835090E-15
6597.01049445673  9.696075E-15
6597.06645642325  6.731206E-15
6597.1223979691  8.333447E-15
6597.17831909205  5.405101E-15
6597.23421978976  9.775667E-15
6597.29010005981  6.699227E-15
6597.34595989969  7.838604E-15
6597.40179930681  1.023654E-14
6597.45761827849  8.655837E-15
6597.51341681196  7.599498E-15
6597.56919490436  7.159794E-15
6597.62495255276  1.070674E-14
6597.6806897541  9.104320E-15
6597.73640650526  9.310534E-15
6597.79210280303  7.528848E-15
6597.84777864408  7.575161E-15
6597.903434025  8.275169E-15
6597.9590689423  8.506173E-15
6598.01468339238  5.237380E-15
6598.07027737154  7.912734E-15
6598.12585087599  1.032034E-14
6598.18140390185  8.321509E-15
6598.23693644513  9.513548E-15
6598.29244850175  1.094630E-14
6598.34794006751  8.066148E-15
6598.40341113814  5.806196E-15
6598.45886170924  7.569042E-15
6598.51429177632  8.588748E-15
6598.5697013348  9.029255E-15
6598.62509037997  6.913953E-15
6598.68045890703  6.646597E-15
6598.73580691108  4.855887E-15
6598.79113438709  6.540474E-15
6598.84644132996  6.868161E-15
6598.90172773444  7.570493E-15
6598.95699359521  1.095600E-14
6599.0122389068  6.329870E-15
6599.06746366367  6.799410E-15
6599.12266786014  9.918881E-15
6599.17785149042  7.096057E-15
6599.23301454863  6.023071E-15
6599.28815702876  8.939983E-15
6599.34327892466  6.405495E-15
6599.39838023012  8.629920E-15
6599.45346093877  8.525782E-15
6599.50852104413  5.973669E-15
6599.56356053961  7.749466E-15
6599.6185794185  9.672246E-15
6599.67357767396  3.699938E-15
6599.72855529905  5.070000E-15
6599.78351228669  9.587488E-15
6599.83844862968  7.517248E-15
6599.89336432069  6.641501E-15
6599.94825935229  5.318426E-15
6600.0031337169  6.949660E-15
6600.05798740682  7.985377E-15
6600.11282041423  6.812944E-15
6600.16763273117  9.754169E-15
6600.22242434957  1.079771E-14
6600.2771952612  9.238488E-15
6600.33194545774  5.613459E-15
6600.38667493069  1.133330E-14
6600.44138367147  6.954521E-15
6600.49607167132  9.659989E-15
6600.55073892137  9.270793E-15
6600.60538541261  9.283050E-15
6600.66001113589  7.669124E-15
6600.71461608193  9.391166E-15
6600.76920024131  8.798612E-15
6600.82376360446  8.616842E-15
6600.87830616168  7.709276E-15
6600.93282790314  1.058800E-14
6600.98732881884  1.188631E-14
6601.04180889865  8.757729E-15
6601.09626813231  7.904020E-15
6601.15070650939  1.195197E-14
6601.20512401934  7.331133E-15
6601.25952065145  8.552421E-15
6601.31389639485  8.705749E-15
6601.36825123855  7.489464E-15
6601.42258517139  8.611587E-15
6601.47689818205  7.805961E-15
6601.53119025909  6.247670E-15
6601.58546139088  8.123768E-15
6601.63971156567  9.476281E-15
6601.69394077155  9.178099E-15
6601.74814899642  1.130618E-14
6601.80233622806  1.060462E-14
6601.85650245408  7.558206E-15
6601.91064766193  8.004820E-15
6601.96477183891  7.924572E-15
6602.01887497215  1.328177E-14
6602.07295704861  8.578522E-15
6602.1270180551  9.416381E-15
6602.18105797827  7.291238E-15
6602.23507680459  8.672252E-15
6602.28907452038  5.646006E-15
6602.34305111178  7.178587E-15
6602.39700656477  7.726718E-15
6602.45094086516  8.856091E-15
6602.50485399858  8.471404E-15
6602.55874595051  6.648186E-15
6602.61261670624  1.137254E-14
6602.66646625088  1.006939E-14
6602.7202945694  1.054978E-14
6602.77410164656  9.744435E-15
6602.82788746696  3.876915E-15
6602.88165201501  1.029808E-14
6602.93539527496  1.204184E-14
6602.98911723087  6.459016E-15
6603.04281786662  8.727220E-15
6603.0964971659  1.154875E-14
6603.15015511224  7.387126E-15
6603.20379168896  6.358813E-15
6603.25740687921  1.202162E-14
6603.31100066595  8.776402E-15
6603.36457303195  4.762505E-15
6603.4181239598  6.614808E-15
6603.4716534319  7.877260E-15
6603.52516143044  7.572815E-15
6603.57864793745  6.028415E-15
6603.63211293474  7.273724E-15
6603.68555640393  1.163731E-14
6603.73897832647  7.238451E-15
6603.79237868358  9.815386E-15
6603.84575745631  7.271901E-15
6603.8991146255  6.523294E-15
6603.95245017177  5.128004E-15
6604.00576407558  1.057082E-14
6604.05905631716  8.266987E-15
6604.11232687654  8.291445E-15
6604.16557573356  9.728327E-15
6604.21880286784  7.866123E-15
6604.2720082588  8.534873E-15
6604.32519188565  1.038116E-14
6604.3783537274  1.062539E-14
6604.43149376282  6.489977E-15
6604.48461197052  7.661555E-15
6604.53770832884  1.114368E-14
6604.59078281596  1.086704E-14
6604.64383540981  1.166577E-14
6604.69686608811  9.910578E-15
6604.74987482837  8.246637E-15
6604.80286160789  1.210158E-14
6604.85582640373  9.640126E-15
6604.90876919273  6.796752E-15
6604.96168995154  4.911653E-15
6605.01458865654  7.338176E-15
6605.06746528393  7.463243E-15
6605.12031980965  1.039322E-14
6605.17315220943  1.132417E-14
6605.22596245878  1.098623E-14
6605.27875053296  8.909903E-15
6605.33151640702  7.326643E-15
6605.38426005575  7.889304E-15
6605.43698145373  6.159727E-15
6605.48968057532  8.430267E-15
6605.54235739461  8.412530E-15
6605.59501188546  7.457026E-15
6605.64764402153  6.109481E-15
6605.70025377618  6.659240E-15
6605.75284112258  5.724575E-15
6605.80540603363  9.198907E-15
6605.85794848201  7.859611E-15
6605.91046844013  9.010920E-15
6605.96296588017  1.022319E-14
6606.01544077406  8.363270E-15
6606.06789309349  7.843192E-15
6606.12032280988  6.594642E-15
6606.17272989441  7.865019E-15
6606.22511431803  5.504156E-15
6606.27747605139  1.025900E-14
6606.32981506494  9.665759E-15
6606.38213132882  1.002903E-14
6606.43442481296  1.131567E-14
6606.486695487  4.593922E-15
6606.53894332033  1.179495E-14
6606.59116828207  7.897788E-15
6606.64337034111  4.189682E-15
6606.69554946604  6.340757E-15
6606.7477056252  9.541802E-15
6606.79983878666  5.856308E-15
6606.85194891822  8.595498E-15
6606.90403598742  5.284841E-15
6606.95609996152  9.284936E-15
6607.00814080752  9.033694E-15
6607.06015849213  6.563110E-15
6607.1121529818  1.164712E-14
6607.16412424269  5.899839E-15
6607.21607224071  8.975216E-15
6607.26799694145  1.089135E-14
6607.31989831025  7.572410E-15
6607.37177631216  7.540845E-15
6607.42363091195  7.822481E-15
6607.47546207411  4.950230E-15
6607.52726976282  7.664755E-15
6607.57905394201  6.178351E-15
6607.63081457529  5.878008E-15
6607.682551626  7.429401E-15
6607.73426505718  1.060454E-14
6607.78595483157  9.671110E-15
6607.83762091164  6.516313E-15
6607.88926325955  7.597680E-15
6607.94088183714  8.476265E-15
6607.992476606  1.175394E-14
6608.04404752737  9.013637E-15
6608.09559456223  7.947968E-15
6608.14711767124  8.285545E-15
6608.19861681476  9.329707E-15
6608.25009195283  1.150771E-14
6608.30154304519  9.706256E-15
6608.35297005129  4.806536E-15
6608.40437293026  9.814513E-15
6608.45575164089  6.404168E-15
6608.5071061417  9.392624E-15
6608.55843639088  6.485175E-15
6608.60974234629  6.950062E-15
6608.66102396549  9.325862E-15
6608.71228120571  9.471506E-15
6608.76351402388  4.674278E-15
6608.81472237658  7.637539E-15
6608.86590622009  6.997920E-15
6608.91706551035  1.090889E-14
6608.96820020298  6.552219E-15
6609.01931025327  2.210564E-15
6609.07039561619  6.109117E-15
6609.12145624637  9.371355E-15
6609.17249209811  1.207172E-14
6609.22350312538  6.215381E-15
6609.2744892818  5.449007E-15
6609.32545052068  9.168831E-15
6609.37638679496  8.804714E-15
6609.42729805727  8.862740E-15
6609.47818425987  2.269442E-15
6609.52904535471  5.518443E-15
6609.57988129336  8.821714E-15
6609.63069202707  6.713276E-15
6609.68147750674  7.596917E-15
6609.7322376829  3.478095E-15
6609.78297250576  1.196783E-14
6609.83368192514  8.274713E-15
6609.88436589055  6.712056E-15
6609.93502435111  5.558376E-15
6609.9856572556  7.491766E-15
6610.03626455243  5.723043E-15
6610.08684618966  8.832135E-15
6610.13740211499  8.128372E-15
6610.18793227574  8.220697E-15
6610.23843661889  3.805210E-15
6610.28891509103  7.106674E-15
6610.33936763839  3.808878E-15
6610.38979420683  5.068664E-15
6610.44019474185  9.801435E-15
6610.49056918856  8.423229E-15
6610.54091749171  7.448215E-15
6610.59123959565  4.910139E-15
6610.64153544438  9.540830E-15
6610.6918049815  1.461363E-14
6610.74204815025  6.629354E-15
6610.79226489347  5.579218E-15
6610.84245515361  9.173241E-15
6610.89261887275  7.023838E-15
6610.94275599257  8.200149E-15
6610.99286645437  3.768197E-15
6611.04295019906  1.147691E-14
6611.09300716715  1.336222E-14
6611.14303729875  1.179495E-14
6611.19304053358  3.840624E-15
6611.24301681097  9.728943E-15
6611.29296606984  -3.634458E-15
6611.34288824872  -6.708625E-16
6611.39278328572  7.891348E-15
6611.44265111855  1.019001E-14
6611.49249168453  1.109595E-14
6611.54230492056  1.293962E-14
6611.59209076311  7.957980E-15
6611.64184914829  8.078325E-15
6611.69158001173  8.694850E-15
6611.74128328871  1.055702E-14
6611.79095891405  1.080533E-14
6611.84060682217  4.798460E-15
6611.89022694705  8.552851E-15
6611.93981922228  5.989022E-15
6611.989383581  4.154683E-15
6612.03891995594  4.881288E-15
6612.08842827939  4.769660E-15
6612.13790848321  7.719221E-15
6612.18736049886  8.266191E-15
6612.23678425732  1.124472E-14
6612.28617968918  1.028038E-14
6612.33554672455  8.556607E-15
6612.38488529315  1.150159E-14
6612.43419532422  1.163975E-14
6612.48347674657  5.753487E-15
6612.53272948859  7.108037E-15
6612.5819534782  1.098334E-14
6612.63114864286  9.189468E-15
6612.68031490963  9.637737E-15
6612.72945220508  1.065118E-14
6612.77856045533  5.704910E-15
6612.82763958606  1.053783E-14
6612.87668952248  7.433654E-15
6612.92571018936  6.761944E-15
6612.974701511  2.415101E-15
6613.02366341124  5.503844E-15
6613.07259581345  1.183578E-14
6613.12149864054  6.826723E-15
6613.17037181496  6.168411E-15
6613.21921525868  5.327923E-15
6613.26802889321  1.108940E-14
6613.31681263958  2.369054E-15
6613.36556641834  1.008140E-14
6613.41429014957  7.111040E-15
6613.46298375288  9.119412E-15
6613.51164714739  9.875717E-15
6613.56028025175  1.007807E-14
6613.60888298409  3.620371E-15
6613.65745526211  1.048467E-14
6613.70599700298  1.306736E-14
6613.75450812339  1.445696E-14
6613.80298853955  2.476854E-15
6613.85143816717  5.639977E-15
6613.89985692145  9.822046E-15
6613.94824471713  1.156080E-14
6613.9966014684  7.064427E-15
6614.04492708899  1.431352E-14
6614.09322149211  8.048189E-15
6614.14148459047  8.983914E-15
6614.18971629627  8.074759E-15
6614.2379165212  2.338893E-15
6614.28608517645  8.955188E-15
6614.33422217267  4.109517E-15
6614.38232742003  1.253614E-14
6614.43040082817  1.544371E-14
6614.47844230619  9.270064E-15
6614.5264517627  1.241354E-14
6614.57442910578  3.432452E-15
6614.62237424296  1.872655E-15
6614.67028708128  5.118498E-15
6614.71816752724  9.033311E-15
6614.76601548679  1.118740E-14
6614.81383086537  7.039993E-15
6614.86161356787  9.976234E-15
6614.90936349866  4.817206E-15
6614.95708056156  1.321307E-14
6615.00476465984  1.224239E-14
6615.05241569625  9.943249E-15
6615.10003357298  2.062402E-15
6615.14761819167  6.834874E-16
6615.19516945343  3.524467E-15
6615.2426872588  1.233933E-14
6615.29017150778  1.218847E-14
6615.3376220998  8.104054E-15
6615.38503893375  9.597595E-15
6615.43242190795  1.010755E-14
6615.47977092016  4.185909E-15
6615.52708586757  9.385862E-15
6615.57436664684  8.332326E-15
6615.62161315401  8.797587E-15
6615.66882528458  6.118291E-15
6615.71600293349  7.484145E-15
6615.76314599507  6.933832E-15
6615.81025436312  6.864607E-15
6615.85732793081  6.785339E-15
6615.90436659078  6.461609E-15
6615.95137023505  8.023476E-15
6615.99833875508  1.210650E-14
6616.04527204173  6.442178E-15
6616.09216998527  1.054717E-14
6616.1390324754  1.055077E-14
6616.18585940121  8.240302E-15
6616.23265065118  1.379939E-14
6616.27940611323  1.542269E-14
6616.32612567466  9.498661E-15
6616.37280922216  1.050559E-14
6616.41945664183  1.393588E-14
6616.46606781916  8.854093E-15
6616.51264263904  7.965376E-15
6616.55918098574  3.364892E-15
6616.60568274292  8.049510E-16
6616.65214779362  4.839674E-15
6616.69857602028  4.811639E-15
6616.7449673047  1.340171E-14
6616.79132152809  1.076481E-14
6616.83763857099  1.386208E-14
6616.88391831336  2.228998E-14
6616.9301606345  8.768631E-15
6616.97636541311  5.281538E-15
6617.02253252723  1.275384E-14
6617.06866185428  1.387640E-14
6617.11475327105  1.406263E-14
6617.16080665367  1.208766E-14
6617.20682187764  1.083569E-15
6617.25279881783  1.615316E-14
6617.29873734845  1.399060E-14
6617.34463734305  9.235768E-15
6617.39049867456  8.047251E-15
6617.43632121523  1.003243E-14
6617.48210483669  1.303564E-14
6617.52784940987  3.998824E-15
6617.57355480507  6.013927E-15
6617.61922089192  1.345059E-14
6617.66484753938  1.367108E-14
6617.71043461576  3.009666E-15
6617.7559819887  1.189276E-14
6617.80148952514  1.169775E-14
6617.84695709138  5.997682E-15
6617.89238455304  2.307963E-15
6617.93777177505  1.448409E-14
6617.98311862166  1.340960E-15
6618.02842495646  1.118329E-14
6618.07369064233  5.046194E-15
6618.11891554147  1.390903E-14
6618.1640995154  1.478747E-15
6618.20924242494  2.453339E-15
6618.25434413022  1.369590E-14
6618.29940449067  3.274683E-15
6618.34442336502  8.347095E-15
6618.38940061131  4.958184E-15
6618.43433608686  5.564409E-15
6618.4792296483  9.043213E-15
6618.52408115155  3.609938E-15
6618.5688904518  3.826177E-15
6618.61365740356  1.859538E-15
6618.65838186058  1.777850E-15
6618.70306367594  5.733388E-15
6618.74770270198  1.458068E-14
6618.79229879031  1.589519E-14
6618.83685179181  9.779415E-15
6618.88136155667  1.177696E-14
6618.9258279343  3.331997E-15
6618.97025077341  5.101503E-15
6619.01462992196  8.160719E-15
6619.05896522719  1.180765E-14
6619.10325653559  5.929267E-15
6619.14750369291  6.986185E-15
6619.19170654415  4.085225E-16
6619.23586493356  5.039269E-15
6619.27997870466  1.016992E-15
6619.32404770019  1.049792E-14
6619.36807176217  8.370517E-15
6619.41205073184  2.627518E-15
6619.45598444967  1.193876E-14
6619.4998727554  1.284700E-14
6619.54371548799  1.003978E-14
6619.58751248562  1.125814E-14
6619.63126358572  -1.748550E-15
6619.67496862494  1.459577E-15
6619.71862743916  -5.360577E-15
6619.76223986348  5.812793E-15
6619.80580573222  2.158800E-14
6619.84932487891  1.673035E-14
6619.89279713631  5.387949E-15
6619.9362223364  1.413792E-14
6619.97960031034  9.453857E-15
6620.02293088852  3.058322E-15
6620.06621390054  2.041909E-15
6620.10944917518  5.149002E-15
6620.15263654045  -1.738416E-16
6620.19577582353  7.985796E-15
6620.23886685081  1.648218E-15
6620.28190944786  1.463378E-14
6620.32490343947  4.230831E-15
6620.36784864958  4.519888E-13
6620.41074490134  1.055181E-12
6620.45359201706  0.
6620.49638981826  1.730482E-15
6620.5391381256  2.256701E-15
6620.58183675895  5.505434E-14
6620.62448553734  1.800616E-14
6620.66708427894  1.697415E-14
6620.70963280114  1.248458E-14
6620.75213092044  2.994621E-15
6620.79457845254  8.252495E-15
6620.83697521228  2.726885E-15
6620.87932101366  1.109782E-14
6620.92161566983  1.768378E-14
6620.9638589931  6.446670E-15
6621.00605079492  -3.352644E-15
6621.04819088588  2.162430E-14
6621.09027907572  8.218065E-16
6621.13231517333  9.616270E-15
6621.17429898671  -4.603672E-15
6621.21623032302  1.401314E-14
6621.25810898854  8.081637E-15
6621.29993478868  5.434395E-15
6621.34170752797  4.200626E-15
6621.38342701008  1.502428E-14
6621.42509303779  1.083809E-14
6621.46670541299  1.286250E-14
6621.50826393671  1.042575E-15
6621.54976840906  6.892699E-15
6621.59121862929  1.422119E-14
6621.63261439574  2.309794E-14
6621.67395550585  1.442847E-14
6621.71524175619  1.385963E-14
6621.75647294239  5.108136E-15
6621.7976488592  9.174977E-15
6621.83876930047  1.228851E-14
6621.87983405911  -1.962281E-17
6621.92084292714  1.516945E-14
6621.96179569568  1.039237E-14
6622.00269215489  9.514759E-15
6622.04353209405  9.587737E-15
6622.08431530148  -1.243133E-15
6622.12504156461  2.004000E-14
6622.16571066993  3.255545E-16
6622.20632240297  8.057375E-15
6622.24687654836  1.505666E-15
6622.28737288978  9.282792E-15
6622.32781120997  3.880606E-15
6622.36819129072  9.105473E-15
6622.40851291289  -1.422137E-15
6622.44877585637  4.864963E-15
6622.48897990011  9.875212E-16
6622.52912482211  -1.935282E-16
6622.56921039941  3.288322E-15
6622.60923640808  -1.806829E-15
6622.64920262323  6.034794E-15
6622.68910881902  1.494598E-14
6622.72895476861  7.701629E-15
6622.76874024422  3.802427E-15
6622.80846501707  -1.088428E-15
6622.84812885742  1.802420E-15
6622.88773153455  -1.490057E-15
6622.92727281673  1.347560E-14
6622.96675247128  2.307758E-14
6623.0061702645  1.140397E-14
6623.04552596171  1.251513E-14
6623.08481932725  -8.081405E-16
6623.12405012443  6.011031E-16
6623.16321811558  3.546541E-14
6623.20232306203  1.168845E-14
6623.24136472408  1.936036E-14
6623.28034286104  5.927903E-15
6623.31925723121  1.186555E-14
6623.35810759185  1.777515E-14
6623.39689369921  6.591309E-15
6623.43561530855  4.866371E-15
6623.47427217405  8.695061E-15
6623.51286404891  7.808955E-15
6623.55139068527  1.673506E-14
6623.58985183425  2.803315E-14
6623.62824724591  1.138011E-14
6623.66657666932  3.528966E-14
6623.70483985245  7.300647E-15
6623.74303654225  1.217930E-14
6623.78116648462  1.042920E-14
6623.81922942443  4.190337E-15
6623.85722510544  1.598064E-14
6623.89515327039  1.735856E-15
6623.93301366097  7.443968E-15
6623.97080601777  4.728947E-15
6624.00853008033  8.023747E-15
6624.04618558713  1.414687E-14
6624.08377227556  9.495211E-15
6624.12128988193  2.026228E-16
6624.15873814149  1.444157E-14
6624.1961167884  -1.105198E-14
6624.23342555571  6.548989E-15
6624.27066417541  1.560641E-14
6624.30783237839  2.703632E-14
6624.34492989445  5.254444E-15
6624.38195645227  6.814765E-15
6624.41891177945  1.830826E-14
6624.45579560247  1.215607E-15
6624.49260764671  -8.234727E-16
6624.52934763645  1.258371E-14
6624.56601529483  8.933323E-15
6624.60261034389  4.439979E-15
6624.63913250455  1.283349E-15
6624.6755814966  1.452852E-14
6624.7119570387  7.415086E-15
6624.74825884839  1.720099E-14
6624.78448664207  1.846206E-14
6624.82064013501  1.146715E-14
6624.85671904132  2.649205E-14
6624.89272307399  2.468846E-14
6624.92865194486  6.058486E-15
6624.96450536461  5.173709E-15
6625.00028304278  5.469377E-15
6625.03598468774  2.888773E-15
6625.07161000672  7.189053E-15
6625.10715870577  8.865092E-15
6625.14263048977  1.462354E-14
6625.17802506246  8.693120E-15
6625.21334212638  1.122751E-14
6625.24858138292  9.586756E-16
6625.28374253225  2.817013E-15
6625.3188252734  -3.647422E-15
6625.3538293042  -3.071815E-15
6625.38875432129  4.971916E-15
6625.42360002011  9.289459E-15
6625.45836609492  1.437403E-14
6625.49305223879  -1.767373E-15
6625.52765814355  8.636195E-15
6625.56218349986  1.728225E-14
6625.59662799715  6.478142E-15
