2e6498.09228515622  5.923633E-15
6498.15666618764  1.734658E-15
6498.22104721906  2.287970E-14
6498.28542825048  2.589697E-14
6498.34980928191  2.678998E-15
6498.41419031333  2.966660E-14
6498.47857134475  2.219703E-14
6498.54295237617  2.636209E-15
6498.60733340759  1.757073E-14
6498.67171443902  3.086196E-14
6498.73609547044  2.297550E-14
6498.80047650186  2.164189E-14
6498.86485753328  3.052740E-14
6498.9292385647  1.341779E-14
6498.99361959613  8.519337E-15
6499.05800062755  7.411654E-15
6499.12238165897  5.701426E-15
6499.18676269039  2.174908E-14
6499.25114372181  2.145529E-14
6499.31552475324  1.431617E-14
6499.37990578466  7.757426E-15
6499.44428681608  -5.778929E-15
6499.5086678475  -1.019202E-16
6499.57304887892  1.065812E-14
6499.63742991035  1.992895E-14
6499.70181094177  3.299020E-14
6499.76619197319  2.486384E-14
6499.83057300461  5.138306E-15
6499.89495403603  5.898461E-15
6499.95933506746  3.004458E-14
6500.02371609888  2.035048E-14
6500.0880971303  7.024446E-15
6500.15247816172  1.210799E-14
6500.21685919315  2.193563E-14
6500.28124022457  2.114927E-14
6500.34562125599  9.119964E-15
6500.41000228741  2.993633E-15
6500.47438331883  1.254752E-14
6500.53876435026  2.196529E-14
6500.60314538168  2.327338E-14
6500.6675264131  1.667477E-14
6500.73190744452  7.274049E-15
6500.79628847594  2.120243E-15
6500.86066950737  1.096214E-14
6500.92505053879  1.861366E-14
6500.98943157021  1.711329E-14
6501.05381260163  1.655098E-14
6501.11819363305  -1.820540E-16
6501.18257466448  6.352063E-15
6501.2469556959  2.734775E-14
6501.31133672732  1.073503E-14
6501.37571775874  9.242368E-15
6501.44009879016  1.093569E-14
6501.50447982159  6.814890E-15
6501.56886085301  1.006448E-14
6501.63324188443  9.727511E-15
6501.69762291585  1.021934E-14
6501.76200394728  9.384862E-15
6501.8263849787  2.224325E-15
6501.89076601012  -3.171360E-15
6501.95514704154  -2.175552E-15
6502.01952807296  5.012317E-15
6502.08390910438  1.369282E-14
6502.14829013581  1.654887E-14
6502.21267116723  6.379551E-15
6502.27705219865  9.626426E-15
6502.34143323007  2.275955E-14
6502.4058142615  4.798430E-15
6502.47019529292  -1.502012E-17
6502.53457632434  5.074749E-15
6502.59895735576  8.411643E-15
6502.66333838718  1.380066E-14
6502.7277194186  4.236495E-15
6502.79210045003  6.334074E-15
6502.85648148145  1.737833E-14
6502.92086251287  1.320456E-14
6502.98524354429  1.207744E-14
6503.04962457571  3.952134E-15
6503.11400560714  -5.104556E-15
6503.17838663856  -3.726394E-17
6503.24276766998  1.245641E-14
6503.30714870141  1.142337E-14
6503.37152973282  9.611103E-16
6503.43591076425  -2.868295E-15
6503.50029179567  2.704150E-15
6503.56467282709  6.270291E-15
6503.62905385851  1.225786E-14
6503.69343488994  1.473150E-14
6503.75781592136  4.088077E-15
6503.82219695278  1.112925E-14
6503.8865779842  1.709825E-14
6503.95095901562  1.417384E-14
6504.01534004705  1.273590E-14
6504.07972107847  5.316656E-15
6504.14410210989  1.320374E-14
6504.20848314131  2.119626E-14
6504.27286417273  1.099602E-14
6504.33724520416  5.393970E-15
6504.40162623558  6.541347E-15
6504.466007267  5.921458E-15
6504.53038829842  4.314577E-15
6504.59476932985  1.171542E-14
6504.65915036127  1.936872E-14
6504.72353139269  1.272036E-14
6504.78791242411  1.895547E-15
6504.85229345553  5.717367E-15
6504.91667448696  9.115463E-15
6504.98105551838  3.964909E-15
6505.0454365498  2.735589E-15
6505.10981758122  8.665999E-15
6505.17419861264  -8.878534E-16
6505.23857964406  -5.156147E-15
6505.30296067549  3.448551E-15
6505.36734170691  1.014147E-14
6505.43172273833  3.675817E-15
6505.49610376975  8.684458E-15
6505.56048480117  9.621109E-15
6505.6248658326  3.403516E-15
6505.68924686402  6.576147E-15
6505.75362789544  9.585747E-15
6505.81800892686  1.024905E-14
6505.88238995829  8.232201E-15
6505.94677098971  6.168190E-15
6506.01115202113  9.603226E-15
6506.07553305255  1.269645E-14
6506.13991408397  1.453992E-14
6506.2042951154  9.998554E-15
6506.26867614682  -3.521974E-15
6506.33305717824  6.824632E-16
6506.39743820966  1.055536E-14
6506.46181924108  1.219074E-14
6506.52620027251  8.101094E-15
6506.59058130393  4.413058E-15
6506.65496233535  9.821405E-15
6506.71934336677  1.350869E-14
6506.78372439819  8.286267E-15
6506.84810542962  8.825750E-15
6506.91248646104  2.053796E-14
6506.97686749246  1.797152E-14
6507.04124852388  2.617813E-15
6507.1056295553  2.468245E-15
6507.17001058673  7.772414E-15
6507.23439161815  7.966927E-15
6507.29877264957  8.809082E-15
6507.36315368099  1.334008E-14
6507.42753471241  8.883381E-15
6507.49191574384  1.158055E-14
6507.55629677526  1.178927E-14
6507.62067780668  3.138586E-15
6507.6850588381  -1.931243E-15
6507.74943986952  -5.122788E-15
6507.81382090095  5.065984E-15
6507.87820193237  1.517656E-14
6507.94258296379  9.442612E-15
6508.00696399521  7.627870E-15
6508.07134502663  7.538872E-15
6508.13572605806  9.638379E-15
6508.20010708948  9.512892E-15
6508.2644881209  2.444835E-15
6508.32886915232  1.143461E-14
6508.39325018374  1.593896E-14
6508.45763121517  8.256072E-15
6508.52201224659  4.299410E-15
6508.58639327801  8.623619E-15
6508.65077430943  1.925561E-14
6508.71515534085  1.625756E-14
6508.77953637228  1.575169E-15
6508.8439174037  3.536255E-15
6508.90829843512  1.115482E-14
6508.97267946654  9.828806E-15
6509.03706049797  7.349316E-15
6509.10144152939  1.208670E-14
6509.16582256081  5.472372E-15
6509.23020359223  3.276556E-16
6509.29458462365  4.983979E-16
6509.35896565508  1.988011E-15
6509.4233466865  4.418921E-15
6509.48772771792  6.684828E-15
6509.55210874934  8.631669E-15
6509.61648978077  1.190378E-14
6509.68087081219  1.415886E-14
6509.74525184361  8.298339E-15
6509.80963287503  4.947740E-15
6509.87401390645  2.701467E-15
6509.93839493787  -3.620858E-16
6510.0027759693  1.240151E-15
6510.06715700072  3.768026E-15
6510.13153803214  8.580975E-16
6510.19591906356  -5.469766E-16
6510.26030009498  6.479462E-15
6510.32468112641  1.224863E-14
6510.38906215783  1.289173E-14
6510.45344318925  6.581081E-15
6510.51782422067  1.547635E-15
6510.5822052521  5.202321E-15
6510.64658628352  3.279004E-15
6510.71096731494  2.902318E-16
6510.77534834636  1.937432E-15
6510.83972937778  6.225822E-15
6510.90411040921  8.237233E-15
6510.96849144063  9.336072E-15
6511.03287247205  5.607702E-15
6511.09725350347  2.107114E-16
6511.16163453489  2.648064E-15
6511.22601556632  1.301566E-14
6511.29039659774  1.591833E-14
6511.35477762916  1.013375E-14
6511.41915866058  6.719053E-15
6511.483539692  8.775136E-15
6511.54792072343  4.642410E-16
6511.61230175485  -4.978634E-15
6511.67668278627  2.938247E-15
6511.74106381769  1.506575E-14
6511.80544484911  1.512637E-14
6511.86982588054  4.836747E-15
6511.93420691196  4.180984E-15
6511.99858794338  6.682753E-16
6512.0629689748  9.183430E-15
6512.12735000623  1.150133E-13
6512.19173103765  7.809831E-14
6512.25611206907  -9.690655E-15
6512.32049310049  -1.772096E-15
6512.38487413191  4.608378E-15
6512.44925516333  4.508493E-15
6512.51363619476  6.076645E-15
6512.57801722618  1.072422E-14
6512.6423982576  1.218819E-14
6512.70677928902  6.857776E-15
6512.77116032044  4.327797E-15
6512.83554135187  2.447003E-15
6512.89992238329  5.535799E-16
6512.96430341471  1.697980E-15
6513.02868444613  1.932187E-15
6513.09306547755  5.310317E-15
6513.15744650898  8.019818E-15
6513.2218275404  7.243733E-15
6513.28620857182  7.682519E-15
6513.35058960324  1.051002E-14
6513.41497063467  5.397971E-15
6513.47935166609  -1.605476E-15
6513.54373269751  8.678192E-16
6513.60811372893  6.964244E-15
6513.67249476035  1.689993E-15
6513.73687579178  4.103421E-15
6513.8012568232  1.160698E-14
6513.86563785462  8.679841E-15
6513.93001888604  7.255423E-15
6513.99439991746  1.057786E-14
6514.05878094888  7.321123E-15
6514.12316198031  3.145852E-15
6514.18754301173  8.029971E-15
6514.25192404315  3.050327E-15
6514.31630507457  -1.370328E-15
6514.38068610599  5.547271E-16
6514.44506713742  5.044858E-15
6514.50944816884  8.430532E-15
6514.57382920026  1.181571E-14
6514.63821023168  1.359478E-14
6514.70259126311  1.112591E-14
6514.76697229453  7.596708E-15
6514.83135332595  9.436936E-15
6514.89573435737  1.204357E-14
6514.96011538879  7.618582E-15
6515.02449642022  2.255192E-15
6515.08887745164  2.484246E-15
6515.15325848306  2.670564E-15
6515.21763951448  4.686012E-15
6515.2820205459  7.034970E-15
6515.34640157733  5.942797E-15
6515.41078260875  3.817744E-15
6515.47516364017  7.945948E-15
6515.53954467159  8.971351E-15
6515.60392570301  7.380246E-15
6515.66830673444  2.897784E-15
6515.73268776586  -1.939742E-15
6515.79706879728  3.789713E-15
6515.8614498287  6.015847E-15
6515.92583086013  3.196128E-15
6515.99021189155  3.250080E-16
6516.05459292297  -3.375575E-16
6516.11897395439  2.546154E-15
6516.18335498581  7.201544E-15
6516.24773601723  8.078290E-15
6516.31211704866  6.463141E-15
6516.37649808008  7.648561E-15
6516.4408791115  7.973666E-15
6516.50526014292  5.492171E-15
6516.56964117434  3.565743E-15
6516.63402220577  4.287949E-15
6516.69840323719  4.823069E-15
6516.76278426861  2.842162E-15
6516.82716530003  4.175206E-15
6516.89154633146  5.010102E-15
6516.95592736288  3.429306E-15
6517.0203083943  4.163063E-15
6517.08468942572  5.266982E-15
6517.14907045714  8.939735E-15
6517.21345148856  1.126488E-14
6517.27783251999  7.939258E-15
6517.34221355141  3.120708E-15
6517.40659458283  5.523976E-15
6517.47097561425  6.906396E-15
6517.53535664568  8.485661E-15
6517.5997376771  1.038205E-14
6517.66411870852  7.530098E-15
6517.72849973994  6.779553E-15
6517.79288077137  1.730029E-15
6517.85726180279  2.734881E-15
6517.92164283421  8.112727E-15
6517.98602386563  3.549501E-15
6518.05040489705  5.458165E-15
6518.11478592847  1.013421E-14
6518.1791669599  7.858995E-15
6518.24354799132  1.161367E-15
6518.30792902274  1.494684E-15
6518.37231005416  8.154850E-15
6518.43669108559  6.655785E-15
6518.50107211701  4.927019E-15
6518.56545314843  6.824727E-15
6518.62983417985  3.593646E-15
6518.69421521127  2.587854E-15
6518.75859624269  4.701051E-15
6518.82297727412  7.906786E-15
6518.88735830554  7.992019E-15
6518.95173933696  3.256360E-15
6519.01612036838  3.223256E-16
6519.0805013998  6.144392E-15
6519.14488243123  -9.994857E-16
6519.20926346265  4.500113E-14
6519.27364449407  1.324918E-13
6519.33802552549  4.803857E-14
6519.40240655692  3.141390E-15
6519.46678758834  8.379245E-15
6519.53116861976  5.511626E-15
6519.59554965118  4.792002E-15
6519.6599306826  6.412654E-15
6519.72431171403  3.539897E-16
6519.78869274545  -8.359625E-16
6519.85307377687  3.642653E-15
6519.91745480829  3.982440E-15
6519.98183583971  3.562624E-15
6520.04621687114  5.815071E-15
6520.11059790256  8.070718E-15
6520.17497893398  4.997599E-15
6520.2393599654  1.568836E-15
6520.30374099682  6.302192E-15
6520.36812202825  3.681014E-15
6520.43250305967  6.588517E-16
6520.49688409109  1.199471E-15
6520.56126512251  2.724004E-15
6520.62564615393  3.831232E-15
6520.69002718536  2.147612E-15
6520.75440821678  -4.050825E-16
6520.8187892482  3.797710E-16
6520.88317027962  2.967128E-15
6520.94755131105  3.820901E-15
6521.01193234247  6.641868E-15
6521.07631337389  7.402959E-15
6521.14069440531  5.063469E-15
6521.20507543673  4.154630E-15
6521.26945646815  5.682038E-15
6521.33383749958  3.783114E-15
6521.398218531  3.498358E-15
6521.46259956242  2.354660E-15
6521.52698059384  2.171319E-15
6521.59136162527  6.226543E-15
6521.65574265669  9.630605E-15
6521.72012368811  7.376197E-15
6521.78450471953  5.344767E-15
6521.84888575095  5.026147E-15
6521.91326678237  5.219365E-15
6521.9776478138  5.071161E-15
6522.04202884522  3.318959E-16
6522.10640987664  9.519544E-16
6522.17079090806  5.726570E-15
6522.23517193949  6.392894E-15
6522.29955297091  4.187127E-15
6522.36393400233  7.846906E-15
6522.42831503375  5.152724E-15
6522.49269606517  3.962604E-15
6522.5570770966  5.966792E-15
6522.62145812802  4.595761E-15
6522.68583915944  2.304430E-15
6522.75022019086  2.977488E-15
6522.81460122228  3.932327E-15
6522.87898225371  6.632206E-15
6522.94336328513  9.468155E-15
6523.00774431655  7.469798E-15
6523.07212534797  5.228293E-15
6523.13650637939  3.626197E-15
6523.20088741081  2.480184E-15
6523.26526844224  1.886797E-15
6523.32964947366  2.762428E-15
6523.39403050508  5.608120E-15
6523.45841153651  7.002883E-15
6523.52279256793  4.491084E-15
6523.58717359935  3.278937E-15
6523.65155463077  5.598555E-15
6523.71593566219  6.591646E-15
6523.78031669361  6.943285E-15
6523.84469772504  3.449932E-15
6523.90907875646  3.852247E-15
6523.97345978788  6.576525E-15
6524.0378408193  4.434786E-15
6524.10222185072  4.433370E-15
6524.16660288215  6.003115E-15
6524.23098391357  4.529226E-15
6524.29536494499  3.059247E-15
6524.35974597641  5.645498E-15
6524.42412700784  7.778447E-15
6524.48850803926  4.186427E-15
6524.55288907068  3.387267E-15
6524.6172701021  4.066869E-15
6524.68165113352  5.352909E-15
6524.74603216495  7.755025E-15
6524.81041319637  4.970054E-15
6524.87479422779  1.203430E-15
6524.93917525921  3.158688E-15
6525.00355629063  6.381700E-15
6525.06793732205  5.486318E-15
6525.13231835348  4.265597E-15
6525.1966993849  5.903991E-15
6525.26108041632  5.613789E-15
6525.32546144774  3.326334E-15
6525.38984247916  2.722362E-15
6525.45422351059  4.371819E-15
6525.51860454201  4.326990E-15
6525.58298557343  1.365120E-15
6525.64736660485  2.053955E-15
6525.71174763628  3.587648E-15
6525.7761286677  5.443964E-15
6525.84050969912  7.630069E-15
6525.90489073054  9.197446E-16
6525.96927176196  3.405734E-15
6526.03365279339  6.003103E-15
6526.09803382481  7.401629E-15
6526.16241485623  1.104868E-14
6526.22679588765  1.027375E-14
6526.29117691907  9.356378E-15
6526.3555579505  1.142497E-14
6526.41993898192  1.539320E-14
6526.48432001334  1.692886E-14
6526.54870104476  1.479890E-14
6526.61308207619  1.351476E-14
6526.67746310761  1.466072E-14
6526.74184413903  1.386710E-14
6526.80622517045  1.182322E-14
6526.87060620187  1.031224E-14
6526.93498723329  9.471904E-15
6526.99936826472  1.000568E-14
6527.06374929614  7.478151E-15
6527.12813032756  6.122402E-15
6527.19251135898  5.867070E-15
6527.25689239041  5.753726E-15
6527.32127342183  6.694262E-15
6527.38565445325  5.139035E-15
6527.45003548467  5.524401E-15
6527.51441651609  6.796177E-15
6527.57879754751  6.958888E-15
6527.64317857894  6.437490E-15
6527.70755961036  5.836232E-15
6527.77194064178  4.902642E-15
6527.8363216732  5.194861E-15
6527.90070270463  5.859693E-15
6527.96508373605  3.606560E-15
6528.02946476747  1.442343E-15
6528.09384579889  4.497517E-15
6528.15822683031  3.083514E-15
6528.22260786174  1.982543E-15
6528.28698889316  2.257657E-15
6528.35136992458  3.791418E-15
6528.415750956  5.372889E-15
6528.48013198742  2.897767E-15
6528.54451301885  -1.579452E-17
6528.60889405027  2.614242E-15
6528.67327508169  3.596422E-15
6528.73765611311  2.692688E-15
6528.80203714453  4.752301E-15
6528.86641817596  5.309817E-15
6528.93079920738  6.266556E-15
6528.9951802388  2.464046E-15
6529.05956127022  1.493026E-15
6529.12394230164  3.918813E-15
6529.18832333307  4.500393E-15
6529.25270436449  7.119471E-15
6529.31708539591  5.799859E-15
6529.38146642733  4.813941E-15
6529.44584745875  4.653902E-15
6529.51022849018  4.211854E-15
6529.5746095216  5.743618E-15
6529.63899055302  9.062002E-15
6529.70337158444  6.826354E-15
6529.76775261587  4.259861E-15
6529.83213364729  4.763816E-15
6529.89651467871  4.055741E-15
6529.96089571013  2.384748E-15
6530.02527674155  5.925159E-15
6530.08965777297  6.279210E-15
6530.1540388044  4.647849E-15
6530.21841983582  3.719103E-15
6530.28280086724  2.479912E-15
6530.34718189866  2.392369E-15
6530.41156293009  6.031607E-15
6530.47594396151  5.335251E-15
6530.54032499293  4.049398E-15
6530.60470602435  2.512514E-15
6530.66908705577  3.763555E-15
6530.73346808719  6.015753E-15
6530.79784911862  3.320840E-15
6530.86223015004  5.859582E-15
6530.92661118146  8.273910E-15
6530.99099221288  3.790370E-15
6531.05537324431  1.919366E-17
6531.11975427573  2.256417E-15
6531.18413530715  3.328536E-15
6531.24851633857  2.356096E-15
6531.31289736999  3.374365E-15
6531.37727840142  5.453416E-15
6531.44165943284  5.740798E-15
6531.50604046426  3.444815E-15
6531.57042149568  1.865203E-15
6531.6348025271  4.553592E-15
6531.69918355853  5.472375E-15
6531.76356458995  6.910443E-15
6531.82794562137  6.301963E-15
6531.89232665279  4.516180E-15
6531.95670768421  4.838887E-15
6532.02108871564  4.154866E-15
6532.08546974706  4.791035E-15
6532.14985077848  5.931942E-15
6532.2142318099  6.324650E-15
6532.27861284133  5.797982E-15
6532.34299387275  3.975528E-15
6532.40737490417  2.048321E-15
6532.47175593559  3.867549E-15
6532.53613696701  3.920662E-15
6532.60051799843  4.893667E-15
6532.66489902986  6.172407E-15
6532.72928006128  4.402565E-15
6532.7936610927  2.314622E-15
6532.85804212412  5.002876E-15
6532.92242315555  9.175437E-15
6532.98680418697  1.408798E-14
6533.05118521839  1.366214E-14
6533.11556624981  8.868247E-15
6533.17994728123  6.041822E-15
6533.24432831266  4.652155E-15
6533.30870934408  3.800970E-15
6533.3730903755  5.030071E-15
6533.43747140692  4.036541E-15
6533.50185243834  4.416783E-15
6533.56623346977  6.364871E-15
6533.63061450119  4.468598E-15
6533.69499553261  4.020065E-15
6533.75937656403  3.650256E-15
6533.82375759545  4.238217E-15
6533.88813862688  4.487991E-15
6533.9525196583  4.797900E-15
6534.01690068972  5.081244E-15
6534.08128172114  3.762966E-15
6534.14566275256  5.086538E-15
6534.21004378398  4.794727E-15
6534.27442481541  4.857898E-15
6534.33880584683  4.319775E-15
6534.40318687825  4.289477E-15
6534.46756790967  6.022239E-15
6534.5319489411  4.175354E-15
6534.59632997252  4.675695E-15
6534.66071100394  4.572407E-15
6534.72509203536  8.247529E-16
6534.78947306678  -4.429628E-17
6534.85385409821  2.543579E-15
6534.91823512963  1.763106E-15
6534.98261616105  3.604020E-15
6535.04699719247  6.680003E-15
6535.11137822389  6.674135E-15
6535.17575925532  6.406673E-15
6535.24014028674  5.690935E-15
6535.30452131816  3.879099E-15
6535.36890234958  4.817574E-15
6535.43328338101  4.368158E-15
6535.49766441243  3.232592E-15
6535.56204544385  4.038656E-15
6535.62642647527  4.360324E-15
6535.69080750669  4.018809E-15
6535.75518853811  4.549328E-15
6535.81956956954  4.340647E-15
6535.88395060096  6.081331E-15
6535.94833163238  4.073642E-15
6536.0127126638  3.596231E-15
6536.07709369523  4.287223E-15
6536.14147472665  3.925633E-15
6536.20585575807  4.119018E-15
6536.27023678949  3.653205E-15
6536.33461782091  4.042135E-15
6536.39899885233  2.314800E-15
6536.46337988376  7.555279E-15
6536.52776091518  3.932008E-14
6536.5921419466  4.676113E-14
6536.65652297802  3.094392E-15
6536.72090400945  1.140950E-15
6536.78528504087  2.725955E-15
6536.84966607229  2.123259E-15
6536.91404710371  2.795101E-15
6536.97842813513  2.430814E-15
6537.04280916656  -2.057710E-15
6537.10719019798  1.769086E-14
6537.1715712294  6.714780E-14
6537.23595226082  2.350696E-14
6537.30033329224  2.475669E-15
6537.36471432367  4.519696E-15
6537.42909535509  1.335669E-16
6537.49347638651  7.581291E-15
6537.55785741793  1.902194E-14
6537.62223844935  5.950055E-15
6537.68661948078  4.908679E-15
6537.7510005122  5.488104E-15
6537.81538154362  2.526000E-15
6537.87976257504  1.435529E-15
6537.94414360647  2.780057E-15
6538.00852463789  2.825232E-15
6538.07290566931  1.619936E-15
6538.13728670073  2.229952E-15
6538.20166773215  5.486808E-15
6538.26604876357  5.357324E-15
6538.330429795  4.795423E-15
6538.39481082642  4.543074E-15
6538.45919185784  3.541880E-15
6538.52357288926  6.050955E-15
6538.58795392069  7.694840E-15
6538.65233495211  5.304031E-15
6538.71671598353  5.717007E-15
6538.78109701495  5.738596E-15
6538.84547804637  3.472931E-15
6538.9098590778  1.748858E-15
6538.97424010922  1.814082E-15
6539.03862114064  4.464661E-15
6539.10300217206  3.692100E-15
6539.16738320348  1.694755E-15
6539.23176423491  2.730061E-15
6539.29614526633  2.657604E-15
6539.36052629775  2.669088E-15
6539.42490732917  3.292390E-15
6539.48928836059  6.366125E-15
6539.55366939202  3.164012E-14
6539.61805042344  1.397799E-14
6539.68243145486  8.691555E-16
6539.74681248628  6.345075E-16
6539.8111935177  1.693510E-15
6539.87557454913  5.821153E-15
6539.93995558055  4.219746E-15
6540.00433661197  5.400907E-15
6540.06871764339  5.254550E-15
6540.13309867481  3.271914E-15
6540.19747970624  4.614514E-15
6540.26186073766  4.267583E-15
6540.32624176908  1.196428E-15
6540.3906228005  2.434407E-15
6540.45500383192  5.396277E-15
6540.51938486335  4.796495E-15
6540.58376589477  3.809247E-15
6540.64814692619  1.906636E-15
6540.71252795761  4.939869E-15
6540.77690898904  8.146728E-15
6540.84129002046  5.889714E-15
6540.90567105188  4.413960E-15
6540.9700520833  4.827097E-15
6541.03443311472  3.821518E-15
6541.09881414615  4.612586E-15
6541.16319517757  3.667024E-15
6541.22757620899  4.450298E-15
6541.29195724041  5.796657E-15
6541.35633827183  5.529237E-15
6541.42071930325  6.601624E-15
6541.48510033468  5.342272E-15
6541.5494813661  6.986775E-15
6541.61386239752  5.286051E-15
6541.67824342894  6.371814E-15
6541.74262446037  6.920512E-15
6541.80700549179  3.513293E-15
6541.87138652321  2.863514E-15
6541.93576755463  5.243619E-15
6542.00014858605  3.787861E-15
6542.06452961748  4.902553E-15
6542.1289106489  4.637612E-15
6542.19329168032  4.745192E-15
6542.25767271174  6.182812E-15
6542.32205374316  6.750982E-15
6542.38643477459  5.976640E-15
6542.45081580601  4.897940E-15
6542.51519683743  4.510906E-15
6542.57957786885  6.158019E-15
6542.64395890027  3.802610E-15
6542.7083399317  2.425112E-15
6542.77272096312  5.327139E-15
6542.83710199454  5.801959E-15
6542.90148302596  4.774284E-15
6542.96586405738  7.571993E-15
6543.03024508881  5.596311E-15
6543.09462612023  5.640745E-15
6543.15900715165  6.348243E-15
6543.22338818307  5.788782E-15
6543.28776921449  6.923169E-15
6543.35215024592  6.080588E-15
6543.41653127734  3.315496E-15
6543.48091230876  4.296638E-15
6543.54529334018  4.295210E-15
6543.60967437161  4.393146E-15
6543.67405540303  4.524300E-15
6543.73843643445  3.709351E-15
6543.80281746587  5.687564E-15
6543.86719849729  1.728436E-14
6543.93157952871  2.071739E-14
6543.99596056014  8.358992E-15
6544.06034159156  7.859792E-15
6544.12472262298  9.396404E-15
6544.1891036544  7.739505E-15
6544.25348468583  7.658077E-15
6544.31786571725  7.060256E-15
6544.38224674867  8.070770E-15
6544.44662778009  7.523686E-15
6544.51100881151  5.230269E-15
6544.57538984294  7.661309E-15
6544.63977087436  8.044911E-15
6544.70415190578  7.143398E-15
6544.7685329372  6.523407E-15
6544.83291396862  6.659394E-15
6544.89729500005  6.758088E-15
6544.96167603147  7.366011E-15
6545.02605706289  7.873849E-15
6545.09043809431  7.386133E-15
6545.15481912573  7.478777E-15
6545.21920015715  8.099684E-15
6545.28358118858  8.864107E-15
6545.34796222  1.002491E-14
6545.41234325142  7.976367E-15
6545.47672428284  6.891662E-15
6545.54110531427  8.962069E-15
6545.60548634569  9.504459E-15
6545.66986737711  7.097407E-15
6545.73424840853  6.724561E-15
6545.79862943996  9.645672E-15
6545.86301047138  8.735613E-15
6545.9273915028  8.445130E-15
6545.99177253422  8.064891E-15
6546.05615356564  7.380159E-15
6546.12053459706  8.042299E-15
6546.18491562849  1.028022E-14
6546.24929665991  1.154497E-14
6546.31367769133  9.184990E-15
6546.37805872275  7.298625E-15
6546.44243975418  9.389619E-15
6546.5068207856  9.567435E-15
6546.57120181702  1.658175E-14
6546.63558284844  3.319246E-14
6546.69996387986  6.662715E-14
6546.76434491129  1.378664E-13
6546.82872594271  2.754520E-13
6546.89310697413  5.060851E-13
6546.95748800555  8.354755E-13
6547.02186903697  1.234788E-12
6547.08625006839  1.618190E-12
6547.15063109982  1.906470E-12
6547.21501213124  2.047062E-12
6547.27939316266  2.039561E-12
6547.34377419408  1.911564E-12
6547.40815522551  1.748659E-12
6547.47253625693  1.646126E-12
6547.53691728835  1.597796E-12
6547.60129831977  1.633115E-12
6547.66567935119  1.676878E-12
6547.73006038262  1.699481E-12
6547.79444141404  1.671213E-12
6547.85882244546  1.549843E-12
6547.92320347688  1.348362E-12
6547.9875845083  1.089981E-12
6548.05196553973  7.990550E-13
6548.11634657115  5.481114E-13
6548.18072760257  3.573982E-13
6548.24510863399  2.240346E-13
6548.30948966541  1.444285E-13
6548.37387069684  1.013152E-13
6548.43825172826  7.510110E-14
6548.50263275968  5.880351E-14
6548.5670137911  4.534453E-14
6548.63139482252  3.400333E-14
6548.69577585395  3.028005E-14
6548.76015688537  2.645394E-14
6548.82453791679  2.458446E-14
6548.88891894821  2.068748E-14
6548.95329997964  1.679244E-14
6549.01768101106  1.285999E-14
6549.08206204248  1.176936E-14
6549.1464430739  1.204998E-14
6549.21082410532  1.107572E-14
6549.27520513674  1.037424E-14
6549.33958616817  1.003023E-14
6549.40396719959  8.769452E-15
6549.46834823101  7.479997E-15
6549.53272926243  5.779952E-15
6549.59711029386  7.892161E-15
6549.66149132528  7.290670E-15
6549.7258723567  8.735503E-15
6549.79025338812  1.102223E-14
6549.85463441954  8.907116E-15
6549.91901545097  6.868547E-15
6549.98339648239  7.559778E-15
6550.04777751381  6.568095E-15
6550.11215854523  5.838450E-15
6550.17653957665  8.469525E-15
6550.24092060808  8.438618E-15
6550.3053016395  5.024845E-15
6550.36968267092  5.156916E-15
6550.43406370234  5.831987E-15
6550.49844473376  4.217020E-15
6550.56282576519  4.399540E-15
6550.62720679661  7.078150E-15
6550.69158782803  8.223823E-15
6550.75596885945  6.467893E-15
6550.82034989087  6.001057E-15
6550.8847309223  7.450933E-15
6550.94911195372  6.825578E-15
6551.01349298514  7.469331E-15
6551.07787401656  6.705753E-15
6551.14225504798  6.238642E-15
6551.20663607941  7.880408E-15
6551.27101711083  7.205800E-15
6551.33539814225  5.160607E-15
6551.39977917367  5.784720E-15
6551.4641602051  6.182169E-15
6551.52854123652  7.455627E-15
6551.59292226794  5.315270E-15
6551.65730329936  6.884637E-15
6551.72168433078  7.741641E-15
6551.78606536221  6.352190E-15
6551.85044639363  6.290723E-15
6551.91482742505  7.599344E-15
6551.97920845647  8.031112E-15
6552.04358948789  7.371682E-15
6552.10797051931  6.059915E-15
6552.17235155074  4.848021E-15
6552.23673258216  7.434492E-15
6552.30111361358  7.268767E-15
6552.365494645  7.169785E-15
6552.42987567643  5.437764E-15
6552.49425670785  3.767454E-15
6552.55863773927  5.055115E-15
6552.62301877069  4.990380E-15
6552.68739980211  4.547957E-15
6552.75178083353  6.457427E-15
6552.81616186496  7.129713E-15
6552.88054289638  9.170823E-15
6552.9449239278  8.276788E-15
6553.00930495922  6.487903E-15
6553.07368599065  6.968354E-15
6553.13806702207  7.409743E-15
6553.20244805349  4.714823E-15
6553.26682908491  4.708099E-15
6553.33121011633  5.512253E-15
6553.39559114776  6.097133E-15
6553.45997217918  9.274484E-15
6553.5243532106  1.105310E-14
6553.58873424202  1.066577E-14
6553.65311527344  1.160317E-14
6553.71749630487  9.980621E-15
6553.78187733629  5.784771E-15
6553.84625836771  4.847857E-15
6553.91063939913  4.599109E-15
6553.97502043055  5.103822E-15
6554.03940146198  6.555929E-15
6554.1037824934  5.570007E-15
6554.16816352482  3.175978E-15
6554.23254455624  4.455296E-15
6554.29692558766  7.739596E-15
6554.36130661909  7.302692E-15
6554.42568765051  5.151249E-15
6554.49006868193  4.952869E-15
6554.55444971335  4.515991E-15
6554.61883074478  3.515470E-15
6554.6832117762  6.829980E-15
6554.74759280762  6.662950E-15
6554.81197383904  4.454510E-15
6554.87635487046  4.648485E-15
6554.94073590188  5.101900E-15
6555.00511693331  5.718749E-15
6555.06949796473  6.348330E-15
6555.13387899615  5.451277E-15
6555.19826002757  6.019480E-15
6555.262641059  6.936604E-15
6555.32702209042  5.561253E-15
6555.39140312184  4.159902E-15
6555.45578415326  3.358378E-15
6555.52016518468  3.967330E-15
6555.58454621611  5.107591E-15
6555.64892724753  3.608996E-15
6555.71330827895  3.910579E-15
6555.77768931037  5.829632E-15
6555.8420703418  5.107388E-15
6555.90645137322  4.249914E-15
6555.97083240464  4.986623E-15
6556.03521343606  5.356646E-15
6556.09959446748  6.029072E-15
6556.1639754989  4.836590E-15
6556.22835653033  4.692989E-15
6556.29273756175  6.186407E-15
6556.35711859317  3.101104E-15
6556.42149962459  2.602438E-15
6556.48588065601  4.430820E-15
6556.55026168744  5.729839E-15
6556.61464271886  5.549091E-15
6556.67902375028  4.885816E-15
6556.7434047817  4.967094E-15
6556.80778581312  6.017851E-15
6556.87216684455  5.609111E-15
6556.93654787597  3.252580E-15
6557.00092890739  4.147070E-15
6557.06530993881  5.494742E-15
6557.12969097023  5.718361E-15
6557.19407200166  5.705516E-15
6557.25845303308  5.138856E-15
6557.3228340645  4.937388E-15
6557.38721509592  5.802348E-15
6557.45159612735  5.219736E-15
6557.51597715877  6.205889E-15
6557.58035819019  6.176319E-15
6557.64473922161  4.584191E-15
6557.70912025303  5.152802E-15
6557.77350128446  4.936383E-15
6557.83788231588  3.711158E-15
6557.9022633473  5.152985E-15
6557.96664437872  5.714825E-15
6558.03102541014  5.562843E-15
6558.09540644156  4.754285E-15
6558.15978747299  5.679173E-15
6558.22416850441  5.940870E-15
6558.28854953583  5.065994E-15
6558.35293056725  5.548689E-15
6558.41731159868  6.041199E-15
6558.4816926301  4.899603E-15
6558.54607366152  6.290523E-15
6558.61045469294  7.145445E-15
6558.67483572436  6.918743E-15
6558.73921675579  8.522774E-15
6558.80359778721  8.908234E-15
6558.86797881863  1.164850E-14
6558.93235985005  1.970125E-14
6558.99674088147  2.810590E-14
6559.0611219129  4.154457E-14
6559.12550294432  6.065260E-14
6559.18988397574  8.900266E-14
6559.25426500716  1.283577E-13
6559.31864603859  1.666504E-13
6559.38302707001  2.106088E-13
6559.44740810143  2.512128E-13
6559.51178913285  2.881428E-13
6559.57617016427  2.896301E-13
6559.6405511957  2.685555E-13
6559.70493222712  2.463640E-13
6559.76931325854  2.086444E-13
6559.83369428996  1.623880E-13
6559.89807532138  1.226693E-13
6559.9624563528  8.872505E-14
6560.02683738423  6.313084E-14
6560.09121841565  4.517205E-14
6560.15559944707  3.247696E-14
6560.21998047849  2.858212E-14
6560.28436150992  2.184348E-14
6560.34874254134  2.113258E-14
6560.41312357276  1.766706E-14
6560.47750460418  1.452627E-14
6560.5418856356  1.565022E-14
6560.60626666703  1.496948E-14
6560.67064769845  1.221125E-14
6560.73502872987  1.078966E-14
6560.79940976129  9.605803E-15
6560.86379079271  1.028322E-14
6560.92817182414  1.468737E-14
6560.99255285556  2.031665E-14
6561.05693388698  3.043749E-14
6561.1213149184  5.355581E-14
6561.18569594982  9.716560E-14
6561.25007698125  1.728785E-13
6561.31445801267  2.991240E-13
6561.37883904409  5.052448E-13
6561.44322007551  8.103238E-13
6561.50760110693  1.246834E-12
6561.57198213836  1.829607E-12
6561.63636316978  2.546922E-12
6561.7007442012  3.468572E-12
6561.76512523262  4.443750E-12
6561.82950626404  5.420386E-12
6561.89388729547  6.471849E-12
6561.95826832689  7.383666E-12
6562.02264935831  8.083954E-12
6562.08703038973  8.669499E-12
6562.15141142115  9.035128E-12
6562.21579245258  9.158738E-12
6562.280173484  9.015538E-12
6562.34455451542  8.604902E-12
6562.40893554684  8.133509E-12
6562.47331657827  7.509470E-12
6562.53769760969  6.693751E-12
6562.60207864111  5.851863E-12
6562.66645967253  5.018196E-12
6562.73084070395  4.116926E-12
6562.79522173537  3.241514E-12
6562.8596027668  2.368750E-12
6562.92398379822  1.836544E-12
6562.98836482964  1.415462E-12
6563.05274586106  1.047395E-12
6563.11712689248  7.727063E-13
6563.18150792391  5.597559E-13
6563.24588895533  4.115464E-13
6563.31026998675  3.050608E-13
6563.37465101818  2.245975E-13
6563.4390320496  1.698021E-13
6563.50341308102  1.302370E-13
6563.56779411244  9.986918E-14
6563.63217514386  7.862403E-14
6563.69655617528  6.151698E-14
6563.7609372067  4.903496E-14
6563.82531823813  4.065507E-14
6563.88969926955  3.182614E-14
6563.95408030097  2.663628E-14
6564.01846133239  1.892632E-14
6564.08284236382  1.600463E-14
6564.14722339524  1.400892E-14
6564.21160442666  1.313391E-14
6564.27598545808  1.055923E-14
6564.3403664895  9.218404E-15
6564.40474752093  8.700053E-15
6564.46912855235  1.055305E-14
6564.53350958377  8.814415E-15
6564.59789061519  9.697551E-15
6564.66227164662  8.996339E-15
6564.72665267804  4.659723E-15
6564.79103370946  8.747164E-15
6564.85541474088  8.281013E-15
6564.9197957723  4.150195E-15
6564.98417680372  6.707956E-15
6565.04855783515  7.008431E-15
6565.11293886657  4.586024E-15
6565.17731989799  5.518953E-15
6565.24170092941  7.641207E-15
6565.30608196083  6.382990E-15
6565.37046299226  5.601968E-15
6565.43484402368  6.256213E-15
6565.4992250551  4.921721E-15
6565.56360608652  7.250357E-15
6565.62798711795  8.138560E-15
6565.69236814937  4.592781E-15
6565.75674918079  6.641623E-15
6565.82113021221  7.376141E-15
6565.88551124363  6.779249E-15
6565.94989227506  6.338486E-15
6566.01427330648  4.975600E-15
6566.0786543379  4.874434E-15
6566.14303536932  5.553578E-15
6566.20741640074  4.597242E-15
6566.27179743217  3.234541E-15
6566.33617846359  7.085718E-15
6566.40055949501  4.178365E-15
6566.46494052643  6.559947E-15
6566.52932155785  5.779059E-15
6566.59370258928  3.893331E-15
6566.6580836207  5.132893E-15
6566.72246465212  4.816675E-15
6566.78684568354  5.934144E-15
6566.85122671496  5.788483E-15
6566.91560774639  4.502635E-15
6566.97998877781  3.660204E-15
6567.04436980923  5.730993E-15
6567.10875084065  4.726753E-15
6567.17313187208  4.930249E-15
6567.2375129035  4.203751E-15
6567.30189393492  3.994154E-15
6567.36627496634  5.048164E-15
6567.43065599776  4.133023E-15
6567.49503702918  4.778068E-15
6567.55941806061  5.230150E-15
6567.62379909203  4.716676E-15
6567.68818012345  5.439378E-15
6567.75256115487  4.498162E-15
6567.81694218629  4.157614E-15
6567.88132321772  3.845002E-15
6567.94570424914  2.676975E-15
6568.01008528056  5.175952E-15
6568.07446631198  5.574604E-15
6568.13884734341  4.868651E-15
6568.20322837483  5.700633E-15
6568.26760940625  5.399211E-15
6568.33199043767  3.885922E-15
6568.39637146909  4.000275E-15
6568.46075250052  6.238258E-15
6568.52513353194  5.789667E-15
6568.58951456336  5.745264E-15
6568.65389559478  5.646367E-15
6568.7182766262  7.322386E-15
6568.78265765762  8.655553E-15
6568.84703868905  7.515699E-15
6568.91141972047  6.100310E-15
6568.97580075189  3.096555E-15
6569.04018178331  6.631337E-15
6569.10456281473  5.858616E-15
6569.16894384616  4.425007E-15
6569.23332487758  2.830088E-15
6569.297705909  5.233229E-15
6569.36208694042  5.240807E-15
6569.42646797185  5.101141E-15
6569.49084900327  4.081189E-15
6569.55523003469  5.906972E-15
6569.61961106611  6.358758E-15
6569.68399209753  3.162684E-15
6569.74837312896  5.102178E-15
6569.81275416038  1.763809E-15
6569.8771351918  5.069947E-15
6569.94151622322  6.682417E-15
6570.00589725464  5.610322E-15
6570.07027828607  7.195962E-15
6570.13465931749  6.038472E-15
6570.19904034891  6.157761E-15
6570.26342138033  4.885940E-15
6570.32780241176  4.881763E-15
6570.39218344318  4.374912E-15
6570.4565644746  4.871096E-15
6570.52094550602  4.585573E-15
6570.58532653744  4.239063E-15
6570.64970756886  4.665194E-15
6570.71408860029  4.894482E-15
6570.77846963171  3.995001E-15
6570.84285066313  2.836735E-15
6570.90723169455  4.073364E-15
6570.97161272598  5.316339E-15
6571.0359937574  4.885622E-15
6571.10037478882  4.372275E-15
6571.16475582024  4.494944E-15
6571.22913685166  3.366276E-15
6571.29351788309  5.759951E-15
6571.35789891451  4.159357E-15
6571.42227994593  2.213439E-15
6571.48666097735  3.219832E-15
6571.55104200877  3.799902E-15
6571.6154230402  4.880365E-15
6571.67980407162  2.866590E-15
6571.74418510304  4.197229E-15
6571.80856613446  5.013394E-15
6571.87294716588  5.537062E-15
6571.93732819731  6.960792E-15
6572.00170922873  7.362514E-15
6572.06609026015  6.078663E-15
6572.13047129157  3.802585E-15
6572.194852323  5.267564E-15
6572.25923335442  6.030262E-15
6572.32361438584  6.608411E-15
6572.38799541726  5.166843E-15
6572.45237644868  5.544153E-15
6572.5167574801  6.190101E-15
6572.58113851153  3.095498E-15
6572.64551954295  3.823750E-15
6572.70990057437  6.540136E-15
6572.77428160579  6.057443E-15
6572.83866263722  4.909534E-15
6572.90304366864  5.970958E-15
6572.96742470006  6.260187E-15
6573.03180573148  6.364570E-15
6573.0961867629  5.368016E-15
6573.16056779432  3.718489E-15
6573.22494882575  3.797647E-15
6573.28932985717  5.540490E-15
6573.35371088859  3.871149E-15
6573.41809192001  2.823204E-15
6573.48247295144  1.900981E-15
6573.54685398286  5.139995E-15
6573.61123501428  5.852727E-15
6573.6756160457  3.944435E-15
6573.73999707712  6.691688E-15
6573.80437810855  7.203731E-15
6573.86875913997  4.990921E-15
6573.93314017139  3.157307E-15
6573.99752120281  4.733534E-15
6574.06190223423  4.058638E-15
6574.12628326565  6.775596E-15
6574.19066429708  6.207481E-15
6574.2550453285  5.057321E-15
6574.31942635992  6.420453E-15
6574.38380739134  6.877135E-15
6574.44818842277  3.330705E-15
6574.51256945419  2.972111E-15
6574.57695048561  3.894824E-15
6574.64133151703  3.289916E-15
6574.70571254845  4.823469E-15
6574.77009357988  4.443877E-15
6574.8344746113  3.700988E-15
6574.89885564272  4.792265E-15
6574.96323667414  5.511082E-15
6575.02761770556  3.480360E-15
6575.09199873699  3.821597E-15
6575.15637976841  6.306528E-15
6575.22076079983  4.444542E-15
6575.28514183125  1.848643E-15
6575.34952286267  3.195003E-15
6575.4139038941  2.672428E-14
6575.47828492552  4.527905E-14
6575.54266595694  6.618305E-14
6575.60704698836  4.028755E-14
6575.67142801978  7.413209E-15
6575.73580905121  2.436482E-15
6575.80019008263  3.358609E-15
6575.86457111405  4.281788E-15
6575.92895214547  2.705128E-15
6575.9933331769  5.135752E-15
6576.05771420832  3.978169E-15
6576.12209523974  3.767843E-15
6576.18647627116  2.064608E-15
6576.25085730258  2.971759E-15
6576.315238334  4.262969E-15
6576.37961936543  3.162117E-15
6576.44400039685  3.551104E-15
6576.50838142827  2.323842E-15
6576.57276245969  4.172600E-15
6576.63714349111  5.484871E-15
6576.70152452254  4.441952E-15
6576.76590555396  3.785257E-15
6576.83028658538  5.028482E-15
6576.8946676168  4.801938E-15
6576.95904864823  4.490350E-15
6577.02342967965  5.253836E-15
6577.08781071107  8.653888E-15
6577.15219174249  1.263086E-14
6577.21657277391  1.350017E-14
6577.28095380534  1.354762E-14
6577.34533483676  1.320201E-14
6577.40971586818  1.349272E-14
6577.4740968996  1.266037E-14
6577.53847793102  9.519488E-15
6577.60285896245  1.006860E-14
6577.66723999387  8.053213E-15
6577.73162102529  8.688860E-15
6577.79600205671  9.171398E-15
6577.86038308814  7.706521E-15
6577.92476411956  6.575417E-15
6577.98914515098  6.430548E-15
6578.0535261824  6.302465E-15
6578.11790721382  5.378508E-15
6578.18228824524  6.122609E-15
6578.24666927667  3.881581E-15
6578.31105030809  4.496598E-15
6578.37543133951  2.421741E-15
6578.43981237093  5.008920E-15
6578.50419340236  4.218536E-15
6578.56857443378  5.460270E-15
6578.6329554652  5.292863E-15
6578.69733649662  3.842259E-15
6578.76171752804  6.908360E-15
6578.82609855946  7.430990E-15
6578.89047959089  5.011270E-15
6578.95486062231  3.758170E-15
6579.01924165373  5.485465E-15
6579.08362268515  4.381968E-15
6579.14800371658  2.859850E-15
6579.212384748  4.228686E-15
6579.27676577942  4.641579E-15
6579.34114681084  4.311931E-15
6579.40552784226  6.627780E-15
6579.46990887369  4.903224E-15
6579.53428990511  5.402853E-15
6579.59867093653  5.195315E-15
6579.66305196795  2.635449E-14
6579.72743299937  1.025149E-14
6579.7918140308  1.481925E-15
6579.85619506222  4.413951E-15
6579.92057609364  3.582271E-15
6579.98495712506  3.776649E-15
6580.04933815648  2.225779E-15
6580.1137191879  4.191784E-15
6580.17810021933  5.320789E-15
6580.24248125075  7.243963E-15
6580.30686228217  6.274094E-15
6580.37124331359  7.702457E-15
6580.43562434502  7.599730E-15
6580.50000537644  7.540015E-15
6580.56438640786  4.009531E-15
6580.62876743928  4.947421E-15
6580.6931484707  4.093938E-15
6580.75752950213  4.467624E-15
6580.82191053355  5.159719E-15
6580.88629156497  5.308129E-15
6580.95067259639  4.264122E-15
6581.01505362782  6.662680E-15
6581.07943465924  5.925889E-15
6581.14381569066  4.765241E-15
6581.20819672208  4.587044E-15
6581.2725777535  3.614514E-15
6581.33695878492  3.737910E-15
6581.40133981635  3.789960E-15
6581.46572084777  5.341338E-15
6581.53010187919  3.549703E-15
6581.59448291061  5.805920E-15
6581.65886394204  6.911534E-15
6581.72324497346  8.624993E-15
6581.78762600488  9.670863E-15
6581.8520070363  1.195852E-14
6581.91638806772  1.468317E-14
6581.98076909914  2.926416E-14
6582.04515013057  7.161569E-14
6582.10953116199  1.690104E-13
6582.17391219341  3.986172E-13
6582.23829322483  8.573515E-13
6582.30267425626  1.611003E-12
6582.36705528768  2.714895E-12
6582.4314363191  4.071722E-12
6582.49581735052  5.381642E-12
6582.56019838194  6.166898E-12
6582.62457941337  6.343833E-12
6582.68896044479  6.023093E-12
6582.75334147621  5.397429E-12
6582.81772250763  4.875449E-12
6582.88210353905  4.674533E-12
6582.94648457048  4.692119E-12
6583.0108656019  4.872342E-12
6583.07524663332  5.055141E-12
6583.13962766474  5.172573E-12
6583.20400869616  4.998535E-12
6583.26838972759  4.551768E-12
6583.33277075901  3.793718E-12
6583.39715179043  2.932007E-12
6583.46153282185  2.047707E-12
6583.52591385328  1.319441E-12
6583.5902948847  8.098510E-13
6583.65467591612  4.929736E-13
6583.71905694754  3.242516E-13
6583.78343797896  2.278319E-13
6583.84781901038  1.740311E-13
6583.91220004181  1.381496E-13
6583.97658107323  1.072161E-13
6584.04096210465  8.913684E-14
6584.10534313607  7.282585E-14
6584.16972416749  5.954463E-14
6584.23410519892  4.744936E-14
6584.29848623034  3.782551E-14
6584.36286726176  3.017014E-14
6584.42724829318  2.533262E-14
6584.49162932461  1.936825E-14
6584.55601035603  1.441177E-14
6584.62039138745  9.625441E-15
6584.68477241887  9.311350E-15
6584.74915345029  6.136216E-14
6584.81353448172  1.046430E-13
6584.87791551314  1.307231E-14
6584.94229654456  3.606110E-15
6585.00667757598  7.796760E-15
6585.0710586074  6.119783E-15
6585.13543963882  3.299857E-15
6585.19982067025  6.685590E-15
6585.26420170167  5.904542E-15
6585.32858273309  4.027319E-15
6585.39296376451  3.700030E-15
6585.45734479593  4.987629E-15
6585.52172582736  5.323791E-15
6585.58610685878  4.556551E-15
6585.6504878902  5.883289E-15
6585.71486892162  4.074516E-15
6585.77924995305  7.196534E-15
6585.84363098447  4.697714E-15
6585.90801201589  5.146416E-15
6585.97239304731  6.103935E-15
6586.03677407873  6.490631E-15
6586.10115511016  3.229070E-15
6586.16553614158  4.332819E-15
6586.229917173  5.308533E-15
6586.29429820442  4.107926E-15
6586.35867923584  4.839684E-15
6586.42306026727  4.701769E-15
6586.48744129869  4.933200E-15
6586.55182233011  4.754234E-15
6586.61620336153  6.429404E-15
6586.68058439296  4.368901E-15
6586.74496542438  7.750409E-15
6586.8093464558  4.736224E-15
6586.87372748722  3.009421E-15
6586.93810851864  4.625406E-15
6587.00248955006  4.503267E-15
6587.06687058149  1.304033E-14
6587.13125161291  8.020377E-15
6587.19563264433  3.243707E-15
6587.26001367575  4.580088E-15
6587.32439470718  4.258731E-15
6587.3887757386  2.629163E-15
6587.45315677002  4.896225E-15
6587.51753780144  3.006241E-15
6587.58191883286  1.806809E-15
6587.64629986428  3.297037E-15
6587.71068089571  4.485624E-15
6587.77506192713  3.373025E-15
6587.83944295855  3.770125E-15
6587.90382398997  2.068493E-15
6587.9682050214  3.676331E-15
6588.03258605282  3.389420E-15
6588.09696708424  2.655015E-15
6588.16134811566  4.417575E-15
6588.22572914708  3.667205E-15
6588.29011017851  3.364386E-15
6588.35449120993  3.543387E-15
6588.41887224135  3.600595E-15
6588.48325327277  4.254477E-15
6588.54763430419  2.845721E-15
6588.61201533562  3.413866E-15
6588.67639636704  4.312275E-15
6588.74077739846  4.484457E-15
6588.80515842988  6.592375E-15
6588.8695394613  6.651981E-15
6588.93392049273  4.771833E-15
6588.99830152415  4.253813E-15
6589.06268255557  2.754414E-15
6589.12706358699  2.649402E-15
6589.19144461841  4.888328E-15
6589.25582564984  3.790970E-15
6589.32020668126  2.423900E-15
6589.38458771268  2.416385E-15
6589.4489687441  3.705036E-15
6589.51334977552  4.786873E-15
6589.57773080695  4.398745E-15
6589.64211183837  5.064019E-15
6589.70649286979  3.022801E-15
6589.77087390121  3.951634E-15
6589.83525493264  3.578310E-15
6589.89963596406  5.969001E-15
6589.96401699548  6.950867E-15
6590.0283980269  2.715086E-15
6590.09277905832  1.148927E-15
6590.15716008974  3.317523E-15
6590.22154112117  5.941264E-15
6590.28592215259  5.888108E-15
6590.35030318401  4.571140E-15
6590.41468421543  6.230277E-15
6590.47906524686  5.327936E-15
6590.54344627828  2.852717E-15
6590.6078273097  3.117831E-15
6590.67220834112  3.568578E-15
6590.73658937254  4.366639E-15
6590.80097040396  4.167148E-15
6590.86535143539  3.854110E-15
6590.92973246681  1.229969E-15
6590.99411349823  3.730216E-15
6591.05849452965  9.454222E-15
6591.12287556108  7.682331E-15
6591.1872565925  3.373965E-15
6591.25163762392  6.456105E-16
6591.31601865534  -1.888878E-16
6591.38039968676  3.752721E-15
6591.44478071819  6.596229E-15
6591.50916174961  4.942369E-15
6591.57354278103  1.766603E-15
6591.63792381245  1.706451E-15
6591.70230484387  4.260574E-15
6591.7666858753  4.446767E-15
6591.83106690672  4.318005E-15
6591.89544793814  1.040896E-15
6591.95982896956  2.709928E-15
6592.02421000098  4.857597E-15
6592.08859103241  3.743417E-15
6592.15297206383  1.869812E-15
6592.21735309525  3.252961E-15
6592.28173412667  1.513680E-15
6592.34611515809  3.235769E-15
6592.41049618952  3.247890E-15
6592.47487722094  3.613864E-15
6592.53925825236  3.637094E-15
6592.60363928378  4.662406E-15
6592.6680203152  2.893812E-15
6592.73240134663  5.104133E-15
6592.79678237805  2.985940E-15
6592.86116340947  3.886647E-15
6592.92554444089  5.889114E-15
6592.98992547232  3.932365E-15
6593.05430650374  2.547637E-15
6593.11868753516  5.566105E-15
6593.18306856658  6.733574E-15
6593.247449598  3.800558E-15
6593.31183062943  4.016770E-15
6593.37621166085  2.945474E-15
6593.44059269227  4.423057E-15
6593.50497372369  3.611507E-15
6593.56935475511  1.824047E-15
6593.63373578654  5.247044E-15
6593.69811681796  4.469737E-15
6593.76249784938  3.953421E-15
6593.8268788808  2.827666E-15
6593.89125991222  3.832995E-15
6593.95564094365  5.541784E-15
6594.02002197507  6.472944E-15
6594.08440300649  3.634538E-15
6594.14878403791  1.323433E-15
6594.21316506933  3.746500E-15
6594.27754610076  6.563578E-15
6594.34192713218  5.615404E-15
6594.4063081636  1.373456E-15
6594.47068919502  2.795251E-15
6594.53507022645  3.476744E-15
6594.59945125787  4.167173E-15
6594.66383228929  4.175792E-15
6594.72821332071  4.233261E-15
6594.79259435213  4.865996E-15
6594.85697538355  6.592821E-15
6594.92135641498  2.760651E-15
6594.9857374464  6.391645E-15
6595.05011847782  5.208448E-15
6595.11449950924  6.742283E-15
6595.17888054066  3.516338E-15
6595.24326157209  1.786919E-15
6595.30764260351  7.403654E-15
6595.37202363493  3.905605E-15
6595.43640466635  5.225416E-15
6595.50078569778  6.245534E-15
6595.5651667292  6.450356E-15
6595.62954776062  6.317126E-15
6595.69392879204  5.875051E-15
6595.75830982346  3.299007E-15
6595.82269085489  2.903322E-15
6595.88707188631  4.121268E-15
6595.95145291773  6.851167E-15
6596.01583394915  5.032310E-15
6596.08021498057  3.035657E-15
6596.144596012  3.203050E-15
6596.20897704342  4.423065E-15
6596.27335807484  7.492054E-15
6596.33773910626  7.447774E-15
6596.40212013768  4.310509E-16
6596.4665011691  3.971701E-15
6596.53088220053  3.722093E-15
6596.59526323195  8.277118E-15
6596.65964426337  1.012416E-14
6596.72402529479  3.732306E-15
6596.78840632622  5.581953E-15
6596.85278735764  2.252364E-15
6596.91716838906  2.408203E-15
6596.98154942048  5.025078E-15
6597.0459304519  3.389373E-15
6597.11031148333  2.952115E-15
6597.17469251475  6.293554E-15
6597.23907354617  8.544757E-15
6597.30345457759  3.332949E-15
6597.36783560901  3.710350E-15
6597.43221664044  3.489910E-15
6597.49659767186  4.142680E-15
6597.56097870328  5.016456E-15
6597.6253597347  4.630865E-15
6597.68974076613  2.776594E-15
6597.75412179755  3.822083E-15
6597.81850282897  7.085415E-15
6597.88288386039  5.258332E-15
6597.94726489181  2.631939E-15
6598.01164592323  5.084029E-15
6598.07602695466  5.576356E-15
6598.14040798608  4.585185E-15
6598.2047890175  4.132322E-15
6598.26917004892  5.256521E-15
6598.33355108034  8.737616E-15
6598.39793211177  4.973067E-15
6598.46231314319  3.093043E-15
6598.52669417461  4.973548E-15
6598.59107520603  3.854711E-15
6598.65545623746  2.456986E-15
6598.71983726888  1.849783E-15
6598.7842183003  1.151605E-15
6598.84859933172  3.981883E-15
6598.91298036314  6.322540E-17
6598.97736139457  2.790134E-14
6599.04174242599  2.254889E-14
6599.10612345741  1.253279E-15
6599.17050448883  5.300020E-15
6599.23488552025  6.089220E-15
6599.29926655168  6.800194E-15
6599.3636475831  5.933024E-15
6599.42802861452  5.016544E-15
6599.49240964594  7.525417E-15
6599.55679067736  5.297306E-15
6599.62117170879  6.664646E-15
6599.68555274021  1.688912E-15
6599.74993377163  8.525593E-16
6599.81431480305  3.497659E-15
6599.87869583447  3.615263E-15
6599.9430768659  2.622424E-15
6600.00745789732  3.355494E-15
6600.07183892874  4.032156E-15
6600.13621996016  2.092704E-15
6600.20060099158  4.012087E-15
6600.26498202301  3.697440E-15
6600.32936305443  1.276781E-15
6600.39374408585  4.659672E-14
6600.45812511727  8.366283E-14
6600.52250614869  -3.701301E-17
6600.58688718012  3.630839E-15
6600.65126821154  6.028423E-15
6600.71564924296  3.178182E-15
6600.78003027438  2.351142E-15
6600.84441130581  3.559032E-15
6600.90879233723  -1.028590E-16
6600.97317336865  2.315130E-15
6601.03755440007  4.962844E-15
6601.10193543149  4.905717E-15
6601.16631646291  2.266357E-15
6601.23069749434  1.406423E-15
6601.29507852576  3.899001E-15
6601.35945955718  6.998229E-15
6601.4238405886  8.533623E-15
6601.48822162003  6.092598E-15
6601.55260265145  2.311022E-15
6601.61698368287  3.213414E-15
6601.68136471429  3.894032E-15
6601.74574574571  1.586225E-15
6601.81012677714  3.438796E-15
6601.87450780856  5.381015E-15
6601.93888883998  4.682778E-15
6602.0032698714  6.636042E-15
6602.06765090282  5.904915E-15
6602.13203193425  4.130547E-15
6602.19641296567  4.026950E-15
6602.26079399709  4.762218E-15
6602.32517502851  6.787560E-15
6602.38955605993  7.187081E-15
6602.45393709136  5.485244E-15
6602.51831812278  6.990182E-15
6602.5826991542  6.050679E-15
6602.64708018562  4.080862E-15
6602.71146121704  3.700868E-15
6602.77584224847  6.242423E-15
6602.84022327989  3.714131E-15
6602.90460431131  2.815353E-15
6602.96898534273  5.538543E-15
6603.03336637415  3.645094E-15
6603.09774740558  8.866368E-16
6603.162128437  2.718694E-15
6603.22650946842  6.516295E-15
6603.29089049984  4.627995E-15
6603.35527153127  4.466088E-15
6603.41965256269  1.756169E-15
6603.48403359411  9.642816E-16
6603.54841462553  1.704995E-15
6603.61279565695  5.056115E-15
6603.67717668837  6.584039E-15
6603.7415577198  4.711573E-15
6603.80593875122  5.928156E-15
6603.87031978264  4.225080E-15
6603.93470081406  4.987958E-15
6603.99908184548  5.887703E-15
6604.06346287691  3.060627E-15
6604.12784390833  3.051721E-15
6604.19222493975  4.365932E-15
6604.25660597117  4.876303E-15
6604.3209870026  2.942591E-14
6604.38536803402  6.910924E-15
6604.44974906544  4.621251E-15
6604.51413009686  7.538116E-15
6604.57851112828  7.428060E-15
6604.64289215971  6.343539E-15
6604.70727319113  9.954882E-15
6604.77165422255  1.307898E-15
6604.83603525397  1.600132E-15
6604.90041628539  3.076492E-15
6604.96479731682  1.343679E-15
6605.02917834824  8.291238E-15
6605.09355937966  8.506433E-15
6605.15794041108  3.716232E-15
6605.2223214425  5.897861E-15
6605.28670247392  3.096683E-15
6605.35108350535  3.636686E-15
6605.41546453677  4.063794E-15
6605.47984556819  6.581184E-15
6605.54422659961  4.381515E-15
6605.60860763104  5.633975E-15
6605.67298866246  2.488572E-15
6605.73736969388  2.586935E-15
6605.8017507253  5.547802E-15
6605.86613175673  3.213629E-15
6605.93051278815  5.530087E-15
6605.99489381957  7.777180E-15
6606.05927485099  2.491185E-15
6606.12365588241  3.157252E-16
6606.18803691383  5.110024E-15
6606.25241794526  5.309245E-15
6606.31679897668  4.388678E-16
6606.3811800081  3.653613E-15
6606.44556103952  7.904243E-15
6606.50994207095  7.473148E-15
6606.57432310237  3.728359E-15
6606.63870413379  1.286941E-15
6606.70308516521  3.225926E-15
6606.76746619663  6.679613E-16
6606.83184722805  2.188619E-15
6606.89622825948  5.515142E-15
6606.9606092909  1.337717E-15
6607.02499032232  7.775955E-16
6607.08937135374  6.125240E-15
6607.15375238516  8.474594E-15
6607.21813341659  5.778698E-15
6607.28251444801  5.259075E-15
6607.34689547943  2.847913E-15
6607.41127651085  2.666963E-15
6607.47565754228  6.027953E-15
6607.5400385737  2.093176E-15
6607.60441960512  5.137124E-15
6607.66880063654  7.465332E-15
6607.73318166796  4.470625E-15
6607.79756269939  4.216289E-15
6607.86194373081  3.521872E-15
6607.92632476223  2.080063E-15
6607.99070579365  5.378217E-15
6608.05508682507  6.440041E-15
6608.1194678565  3.563712E-15
6608.18384888792  1.411090E-15
6608.24822991934  3.568342E-15
6608.31261095076  4.046682E-15
6608.37699198218  3.129548E-15
6608.44137301361  1.196998E-14
6608.50575404503  5.583188E-15
6608.57013507645  5.217143E-15
6608.63451610787  6.478194E-15
6608.69889713929  6.205504E-15
6608.76327817072  1.474943E-15
6608.82765920214  3.655183E-15
6608.89204023356  1.128961E-15
6608.95642126498  8.278561E-15
6609.0208022964  8.687303E-15
6609.08518332783  5.728309E-15
6609.14956435925  5.713660E-15
6609.21394539067  5.746511E-15
6609.27832642209  3.846139E-15
6609.34270745351  8.726192E-16
6609.40708848494  3.016126E-15
6609.47146951636  4.105824E-15
6609.53585054778  7.021426E-15
6609.6002315792  8.386881E-15
6609.66461261063  6.730215E-15
6609.72899364205  3.160120E-15
6609.79337467347  3.376247E-15
6609.85775570489  5.338224E-15
6609.92213673631  3.424560E-15
6609.98651776773  7.312907E-15
6610.05089879916  5.793014E-15
6610.11527983058  4.225864E-15
6610.179660862  9.073161E-15
6610.24404189342  3.709436E-15
6610.30842292485  3.258263E-15
6610.37280395627  4.262578E-15
6610.43718498769  5.457329E-15
6610.50156601911  5.346135E-15
6610.56594705053  7.456271E-15
6610.63032808196  5.762364E-15
6610.69470911338  3.973849E-15
6610.7590901448  3.047622E-15
6610.82347117622  9.552320E-15
6610.88785220765  7.473478E-15
6610.95223323907  8.245947E-15
6611.01661427049  3.138774E-15
6611.08099530191  7.784682E-15
6611.14537633333  3.285642E-15
6611.20975736475  3.444910E-15
6611.27413839618  6.601272E-15
6611.3385194276  6.699706E-15
6611.40290045902  3.431050E-15
6611.46728149044  4.382134E-15
6611.53166252186  4.528649E-15
6611.59604355329  9.336077E-15
6611.66042458471  6.226483E-15
6611.72480561613  8.099896E-15
6611.78918664755  5.389125E-15
6611.85356767898  1.967855E-15
6611.9179487104  2.068113E-15
6611.98232974182  6.102521E-15
6612.04671077324  2.014970E-15
6612.11109180466  8.538724E-15
6612.17547283609  9.925179E-15
6612.23985386751  4.019322E-15
6612.30423489893  6.274042E-15
6612.36861593035  7.234649E-15
6612.43299696177  3.550699E-15
6612.4973779932  5.358809E-15
6612.56175902462  7.653979E-15
6612.62614005604  3.355075E-15
6612.69052108746  9.669055E-15
6612.75490211889  5.281571E-15
6612.8192831503  1.930585E-15
6612.88366418173  6.444711E-15
6612.94804521315  1.941030E-15
6613.01242624457  -1.343872E-15
6613.07680727599  5.146956E-14
6613.14118830742  1.983298E-13
6613.20556933884  5.298377E-14
6613.26995037026  -1.633148E-16
6613.33433140168  1.011879E-14
6613.3987124331  2.087670E-15
6613.46309346453  1.148236E-14
6613.52747449595  6.948135E-15
6613.59185552737  5.004325E-15
6613.65623655879  3.828351E-15
6613.72061759021  5.779167E-15
6613.78499862164  5.664210E-15
6613.84937965306  6.907850E-15
6613.91376068448  4.021552E-15
6613.9781417159  3.510191E-15
6614.04252274732  4.716927E-15
6614.10690377875  7.755859E-15
6614.17128481017  5.103110E-16
6614.23566584159  9.186520E-15
6614.30004687301  6.721731E-15
6614.36442790444  8.780430E-15
6614.42880893586  8.066639E-15
6614.49318996728  2.986840E-15
6614.5575709987  2.456591E-15
6614.62195203012  3.884007E-15
6614.68633306155  6.573394E-15
6614.75071409297  4.479430E-15
6614.81509512439  5.895080E-15
6614.87947615581  3.104383E-15
6614.94385718723  7.463389E-15
6615.00823821865  9.181202E-15
6615.07261925008  2.941393E-15
6615.1370002815  7.444191E-15
6615.20138131292  5.724664E-15
6615.26576234434  4.592288E-15
6615.33014337577  7.639754E-15
6615.39452440719  4.373927E-15
6615.45890543861  6.688796E-15
6615.52328647003  4.108386E-15
6615.58766750145  7.499509E-15
6615.65204853288  7.138911E-15
6615.7164295643  2.156548E-15
6615.78081059572  3.730948E-15
6615.84519162714  5.570469E-15
6615.90957265856  7.121736E-15
6615.97395368999  1.000424E-14
6616.03833472141  2.075875E-15
6616.10271575283  9.681648E-15
6616.16709678425  1.018669E-15
6616.23147781567  8.304662E-16
6616.2958588471  2.773234E-16
6616.36023987852  1.257805E-15
6616.42462090994  7.766864E-15
6616.48900194136  1.075609E-14
6616.55338297278  1.774038E-15
6616.61776400421  4.850360E-15
6616.68214503563  3.621924E-15
6616.74652606705  2.927141E-15
6616.81090709847  -1.841724E-16
6616.87528812989  5.874966E-15
6616.93966916132  2.752345E-15
6617.00405019274  4.938822E-15
6617.06843122416  2.671714E-15
6617.13281225558  3.484730E-15
6617.197193287  1.221504E-14
6617.26157431843  1.224999E-14
6617.32595534985  1.969870E-13
6617.39033638127  4.581916E-13
6617.45471741269  1.918743E-13
6617.51909844412  -4.219123E-15
6617.58347947554  4.235319E-15
6617.64786050696  4.531051E-15
6617.71224153838  7.805989E-15
6617.7766225698  1.144596E-15
6617.84100360123  4.340699E-15
6617.90538463265  9.663186E-15
6617.96976566407  5.271318E-15
6618.03414669549  6.032339E-15
6618.09852772691  6.869723E-15
6618.16290875833  8.463337E-15
6618.22728978976  7.433244E-15
6618.29167082118  4.421304E-15
6618.3560518526  1.011081E-14
6618.42043288403  6.813427E-15
6618.48481391545  1.292729E-14
6618.54919494687  5.248663E-15
6618.61357597829  7.575170E-15
6618.67795700971  6.384662E-15
6618.74233804113  5.839641E-15
6618.80671907256  3.377149E-15
6618.87110010398  7.864846E-16
6618.9354811354  9.538108E-15
6618.99986216682  1.451370E-14
6619.06424319824  6.030866E-15
6619.12862422967  8.844069E-15
6619.19300526109  7.508644E-15
6619.25738629251  -3.185486E-15
6619.32176732393  6.239056E-15
6619.38614835536  1.187938E-14
6619.45052938678  4.983486E-15
6619.5149104182  6.835552E-15
6619.57929144962  8.644596E-15
6619.64367248104  7.219435E-15
6619.70805351247  4.831186E-15
6619.77243454389  1.234556E-14
6619.83681557531  2.785048E-15
6619.90119660673  -2.959585E-15
6619.96557763815  5.001988E-15
6620.02995866957  8.867968E-15
6620.094339701  9.364203E-15
6620.15872073242  9.633604E-15
6620.22310176384  1.079609E-14
6620.28748279526  1.416657E-14
6620.35186382668  5.506091E-15
6620.41624485811  6.595025E-15
6620.48062588953  1.261778E-14
6620.54500692095  6.513933E-15
6620.60938795237  5.210943E-15
6620.6737689838  4.546284E-15
6620.73815001522  3.887240E-15
6620.80253104664  1.212792E-14
6620.86691207806  6.550944E-15
6620.93129310948  3.391525E-15
6620.99567414091  1.007911E-14
6621.06005517233  4.887917E-15
6621.12443620375  3.672788E-15
6621.18881723517  1.254968E-14
6621.25319826659  1.379488E-14
6621.31757929802  7.754319E-15
6621.38196032944  7.632222E-15
6621.44634136086  9.860002E-15
6621.51072239228  2.125089E-15
6621.57510342371  5.828833E-15
6621.63948445513  1.011329E-14
6621.70386548655  1.129238E-14
6621.76824651797  1.523051E-14
6621.83262754939  9.895132E-15
6621.89700858081  -1.780614E-15
6621.96138961224  1.058767E-15
6622.02577064366  8.075727E-15
6622.09015167508  8.402292E-15
6622.1545327065  5.995303E-15
6622.21891373792  1.706703E-14
6622.28329476935  1.134827E-14
6622.34767580077  3.106999E-15
6622.41205683219  4.179492E-15
6622.47643786361  7.581229E-15
6622.54081889503  5.533192E-15
6622.60519992646  -1.067940E-15
6622.66958095788  3.909946E-15
6622.7339619893  6.289774E-15
6622.79834302072  2.537550E-14
6622.86272405215  2.778482E-15
6622.92710508357  1.322957E-16
6622.99148611499  4.258101E-15
6623.05586714641  5.251775E-15
6623.12024817783  7.108641E-15
6623.18462920926  2.061622E-14
6623.24901024068  8.676873E-15
6623.3133912721  9.342416E-15
6623.37777230352  7.991204E-15
6623.44215333494  6.254612E-15
6623.50653436637  1.134009E-13
6623.57091539779  2.739775E-14
6623.63529642921  1.098748E-14
6623.69967746063  7.312390E-15
6623.76405849205  2.743411E-15
6623.82843952347  -7.176729E-15
6623.8928205549  6.100081E-15
6623.95720158632  4.565099E-15
6624.02158261774  -1.621962E-16
6624.08596364916  1.695788E-14
6624.15034468059  1.650499E-14
6624.21472571201  8.108053E-15
6624.27910674343  8.367097E-15
6624.34348777485  8.444254E-15
6624.40786880627  1.908183E-14
6624.4722498377  7.192383E-15
6624.53663086912  1.061571E-14
6624.60101190054  1.148633E-14
6624.66539293196  6.156206E-15
6624.72977396338  1.161797E-14
6624.79415499481  3.082313E-15
6624.85853602623  5.009596E-15
6624.92291705765  2.473752E-15
6624.98729808907  1.338512E-14
6625.05167912049  1.444470E-14
6625.11606015192  6.153870E-15
6625.18044118334  2.654341E-15
6625.24482221476  3.273031E-15
6625.30920324618  5.423650E-15
6625.3735842776  1.586047E-14
6625.43796530903  1.321672E-14
6625.50234634045  2.718555E-15
6625.56672737187  1.110736E-14
6625.63110840329  3.732534E-15
6625.69548943471  1.732210E-14
6625.75987046614  7.162273E-15
6625.82425149756  7.684518E-15
6625.88863252898  6.928603E-15
6625.9530135604  3.722207E-15
6626.01739459183  8.256079E-15
6626.08177562325  3.757492E-15
6626.14615665467  1.282370E-14
6626.21053768609  6.428252E-15
6626.27491871751  8.099374E-15
6626.33929974894  1.310673E-14
6626.40368078036  7.386651E-15
6626.46806181178  1.600485E-14
6626.5324428432  5.907821E-15
6626.59682387463  6.475583E-15
6626.66120490605  1.721876E-14
6626.72558593747  1.087188E-14
