   6500.08984       3.50000011E-14
   6500.18018       3.50000011E-14
   6500.27002       3.50000011E-14
   6500.35986       3.50000011E-14
   6500.45020       3.50000011E-14
   6500.54004       3.50000011E-14
   6500.62988       3.50000011E-14
   6500.72021       3.50000011E-14
   6500.81006       3.50000011E-14
   6500.89990       3.50000011E-14
   6500.99023       3.50000011E-14
   6501.08008       3.50000011E-14
   6501.16992       3.50000011E-14
   6501.25977       3.50000011E-14
   6501.35010       3.50000011E-14
   6501.43994       3.50000011E-14
   6501.52979       3.50000011E-14
   6501.62012       3.50000011E-14
   6501.70996       3.50000011E-14
   6501.79980       3.50000011E-14
   6501.89014       3.50000011E-14
   6501.97998       3.50000011E-14
   6502.06982       3.50000011E-14
   6502.16016       3.50000011E-14
   6502.25000       3.50000011E-14
   6502.33984       3.50000011E-14
   6502.43018       3.50000011E-14
   6502.52002       3.50000011E-14
   6502.60986       3.50000011E-14
   6502.70020       3.50000011E-14
   6502.79004       3.50000011E-14
   6502.87988       3.50000011E-14
   6502.97021       3.50000011E-14
   6503.06006       3.50000011E-14
   6503.14990       3.50000011E-14
   6503.24023       3.50000011E-14
   6503.33008       3.50000011E-14
   6503.41992       3.50000011E-14
   6503.50977       3.50000011E-14
   6503.60010       3.50000011E-14
   6503.68994       3.50000011E-14
   6503.77979       3.50000011E-14
   6503.87012       3.50000011E-14
   6503.95996       3.50000011E-14
   6504.04980       3.50000011E-14
   6504.14014       3.50000011E-14
   6504.22998       3.50000011E-14
   6504.31982       3.50000011E-14
   6504.41016       3.50000011E-14
   6504.50000       3.50000011E-14
   6504.58984       3.50000011E-14
   6504.68018       3.50000011E-14
   6504.77002       3.50000011E-14
   6504.85986       3.50000011E-14
   6504.95020       3.50000011E-14
   6505.04004       3.50000011E-14
   6505.12988       3.50000011E-14
   6505.22021       3.50000011E-14
   6505.31006       3.50000011E-14
   6505.39990       3.50000011E-14
   6505.49023       3.50000011E-14
   6505.58008       3.50000011E-14
   6505.66992       3.50000011E-14
   6505.75977       3.50000011E-14
   6505.85010       3.50000011E-14
   6505.93994       3.50000011E-14
   6506.02979       3.50000011E-14
   6506.12012       3.50000011E-14
   6506.20996       3.50000011E-14
   6506.29980       3.50000011E-14
   6506.39014       3.50000011E-14
   6506.47998       3.50000011E-14
   6506.56982       3.50000011E-14
   6506.66016       3.50000011E-14
   6506.75000       3.50000011E-14
   6506.83984       3.50000011E-14
   6506.93018       3.50000011E-14
   6507.02002       3.50000011E-14
   6507.10986       3.50000011E-14
   6507.20020       3.50000011E-14
   6507.29004       3.50000011E-14
   6507.37988       3.50000011E-14
   6507.47021       3.50000011E-14
   6507.56006       3.50000011E-14
   6507.64990       3.50000011E-14
   6507.74023       3.50000011E-14
   6507.83008       3.50000011E-14
   6507.91992       3.50000011E-14
   6508.00977       3.50000011E-14
   6508.10010       3.50000011E-14
   6508.18994       3.50000011E-14
   6508.27979       3.50000011E-14
   6508.37012       3.50000011E-14
   6508.45996       3.50000011E-14
   6508.54980       3.50000011E-14
   6508.64014       3.50000011E-14
   6508.72998       3.50000011E-14
   6508.81982       3.50000011E-14
   6508.91016       3.50000011E-14
   6509.00000       3.50000011E-14
   6509.08984       3.50000011E-14
   6509.18018       3.50000011E-14
   6509.27002       3.50000011E-14
   6509.35986       3.50000011E-14
   6509.45020       3.50000011E-14
   6509.54004       3.50000011E-14
   6509.62988       3.50000011E-14
   6509.72021       3.50000011E-14
   6509.81006       3.50000011E-14
   6509.89990       3.50000011E-14
   6509.99023       3.50000011E-14
   6510.08008       3.50000011E-14
   6510.16992       3.50000011E-14
   6510.25977       3.50000011E-14
   6510.35010       3.50000011E-14
   6510.43994       3.50000011E-14
   6510.52979       3.50000011E-14
   6510.62012       3.50000011E-14
   6510.70996       3.50000011E-14
   6510.79980       3.50000011E-14
   6510.89014       3.50000011E-14
   6510.97998       3.50000011E-14
   6511.06982       3.50000011E-14
   6511.16016       3.50000011E-14
   6511.25000       3.50000011E-14
   6511.33984       3.50000011E-14
   6511.43018       3.50000011E-14
   6511.52002       3.50000011E-14
   6511.60986       3.50000011E-14
   6511.70020       3.50000011E-14
   6511.79004       3.50000011E-14
   6511.87988       3.50000011E-14
   6511.97021       3.50000011E-14
   6512.06006       3.50000011E-14
   6512.14990       3.50000011E-14
   6512.24023       3.50000011E-14
   6512.33008       3.50000011E-14
   6512.41992       3.50000011E-14
   6512.50977       3.50000011E-14
   6512.60010       3.50000011E-14
   6512.68994       3.50000011E-14
   6512.77979       3.50000011E-14
   6512.87012       3.50000011E-14
   6512.95996       3.50000011E-14
   6513.04980       3.50000011E-14
   6513.14014       3.50000011E-14
   6513.22998       3.50000011E-14
   6513.31982       3.50000011E-14
   6513.41016       3.50000011E-14
   6513.50000       3.50000011E-14
   6513.58984       3.50000011E-14
   6513.68018       3.50000011E-14
   6513.77002       3.50000011E-14
   6513.85986       3.50000011E-14
   6513.95020       3.50000011E-14
   6514.04004       3.50000011E-14
   6514.12988       3.50000011E-14
   6514.22021       3.50000011E-14
   6514.31006       3.50000011E-14
   6514.39990       3.50000011E-14
   6514.49023       3.50000011E-14
   6514.58008       3.50000011E-14
   6514.66992       3.50000011E-14
   6514.75977       3.50000011E-14
   6514.85010       3.50000011E-14
   6514.93994       3.50000011E-14
   6515.02979       3.50000011E-14
   6515.12012       3.50000011E-14
   6515.20996       3.50000011E-14
   6515.29980       3.50000011E-14
   6515.39014       3.50000011E-14
   6515.47998       3.50000011E-14
   6515.56982       3.50000011E-14
   6515.66016       3.50000011E-14
   6515.75000       3.50000011E-14
   6515.83984       3.50000011E-14
   6515.93018       3.50000011E-14
   6516.02002       3.50000011E-14
   6516.10986       3.50000011E-14
   6516.20020       3.50000011E-14
   6516.29004       3.50000011E-14
   6516.37988       3.50000011E-14
   6516.47021       3.50000011E-14
   6516.56006       3.50000011E-14
   6516.64990       3.50000011E-14
   6516.74023       3.50000011E-14
   6516.83008       3.50000011E-14
   6516.91992       3.50000011E-14
   6517.00977       3.50000011E-14
   6517.10010       3.50000011E-14
   6517.18994       3.50000011E-14
   6517.27979       3.50000011E-14
   6517.37012       3.50000011E-14
   6517.45996       3.50000011E-14
   6517.54980       3.50000011E-14
   6517.64014       3.50000011E-14
   6517.72998       3.50000011E-14
   6517.81982       3.50000011E-14
   6517.91016       3.50000011E-14
   6518.00000       3.50000011E-14
   6518.08984       3.50000011E-14
   6518.18018       3.50000011E-14
   6518.27002       3.50000011E-14
   6518.35986       3.50000011E-14
   6518.45020       3.50000011E-14
   6518.54004       3.50000011E-14
   6518.62988       3.50000011E-14
   6518.72021       3.50000011E-14
   6518.81006       3.50000011E-14
   6518.89990       3.50000011E-14
   6518.99023       3.50000011E-14
   6519.08008       3.50000011E-14
   6519.16992       3.50000011E-14
   6519.25977       3.50000011E-14
   6519.35010       3.50000011E-14
   6519.43994       3.50000011E-14
   6519.52979       3.50000011E-14
   6519.62012       3.50000011E-14
   6519.70996       3.50000011E-14
   6519.79980       3.50000011E-14
   6519.89014       3.50000011E-14
   6519.97998       3.50000011E-14
   6520.06982       3.50000011E-14
   6520.16016       3.50000011E-14
   6520.25000       3.50000011E-14
   6520.33984       3.50000011E-14
   6520.43018       3.50000011E-14
   6520.52002       3.50000011E-14
   6520.60986       3.50000011E-14
   6520.70020       3.50000011E-14
   6520.79004       3.50000011E-14
   6520.87988       3.50000011E-14
   6520.97021       3.50000011E-14
   6521.06006       3.50000011E-14
   6521.14990       3.50000011E-14
   6521.24023       3.50000011E-14
   6521.33008       3.50000011E-14
   6521.41992       3.50000011E-14
   6521.50977       3.50000011E-14
   6521.60010       3.50000011E-14
   6521.68994       3.50000011E-14
   6521.77979       3.50000011E-14
   6521.87012       3.50000011E-14
   6521.95996       3.50000011E-14
   6522.04980       3.50000011E-14
   6522.14014       3.50000011E-14
   6522.22998       3.50000011E-14
   6522.31982       3.50000011E-14
   6522.41016       3.50000011E-14
   6522.50000       3.50000045E-14
   6522.58984       3.50000045E-14
   6522.68018       3.50000045E-14
   6522.77002       3.50000045E-14
   6522.85986       3.50000045E-14
   6522.95020       3.50000045E-14
   6523.04004       3.50000045E-14
   6523.12988       3.50000045E-14
   6523.22021       3.50000045E-14
   6523.31006       3.50000045E-14
   6523.39990       3.50000045E-14
   6523.49023       3.50000045E-14
   6523.58008       3.50000045E-14
   6523.66992       3.50000045E-14
   6523.75977       3.50000045E-14
   6523.85010       3.50000045E-14
   6523.93994       3.50000045E-14
   6524.02979       3.50000079E-14
   6524.12012       3.50000079E-14
   6524.20996       3.50000079E-14
   6524.29980       3.50000079E-14
   6524.39014       3.50000079E-14
   6524.47998       3.50000079E-14
   6524.56982       3.50000112E-14
   6524.66016       3.50000146E-14
   6524.75000       3.50000214E-14
   6524.83984       3.50000451E-14
   6524.93018       3.50001061E-14
   6525.02002       3.50002721E-14
   6525.10986       3.50006990E-14
   6525.20020       3.50017460E-14
   6525.29004       3.50041719E-14
   6525.37988       3.50095590E-14
   6525.47021       3.50210515E-14
   6525.56006       3.50441552E-14
   6525.64990       3.50885702E-14
   6525.74023       3.51704715E-14
   6525.83008       3.53125867E-14
   6525.91992       3.55480585E-14
   6526.00977       3.59187811E-14
   6526.10010       3.64763355E-14
   6526.18994       3.72621279E-14
   6526.27979       3.83141666E-14
   6526.37012       3.96504966E-14
   6526.45996       4.12273162E-14
   6526.54980       4.29730985E-14
   6526.64014       4.47701771E-14
   6526.72998       4.64333128E-14
   6526.81982       4.77928244E-14
   6526.91016       4.86896290E-14
   6527.00000       4.90000462E-14
   6527.08984       4.86896358E-14
   6527.18018       4.77928379E-14
   6527.27002       4.64333297E-14
   6527.35986       4.47701975E-14
   6527.45020       4.29731256E-14
   6527.54004       4.12273500E-14
   6527.62988       3.96505338E-14
   6527.72021       3.83142140E-14
   6527.81006       3.72621787E-14
   6527.89990       3.64763931E-14
   6527.99023       3.59188455E-14
   6528.08008       3.55481297E-14
   6528.16992       3.53126680E-14
   6528.25977       3.51705562E-14
   6528.35010       3.50886617E-14
   6528.43994       3.50442535E-14
   6528.52979       3.50211600E-14
   6528.62012       3.50096742E-14
   6528.70996       3.50042972E-14
   6528.79980       3.50018815E-14
   6528.89014       3.50008447E-14
   6528.97998       3.50004280E-14
   6529.06982       3.50002721E-14
   6529.16016       3.50002213E-14
   6529.25000       3.50002111E-14
   6529.33984       3.50002145E-14
   6529.43018       3.50002247E-14
   6529.52002       3.50002349E-14
   6529.60986       3.50002518E-14
   6529.70020       3.50002654E-14
   6529.79004       3.50002789E-14
   6529.87988       3.50002958E-14
   6529.97021       3.50003128E-14
   6530.06006       3.50003331E-14
   6530.14990       3.50003501E-14
   6530.24023       3.50003704E-14
   6530.33008       3.50003941E-14
   6530.41992       3.50004144E-14
   6530.50977       3.50004415E-14
   6530.60010       3.50004653E-14
   6530.68994       3.50004924E-14
   6530.77979       3.50005195E-14
   6530.87012       3.50005500E-14
   6530.95996       3.50005805E-14
   6531.04980       3.50006143E-14
   6531.14014       3.50006482E-14
   6531.22998       3.50006855E-14
   6531.31982       3.50007261E-14
   6531.41016       3.50007668E-14
   6531.50000       3.50008108E-14
   6531.58984       3.50008583E-14
   6531.68018       3.50009057E-14
   6531.77002       3.50009565E-14
   6531.85986       3.50010107E-14
   6531.95020       3.50010683E-14
   6532.04004       3.50011293E-14
   6532.12988       3.50011937E-14
   6532.22021       3.50012615E-14
   6532.31006       3.50013360E-14
   6532.39990       3.50014105E-14
   6532.49023       3.50014919E-14
   6532.58008       3.50015766E-14
   6532.66992       3.50016680E-14
   6532.75977       3.50017663E-14
   6532.85010       3.50018679E-14
   6532.93994       3.50019797E-14
   6533.02979       3.50020949E-14
   6533.12012       3.50022203E-14
   6533.20996       3.50023524E-14
   6533.29980       3.50024914E-14
   6533.39014       3.50026438E-14
   6533.47998       3.50028031E-14
   6533.56982       3.50029759E-14
   6533.66016       3.50031622E-14
   6533.75000       3.50033587E-14
   6533.83984       3.50035688E-14
   6533.93018       3.50037958E-14
   6534.02002       3.50040397E-14
   6534.10986       3.50043040E-14
   6534.20020       3.50045852E-14
   6534.29004       3.50048902E-14
   6534.37988       3.50052188E-14
   6534.47021       3.50055712E-14
   6534.56006       3.50059540E-14
   6534.64990       3.50063674E-14
   6534.74023       3.50068146E-14
   6534.83008       3.50072957E-14
   6534.91992       3.50078209E-14
   6535.00977       3.50083867E-14
   6535.10010       3.50090033E-14
   6535.18994       3.50096674E-14
   6535.27979       3.50103891E-14
   6535.37012       3.50111751E-14
   6535.45996       3.50120256E-14
   6535.54980       3.50129505E-14
   6535.64014       3.50139568E-14
   6535.72998       3.50150444E-14
   6535.81982       3.50162268E-14
   6535.91016       3.50175177E-14
   6536.00000       3.50189102E-14
   6536.08984       3.50204247E-14
   6536.18018       3.50220748E-14
   6536.27002       3.50238569E-14
   6536.35986       3.50257915E-14
   6536.45020       3.50278990E-14
   6536.54004       3.50301724E-14
   6536.62988       3.50326390E-14
   6536.72021       3.50353224E-14
   6536.81006       3.50382090E-14
   6536.89990       3.50413363E-14
   6536.99023       3.50447346E-14
   6537.08008       3.50483870E-14
   6537.16992       3.50523274E-14
   6537.25977       3.50565829E-14
   6537.35010       3.50611941E-14
   6537.43994       3.50661374E-14
   6537.52979       3.50714568E-14
   6537.62012       3.50772098E-14
   6537.70996       3.50833627E-14
   6537.79980       3.50899661E-14
   6537.89014       3.50970880E-14
   6537.97998       3.51046842E-14
   6538.06982       3.51128123E-14
   6538.16016       3.51215571E-14
   6538.25000       3.51308507E-14
   6538.33984       3.51407746E-14
   6538.43018       3.51514133E-14
   6538.52002       3.51626856E-14
   6538.60986       3.51746796E-14
   6538.70020       3.51875037E-14
   6538.79004       3.52010460E-14
   6538.87988       3.52154083E-14
   6538.97021       3.52307091E-14
   6539.06006       3.52468129E-14
   6539.14990       3.52638383E-14
   6539.24023       3.52819106E-14
   6539.33008       3.53008638E-14
   6539.41992       3.53208301E-14
   6539.50977       3.53418331E-14
   6539.60010       3.53640186E-14
   6539.68994       3.53871798E-14
   6539.77979       3.54114558E-14
   6539.87012       3.54370023E-14
   6539.95996       3.54635720E-14
   6540.04980       3.54913107E-14
   6540.14014       3.55203944E-14
   6540.22998       3.55505183E-14
   6540.31982       3.55818483E-14
   6540.41016       3.56145641E-14
   6540.50000       3.56483201E-14
   6540.58984       3.56832788E-14
   6540.68018       3.57196403E-14
   6540.77002       3.57569944E-14
   6540.85986       3.57955243E-14
   6540.95020       3.58354263E-14
   6541.04004       3.58762465E-14
   6541.12988       3.59181679E-14
   6541.22021       3.59613936E-14
   6541.31006       3.60054156E-14
   6541.39990       3.60504236E-14
   6541.49023       3.60966208E-14
   6541.58008       3.61434515E-14
   6541.66992       3.61911056E-14
   6541.75977       3.62395254E-14
   6541.85010       3.62889040E-14
   6541.93994       3.63386384E-14
   6542.02979       3.63889183E-14
   6542.12012       3.64399368E-14
   6542.20996       3.64910569E-14
   6542.29980       3.65424684E-14
   6542.39014       3.65943543E-14
   6542.47998       3.66460605E-14
   6542.56982       3.66977702E-14
   6542.66016       3.67496628E-14
   6542.75000       3.68010710E-14
   6542.83984       3.68521741E-14
   6542.93018       3.69031384E-14
   6543.02002       3.69533099E-14
   6543.10986       3.70028545E-14
   6543.20020       3.70519316E-14
   6543.29004       3.70999042E-14
   6543.37988       3.71469382E-14
   6543.47021       3.71931761E-14
   6543.56006       3.72380146E-14
   6543.64990       3.72816165E-14
   6543.74023       3.73241070E-14
   6543.83008       3.73649442E-14
   6543.91992       3.74042702E-14
   6544.00977       3.74420038E-14
   6544.10010       3.74782670E-14
   6544.18994       3.75125922E-14
   6544.27979       3.75451182E-14
   6544.37012       3.75759502E-14
   6544.45996       3.76047053E-14
   6544.54980       3.76315122E-14
   6544.64014       3.76564624E-14
   6544.72998       3.76792612E-14
   6544.81982       3.77000270E-14
   6544.91016       3.77188481E-14
   6545.00000       3.77355109E-14
   6545.08984       3.77501307E-14
   6545.18018       3.77627854E-14
   6545.27002       3.77733530E-14
   6545.35986       3.77819419E-14
   6545.45020       3.77886199E-14
   6545.54004       3.77933565E-14
   6545.62988       3.77962466E-14
   6545.72021       3.77973511E-14
   6545.81006       3.77967277E-14
   6545.89990       3.77944610E-14
   6545.99023       3.77906019E-14
   6546.08008       3.77852860E-14
   6546.16992       3.77785809E-14
   6546.25977       3.77705916E-14
   6546.35010       3.77613624E-14
   6546.43994       3.77510997E-14
   6546.52979       3.77398681E-14
   6546.62012       3.77277148E-14
   6546.70996       3.77148840E-14
   6546.79980       3.77014365E-14
   6546.89014       3.76874096E-14
   6546.97998       3.76730812E-14
   6547.06982       3.76584987E-14
   6547.16016       3.76436993E-14
   6547.25000       3.76289711E-14
   6547.33984       3.76143547E-14
   6547.43018       3.75998874E-14
   6547.52002       3.75858470E-14
   6547.60986       3.75722741E-14
   6547.70020       3.75592095E-14
   6547.79004       3.75469038E-14
   6547.87988       3.75353943E-14
   6547.97021       3.75247285E-14
   6548.06006       3.75151231E-14
   6548.14990       3.75066087E-14
   6548.24023       3.74992429E-14
   6548.33008       3.74931917E-14
   6548.41992       3.74884958E-14
   6548.50977       3.74852262E-14
   6548.60010       3.74834509E-14
   6548.68994       3.74832577E-14
   6548.77979       3.74846909E-14
   6548.87012       3.74878283E-14
   6548.95996       3.74926903E-14
   6549.04980       3.74993310E-14
   6549.14014       3.75078454E-14
   6549.22998       3.75181724E-14
   6549.31982       3.75303900E-14
   6549.41016       3.75445999E-14
   6549.50000       3.75606732E-14
   6549.58984       3.75786980E-14
   6549.68018       3.75988032E-14
   6549.77002       3.76207718E-14
   6549.85986       3.76447225E-14
   6549.95020       3.76707942E-14
   6550.04004       3.76987023E-14
   6550.12988       3.77285822E-14
   6550.22021       3.77606000E-14
   6550.31006       3.77943967E-14
   6550.39990       3.78301245E-14
   6550.49023       3.78679801E-14
   6550.58008       3.79075332E-14
   6550.66992       3.79489598E-14
   6550.75977       3.79922398E-14
   6550.85010       3.80376001E-14
   6550.93994       3.80845190E-14
   6551.02979       3.81332132E-14
   6551.12012       3.81839302E-14
   6551.20996       3.82360938E-14
   6551.29980       3.82899448E-14
   6551.39014       3.83457609E-14
   6551.47998       3.84029017E-14
   6551.56982       3.84616384E-14
   6551.66016       3.85222656E-14
   6551.75000       3.85841024E-14
   6551.83984       3.86474368E-14
   6551.93018       3.87125973E-14
   6552.02002       3.87788421E-14
   6552.10986       3.88464895E-14
   6552.20020       3.89158886E-14
   6552.29004       3.89862601E-14
   6552.37988       3.90579428E-14
   6552.47021       3.91313060E-14
   6552.56006       3.92055264E-14
   6552.64990       3.92809700E-14
   6552.74023       3.93580296E-14
   6552.83008       3.94358381E-14
   6552.91992       3.95147849E-14
   6553.00977       3.95948397E-14
   6553.10010       3.96764192E-14
   6553.18994       3.97586152E-14
   6553.27979       3.98418413E-14
   6553.37012       3.99265277E-14
   6553.45996       4.00117392E-14
   6553.54980       4.00978960E-14
   6553.64014       4.01854555E-14
   6553.72998       4.02734453E-14
   6553.81982       4.03623092E-14
   6553.91016       4.04525114E-14
   6554.00000       4.05430558E-14
   6554.08984       4.06343999E-14
   6554.18018       4.07270246E-14
   6554.27002       4.08199001E-14
   6554.35986       4.09135006E-14
   6554.45020       4.10083209E-14
   6554.54004       4.11033071E-14
   6554.62988       4.11989473E-14
   6554.72021       4.12957429E-14
   6554.81006       4.13926163E-14
   6554.89990       4.14900658E-14
   6554.99023       4.15886062E-14
   6555.08008       4.16871399E-14
   6555.16992       4.17861783E-14
   6555.25977       4.18856912E-14
   6555.35010       4.19861967E-14
   6555.43994       4.20865803E-14
   6555.52979       4.21873636E-14
   6555.62012       4.22890618E-14
   6555.70996       4.23905567E-14
   6555.79980       4.24923633E-14
   6555.89014       4.25950101E-14
   6555.97998       4.26973588E-14
   6556.06982       4.27999379E-14
   6556.16016       4.29032691E-14
   6556.25000       4.30062175E-14
   6556.33984       4.31093014E-14
   6556.43018       4.32130595E-14
   6556.52002       4.33163298E-14
   6556.60986       4.34196543E-14
   6556.70020       4.35235547E-14
   6556.79004       4.36268792E-14
   6556.87988       4.37301528E-14
   6556.97021       4.38339144E-14
   6557.06006       4.39370017E-14
   6557.14990       4.40399433E-14
   6557.24023       4.41432711E-14
   6557.33008       4.42458265E-14
   6557.41992       4.43481515E-14
   6557.50977       4.44502189E-14
   6557.60010       4.45526083E-14
   6557.68994       4.46543403E-14
   6557.77979       4.47564112E-14
   6557.87012       4.48606741E-14
   6557.95996       4.49694433E-14
   6558.04980       4.50918837E-14
   6558.14014       4.52494250E-14
   6558.22998       4.54865875E-14
   6558.31982       4.59022197E-14
   6558.41016       4.66998368E-14
   6558.50000       4.82492227E-14
   6558.58984       5.12299418E-14
   6558.68018       5.68225547E-14
   6558.77002       6.67770960E-14
   6558.85986       8.37664356E-14
   6558.95020       1.11573538E-13
   6559.04004       1.54361211E-13
   6559.12988       2.17117218E-13
   6559.22021       3.04861713E-13
   6559.31006       4.19522381E-13
   6559.39990       5.61334670E-13
   6559.49023       7.26761858E-13
   6559.58008       9.04478153E-13
   6559.66992       1.08113746E-12
   6559.75977       1.23944193E-12
   6559.85010       1.36218196E-12
   6559.93994       1.43302080E-12
   6560.02979       1.44361248E-12
   6560.12012       1.39213792E-12
   6560.20996       1.28586074E-12
   6560.29980       1.13797036E-12
   6560.39014       9.64672786E-13
   6560.47998       7.85715514E-13
   6560.56982       6.15683557E-13
   6560.66016       4.65039303E-13
   6560.75000       3.41689730E-13
   6560.83984       2.46551043E-13
   6560.93018       1.78029398E-13
   6561.02002       1.34332527E-13
   6561.10986       1.13410569E-13
   6561.20020       1.17110152E-13
   6561.29004       1.53600074E-13
   6561.37988       2.41549944E-13
   6561.47021       4.17123123E-13
   6561.56006       7.37161796E-13
   6561.64990       1.29302493E-12
   6561.74023       2.22217167E-12
   6561.83008       3.69229994E-12
   6561.91992       5.92805839E-12
   6562.00977       9.18003520E-12
   6562.10010       1.37274116E-11
   6562.18994       1.97260212E-11
   6562.27979       2.72939726E-11
   6562.37012       3.64112004E-11
   6562.45996       4.66822796E-11
   6562.54980       5.76124495E-11
   6562.64014       6.84975618E-11
   6562.72998       7.83082349E-11
   6562.81982       8.61706262E-11
   6562.91016       9.12888792E-11
   6563.00000       9.30488187E-11
   6563.08984       9.12889278E-11
   6563.18018       8.61707164E-11
   6563.27002       7.83083737E-11
   6563.35986       6.84977491E-11
   6563.45020       5.76126820E-11
   6563.54004       4.66825537E-11
   6563.62988       3.64115231E-11
   6563.72021       2.72943387E-11
   6563.81006       1.97264306E-11
   6563.89990       1.37278617E-11
   6563.99023       9.18051746E-12
   6564.08008       5.92855496E-12
   6564.16992       3.69276311E-12
   6564.25977       2.22249541E-12
   6564.35010       1.29297549E-12
   6564.43994       7.36261854E-13
   6564.52979       4.14432919E-13
   6564.62012       2.35293528E-13
   6564.70996       1.40695330E-13
   6564.79980       9.23946249E-14
   6564.89014       6.86239328E-14
   6564.97998       5.75106911E-14
   6565.06982       5.24735623E-14
   6565.16016       5.02632231E-14
   6565.25000       4.93315715E-14
   6565.33984       4.89395444E-14
   6565.43018       4.87677153E-14
   6565.52002       4.86827545E-14
   6565.60986       4.86289814E-14
   6565.70020       4.85850916E-14
   6565.79004       4.85437225E-14
   6565.87988       4.85018486E-14
   6565.97021       4.84583077E-14
   6566.06006       4.84132692E-14
   6566.14990       4.83664283E-14
   6566.24023       4.83175071E-14
   6566.33008       4.82670443E-14
   6566.41992       4.82147993E-14
   6566.50977       4.81607958E-14
   6566.60010       4.81047494E-14
   6566.68994       4.80472934E-14
   6566.77979       4.79881468E-14
   6566.87012       4.79270080E-14
   6566.95996       4.78645545E-14
   6567.04980       4.78004951E-14
   6567.14014       4.77344909E-14
   6567.22998       4.76672873E-14
   6567.31982       4.75985557E-14
   6567.41016       4.75279402E-14
   6567.50000       4.74562372E-14
   6567.58984       4.73830942E-14
   6567.68018       4.73081352E-14
   6567.77002       4.72322004E-14
   6567.85986       4.71549205E-14
   6567.95020       4.70758957E-14
   6568.04004       4.69960137E-14
   6568.12988       4.69148781E-14
   6568.22021       4.68320756E-14
   6568.31006       4.67485344E-14
   6568.39990       4.66638413E-14
   6568.49023       4.65775591E-14
   6568.58008       4.64906569E-14
   6568.66992       4.64027078E-14
   6568.75977       4.63137422E-14
   6568.85010       4.62232994E-14
   6568.93994       4.61324026E-14
   6569.02979       4.60405910E-14
   6569.12012       4.59473971E-14
   6569.20996       4.58538609E-14
   6569.29980       4.57595184E-14
   6569.39014       4.56638850E-14
   6569.47998       4.55680314E-14
   6569.56982       4.54714764E-14
   6569.66016       4.53737254E-14
   6569.75000       4.52758660E-14
   6569.83984       4.51774136E-14
   6569.93018       4.50778602E-14
   6570.02002       4.49783169E-14
   6570.10986       4.48782857E-14
   6570.20020       4.47772448E-14
   6570.29004       4.46763293E-14
   6570.37988       4.45750275E-14
   6570.47021       4.44728178E-14
   6570.56006       4.43708384E-14
   6570.64990       4.42685744E-14
   6570.74023       4.41655007E-14
   6570.83008       4.40627657E-14
   6570.91992       4.39598444E-14
   6571.00977       4.38567707E-14
   6571.10010       4.37530126E-14
   6571.18994       4.36497287E-14
   6571.27979       4.35463839E-14
   6571.37012       4.34424564E-14
   6571.45996       4.33390947E-14
   6571.54980       4.32357668E-14
   6571.64014       4.31319477E-14
   6571.72998       4.30287858E-14
   6571.81982       4.29257494E-14
   6571.91016       4.28223063E-14
   6572.00000       4.27196086E-14
   6572.08984       4.26171210E-14
   6572.18018       4.25143183E-14
   6572.27002       4.24123356E-14
   6572.35986       4.23106510E-14
   6572.45020       4.22087292E-14
   6572.54004       4.21077087E-14
   6572.62988       4.20070540E-14
   6572.72021       4.19062537E-14
   6572.81006       4.18064156E-14
   6572.89990       4.17070214E-14
   6572.99023       4.16075526E-14
   6573.08008       4.15091139E-14
   6573.16992       4.14111833E-14
   6573.25977       4.13137813E-14
   6573.35010       4.12164098E-14
   6573.43994       4.11201360E-14
   6573.52979       4.10244552E-14
   6573.62012       4.09288692E-14
   6573.70996       4.08344352E-14
   6573.79980       4.07406449E-14
   6573.89014       4.06470139E-14
   6573.97998       4.05545721E-14
   6574.06982       4.04628317E-14
   6574.16016       4.03713080E-14
   6574.25000       4.02810109E-14
   6574.33984       4.01914592E-14
   6574.43018       4.01021820E-14
   6574.52002       4.00141583E-14
   6574.60986       3.99269207E-14
   6574.70020       3.98400083E-14
   6574.79004       3.97543767E-14
   6574.87988       3.96695616E-14
   6574.97021       3.95851226E-14
   6575.06006       3.95019778E-14
   6575.14990       3.94196835E-14
   6575.24023       3.93378059E-14
   6575.33008       3.92572395E-14
   6575.41992       3.91775439E-14
   6575.50977       3.90987291E-14
   6575.60010       3.90203786E-14
   6575.68994       3.89433460E-14
   6575.77979       3.88672147E-14
   6575.87012       3.87915814E-14
   6575.95996       3.87172662E-14
   6576.04980       3.86438623E-14
   6576.14014       3.85709870E-14
   6576.22998       3.84994228E-14
   6576.31982       3.84287837E-14
   6576.41016       3.83586934E-14
   6576.50000       3.82899109E-14
   6576.58984       3.82220568E-14
   6576.68018       3.81547685E-14
   6576.77002       3.80887745E-14
   6576.85986       3.80237122E-14
   6576.95020       3.79592293E-14
   6577.04004       3.78960271E-14
   6577.12988       3.78337532E-14
   6577.22021       3.77720723E-14
   6577.31006       3.77116517E-14
   6577.39990       3.76521493E-14
   6577.49023       3.75932534E-14
   6577.58008       3.75355908E-14
   6577.66992       3.74788430E-14
   6577.75977       3.74229998E-14
   6577.85010       3.73677665E-14
   6577.93994       3.73137359E-14
   6578.02979       3.72605999E-14
   6578.12012       3.72080737E-14
   6578.20996       3.71567198E-14
   6578.29980       3.71062434E-14
   6578.39014       3.70563768E-14
   6578.47998       3.70076487E-14
   6578.56982       3.69597846E-14
   6578.66016       3.69125202E-14
   6578.75000       3.68663636E-14
   6578.83984       3.68210508E-14
   6578.93018       3.67763308E-14
   6579.02002       3.67326849E-14
   6579.10986       3.66898589E-14
   6579.20020       3.66476191E-14
   6579.29004       3.66064126E-14
   6579.37988       3.65660058E-14
   6579.47021       3.65261715E-14
   6579.56006       3.64873367E-14
   6579.64990       3.64492745E-14
   6579.74023       3.64117712E-14
   6579.83008       3.63752302E-14
   6579.91992       3.63394346E-14
   6580.00977       3.63043776E-14
   6580.10010       3.62698627E-14
   6580.18994       3.62362558E-14
   6580.27979       3.62033571E-14
   6580.37012       3.61709869E-14
   6580.45996       3.61394840E-14
   6580.54980       3.61086656E-14
   6580.64014       3.60783553E-14
   6580.72998       3.60488752E-14
   6580.81982       3.60200490E-14
   6580.91016       3.59917140E-14
   6581.00000       3.59641719E-14
   6581.08984       3.59372498E-14
   6581.18018       3.59108054E-14
   6581.27002       3.58851132E-14
   6581.35986       3.58600140E-14
   6581.45020       3.58353721E-14
   6581.54004       3.58114417E-14
   6581.62988       3.57880771E-14
   6581.72021       3.57651530E-14
   6581.81006       3.57428998E-14
   6581.89990       3.57211853E-14
   6581.99023       3.56998909E-14
   6582.08008       3.56792300E-14
   6582.16992       3.56590842E-14
   6582.25977       3.56394364E-14
   6582.35010       3.56201817E-14
   6582.43994       3.56015164E-14
   6582.52979       3.55833256E-14
   6582.62012       3.55655040E-14
   6582.70996       3.55482381E-14
   6582.79980       3.55314194E-14
   6582.89014       3.55149531E-14
   6582.97998       3.54990051E-14
   6583.06982       3.54834807E-14
   6583.16016       3.54682883E-14
   6583.25000       3.54535838E-14
   6583.33984       3.54392758E-14
   6583.43018       3.54252794E-14
   6583.52002       3.54117404E-14
   6583.60986       3.53985707E-14
   6583.70020       3.53856992E-14
   6583.79004       3.53732512E-14
   6583.87988       3.53611522E-14
   6583.97021       3.53493310E-14
   6584.06006       3.53379062E-14
   6584.14990       3.53268067E-14
   6584.24023       3.53159647E-14
   6584.33008       3.53054954E-14
   6584.41992       3.52953276E-14
   6584.50977       3.52854546E-14
   6584.60010       3.52758221E-14
   6584.68994       3.52665217E-14
   6584.77979       3.52574991E-14
   6584.87012       3.52486933E-14
   6584.95996       3.52402027E-14
   6585.04980       3.52319627E-14
   6585.14014       3.52239329E-14
   6585.22998       3.52161876E-14
   6585.31982       3.52086829E-14
   6585.41016       3.52013645E-14
   6585.50000       3.51943138E-14
   6585.58984       3.51874834E-14
   6585.68018       3.51808291E-14
   6585.77002       3.51744187E-14
   6585.85986       3.51682117E-14
   6585.95020       3.51621672E-14
   6586.04004       3.51563498E-14
   6586.12988       3.51507153E-14
   6586.22021       3.51452367E-14
   6586.31006       3.51399614E-14
   6586.39990       3.51348589E-14
   6586.49023       3.51298953E-14
   6586.58008       3.51251248E-14
   6586.66992       3.51205068E-14
   6586.75977       3.51160446E-14
   6586.85010       3.51117078E-14
   6586.93994       3.51075404E-14
   6587.02979       3.51035085E-14
   6587.12012       3.50995952E-14
   6587.20996       3.50958378E-14
   6587.29980       3.50922057E-14
   6587.39014       3.50886787E-14
   6587.47998       3.50852905E-14
   6587.56982       3.50820244E-14
   6587.66016       3.50788497E-14
   6587.75000       3.50758071E-14
   6587.83984       3.50728662E-14
   6587.93018       3.50700168E-14
   6588.02002       3.50672826E-14
   6588.10986       3.50646466E-14
   6588.20020       3.50620920E-14
   6588.29004       3.50596390E-14
   6588.37988       3.50572774E-14
   6588.47021       3.50549871E-14
   6588.56006       3.50527916E-14
   6588.64990       3.50506774E-14
   6588.74023       3.50486309E-14
   6588.83008       3.50466692E-14
   6588.91992       3.50447786E-14
   6589.00977       3.50429592E-14
   6589.10010       3.50412008E-14
   6589.18994       3.50395135E-14
   6589.27979       3.50378906E-14
   6589.37012       3.50363219E-14
   6589.45996       3.50348209E-14
   6589.54980       3.50333742E-14
   6589.64014       3.50319783E-14
   6589.72998       3.50306433E-14
   6589.81982       3.50293592E-14
   6589.91016       3.50281192E-14
   6590.00000       3.50269300E-14
