   4800.10010       3.50000011E-14
   4800.20020       3.50000011E-14
   4800.29980       3.50000011E-14
   4800.39990       3.50000011E-14
   4800.50000       3.50000011E-14
   4800.60010       3.50000011E-14
   4800.70020       3.50000011E-14
   4800.79980       3.50000011E-14
   4800.89990       3.50000011E-14
   4801.00000       3.50000011E-14
   4801.10010       3.50000011E-14
   4801.20020       3.50000011E-14
   4801.29980       3.50000011E-14
   4801.39990       3.50000011E-14
   4801.50000       3.50000011E-14
   4801.60010       3.50000011E-14
   4801.70020       3.50000011E-14
   4801.79980       3.50000011E-14
   4801.89990       3.50000011E-14
   4802.00000       3.50000011E-14
   4802.10010       3.50000011E-14
   4802.20020       3.50000011E-14
   4802.29980       3.50000011E-14
   4802.39990       3.50000011E-14
   4802.50000       3.50000011E-14
   4802.60010       3.50000011E-14
   4802.70020       3.50000011E-14
   4802.79980       3.50000011E-14
   4802.89990       3.50000011E-14
   4803.00000       3.50000011E-14
   4803.10010       3.50000011E-14
   4803.20020       3.50000011E-14
   4803.29980       3.50000011E-14
   4803.39990       3.50000011E-14
   4803.50000       3.50000011E-14
   4803.60010       3.50000011E-14
   4803.70020       3.50000011E-14
   4803.79980       3.50000011E-14
   4803.89990       3.50000011E-14
   4804.00000       3.50000011E-14
   4804.10010       3.50000011E-14
   4804.20020       3.50000011E-14
   4804.29980       3.50000011E-14
   4804.39990       3.50000011E-14
   4804.50000       3.50000011E-14
   4804.60010       3.50000011E-14
   4804.70020       3.50000011E-14
   4804.79980       3.50000011E-14
   4804.89990       3.50000011E-14
   4805.00000       3.50000011E-14
   4805.10010       3.50000011E-14
   4805.20020       3.50000011E-14
   4805.29980       3.50000011E-14
   4805.39990       3.50000011E-14
   4805.50000       3.50000011E-14
   4805.60010       3.50000011E-14
   4805.70020       3.50000011E-14
   4805.79980       3.50000011E-14
   4805.89990       3.50000011E-14
   4806.00000       3.50000011E-14
   4806.10010       3.50000011E-14
   4806.20020       3.50000011E-14
   4806.29980       3.50000011E-14
   4806.39990       3.50000011E-14
   4806.50000       3.50000011E-14
   4806.60010       3.50000011E-14
   4806.70020       3.50000011E-14
   4806.79980       3.50000011E-14
   4806.89990       3.50000011E-14
   4807.00000       3.50000011E-14
   4807.10010       3.50000011E-14
   4807.20020       3.50000011E-14
   4807.29980       3.50000011E-14
   4807.39990       3.50000011E-14
   4807.50000       3.50000011E-14
   4807.60010       3.50000011E-14
   4807.70020       3.50000011E-14
   4807.79980       3.50000011E-14
   4807.89990       3.50000011E-14
   4808.00000       3.50000011E-14
   4808.10010       3.50000011E-14
   4808.20020       3.50000011E-14
   4808.29980       3.50000011E-14
   4808.39990       3.50000011E-14
   4808.50000       3.50000011E-14
   4808.60010       3.50000011E-14
   4808.70020       3.50000011E-14
   4808.79980       3.50000011E-14
   4808.89990       3.50000011E-14
   4809.00000       3.50000011E-14
   4809.10010       3.50000011E-14
   4809.20020       3.50000011E-14
   4809.29980       3.50000011E-14
   4809.39990       3.50000011E-14
   4809.50000       3.50000011E-14
   4809.60010       3.50000011E-14
   4809.70020       3.50000011E-14
   4809.79980       3.50000011E-14
   4809.89990       3.50000011E-14
   4810.00000       3.50000011E-14
   4810.10010       3.50000011E-14
   4810.20020       3.50000011E-14
   4810.29980       3.50000011E-14
   4810.39990       3.50000011E-14
   4810.50000       3.50000011E-14
   4810.60010       3.50000011E-14
   4810.70020       3.50000011E-14
   4810.79980       3.50000011E-14
   4810.89990       3.50000011E-14
   4811.00000       3.50000011E-14
   4811.10010       3.50000011E-14
   4811.20020       3.50000011E-14
   4811.29980       3.50000011E-14
   4811.39990       3.50000011E-14
   4811.50000       3.50000011E-14
   4811.60010       3.50000011E-14
   4811.70020       3.50000011E-14
   4811.79980       3.50000011E-14
   4811.89990       3.50000011E-14
   4812.00000       3.50000011E-14
   4812.10010       3.50000011E-14
   4812.20020       3.50000011E-14
   4812.29980       3.50000011E-14
   4812.39990       3.50000011E-14
   4812.50000       3.50000011E-14
   4812.60010       3.50000011E-14
   4812.70020       3.50000011E-14
   4812.79980       3.50000011E-14
   4812.89990       3.50000011E-14
   4813.00000       3.50000011E-14
   4813.10010       3.50000011E-14
   4813.20020       3.50000011E-14
   4813.29980       3.50000011E-14
   4813.39990       3.50000011E-14
   4813.50000       3.50000011E-14
   4813.60010       3.50000011E-14
   4813.70020       3.50000011E-14
   4813.79980       3.50000011E-14
   4813.89990       3.50000011E-14
   4814.00000       3.50000011E-14
   4814.10010       3.50000011E-14
   4814.20020       3.50000011E-14
   4814.29980       3.50000011E-14
   4814.39990       3.50000011E-14
   4814.50000       3.50000011E-14
   4814.60010       3.50000011E-14
   4814.70020       3.50000011E-14
   4814.79980       3.50000011E-14
   4814.89990       3.50000011E-14
   4815.00000       3.50000011E-14
   4815.10010       3.50000011E-14
   4815.20020       3.50000011E-14
   4815.29980       3.50000011E-14
   4815.39990       3.50000011E-14
   4815.50000       3.50000011E-14
   4815.60010       3.50000011E-14
   4815.70020       3.50000011E-14
   4815.79980       3.50000011E-14
   4815.89990       3.50000011E-14
   4816.00000       3.50000011E-14
   4816.10010       3.50000011E-14
   4816.20020       3.50000011E-14
   4816.29980       3.50000011E-14
   4816.39990       3.50000011E-14
   4816.50000       3.50000011E-14
   4816.60010       3.50000011E-14
   4816.70020       3.50000011E-14
   4816.79980       3.50000011E-14
   4816.89990       3.50000011E-14
   4817.00000       3.50000011E-14
   4817.10010       3.50000011E-14
   4817.20020       3.50000011E-14
   4817.29980       3.50000011E-14
   4817.39990       3.50000011E-14
   4817.50000       3.50000011E-14
   4817.60010       3.50000011E-14
   4817.70020       3.50000011E-14
   4817.79980       3.50000011E-14
   4817.89990       3.50000011E-14
   4818.00000       3.50000011E-14
   4818.10010       3.50000011E-14
   4818.20020       3.50000011E-14
   4818.29980       3.50000011E-14
   4818.39990       3.50000011E-14
   4818.50000       3.50000011E-14
   4818.60010       3.50000011E-14
   4818.70020       3.50000011E-14
   4818.79980       3.50000011E-14
   4818.89990       3.50000011E-14
   4819.00000       3.50000011E-14
   4819.10010       3.50000011E-14
   4819.20020       3.50000011E-14
   4819.29980       3.50000011E-14
   4819.39990       3.50000011E-14
   4819.50000       3.50000011E-14
   4819.60010       3.50000011E-14
   4819.70020       3.50000011E-14
   4819.79980       3.50000011E-14
   4819.89990       3.50000011E-14
   4820.00000       3.50000011E-14
   4820.10010       3.50000011E-14
   4820.20020       3.50000011E-14
   4820.29980       3.50000011E-14
   4820.39990       3.50000011E-14
   4820.50000       3.50000011E-14
   4820.60010       3.50000011E-14
   4820.70020       3.50000011E-14
   4820.79980       3.50000011E-14
   4820.89990       3.50000011E-14
   4821.00000       3.50000011E-14
   4821.10010       3.50000011E-14
   4821.20020       3.50000011E-14
   4821.29980       3.50000011E-14
   4821.39990       3.50000011E-14
   4821.50000       3.50000011E-14
   4821.60010       3.50000011E-14
   4821.70020       3.50000011E-14
   4821.79980       3.50000011E-14
   4821.89990       3.50000011E-14
   4822.00000       3.50000011E-14
   4822.10010       3.50000011E-14
   4822.20020       3.50000011E-14
   4822.29980       3.50000011E-14
   4822.39990       3.50000011E-14
   4822.50000       3.50000011E-14
   4822.60010       3.50000011E-14
   4822.70020       3.50000011E-14
   4822.79980       3.50000011E-14
   4822.89990       3.50000011E-14
   4823.00000       3.50000011E-14
   4823.10010       3.50000011E-14
   4823.20020       3.50000011E-14
   4823.29980       3.50000011E-14
   4823.39990       3.50000011E-14
   4823.50000       3.50000011E-14
   4823.60010       3.50000011E-14
   4823.70020       3.50000011E-14
   4823.79980       3.50000011E-14
   4823.89990       3.50000011E-14
   4824.00000       3.50000011E-14
   4824.10010       3.50000011E-14
   4824.20020       3.50000011E-14
   4824.29980       3.50000011E-14
   4824.39990       3.50000011E-14
   4824.50000       3.50000011E-14
   4824.60010       3.50000011E-14
   4824.70020       3.50000011E-14
   4824.79980       3.50000011E-14
   4824.89990       3.50000011E-14
   4825.00000       3.50000011E-14
   4825.10010       3.50000011E-14
   4825.20020       3.50000011E-14
   4825.29980       3.50000011E-14
   4825.39990       3.50000011E-14
   4825.50000       3.50000011E-14
   4825.60010       3.50000011E-14
   4825.70020       3.50000011E-14
   4825.79980       3.50000011E-14
   4825.89990       3.50000011E-14
   4826.00000       3.50000011E-14
   4826.10010       3.50000011E-14
   4826.20020       3.50000011E-14
   4826.29980       3.50000011E-14
   4826.39990       3.50000011E-14
   4826.50000       3.50000011E-14
   4826.60010       3.50000011E-14
   4826.70020       3.50000011E-14
   4826.79980       3.50000011E-14
   4826.89990       3.50000011E-14
   4827.00000       3.50000011E-14
   4827.10010       3.50000011E-14
   4827.20020       3.50000011E-14
   4827.29980       3.50000011E-14
   4827.39990       3.50000011E-14
   4827.50000       3.50000011E-14
   4827.60010       3.50000011E-14
   4827.70020       3.50000011E-14
   4827.79980       3.50000011E-14
   4827.89990       3.50000011E-14
   4828.00000       3.50000011E-14
   4828.10010       3.50000011E-14
   4828.20020       3.50000011E-14
   4828.29980       3.50000011E-14
   4828.39990       3.50000011E-14
   4828.50000       3.50000011E-14
   4828.60010       3.50000011E-14
   4828.70020       3.50000011E-14
   4828.79980       3.50000011E-14
   4828.89990       3.50000011E-14
   4829.00000       3.50000011E-14
   4829.10010       3.50000011E-14
   4829.20020       3.50000011E-14
   4829.29980       3.50000011E-14
   4829.39990       3.50000011E-14
   4829.50000       3.50000011E-14
   4829.60010       3.50000011E-14
   4829.70020       3.50000011E-14
   4829.79980       3.50000011E-14
   4829.89990       3.50000011E-14
   4830.00000       3.50000011E-14
   4830.10010       3.50000011E-14
   4830.20020       3.50000011E-14
   4830.29980       3.50000011E-14
   4830.39990       3.50000011E-14
   4830.50000       3.50000011E-14
   4830.60010       3.50000011E-14
   4830.70020       3.50000011E-14
   4830.79980       3.50000011E-14
   4830.89990       3.50000011E-14
   4831.00000       3.50000011E-14
   4831.10010       3.50000011E-14
   4831.20020       3.50000011E-14
   4831.29980       3.50000011E-14
   4831.39990       3.50000011E-14
   4831.50000       3.50000011E-14
   4831.60010       3.50000011E-14
   4831.70020       3.50000011E-14
   4831.79980       3.50000011E-14
   4831.89990       3.50000011E-14
   4832.00000       3.50000011E-14
   4832.10010       3.50000011E-14
   4832.20020       3.50000011E-14
   4832.29980       3.50000011E-14
   4832.39990       3.50000011E-14
   4832.50000       3.50000011E-14
   4832.60010       3.50000011E-14
   4832.70020       3.50000011E-14
   4832.79980       3.50000011E-14
   4832.89990       3.50000011E-14
   4833.00000       3.50000011E-14
   4833.10010       3.50000011E-14
   4833.20020       3.50000011E-14
   4833.29980       3.50000011E-14
   4833.39990       3.50000011E-14
   4833.50000       3.50000011E-14
   4833.60010       3.50000011E-14
   4833.70020       3.50000011E-14
   4833.79980       3.50000011E-14
   4833.89990       3.50000011E-14
   4834.00000       3.50000011E-14
   4834.10010       3.50000011E-14
   4834.20020       3.50000011E-14
   4834.29980       3.50000011E-14
   4834.39990       3.50000011E-14
   4834.50000       3.50000011E-14
   4834.60010       3.50000011E-14
   4834.70020       3.50000011E-14
   4834.79980       3.50000011E-14
   4834.89990       3.50000011E-14
   4835.00000       3.50000011E-14
   4835.10010       3.50000011E-14
   4835.20020       3.50000011E-14
   4835.29980       3.50000011E-14
   4835.39990       3.50000011E-14
   4835.50000       3.50000011E-14
   4835.60010       3.50000011E-14
   4835.70020       3.50000011E-14
   4835.79980       3.50000011E-14
   4835.89990       3.50000011E-14
   4836.00000       3.50000011E-14
   4836.10010       3.50000011E-14
   4836.20020       3.50000011E-14
   4836.29980       3.50000011E-14
   4836.39990       3.50000011E-14
   4836.50000       3.50000011E-14
   4836.60010       3.50000011E-14
   4836.70020       3.50000011E-14
   4836.79980       3.50000011E-14
   4836.89990       3.50000011E-14
   4837.00000       3.50000011E-14
   4837.10010       3.50000011E-14
   4837.20020       3.50000011E-14
   4837.29980       3.50000011E-14
   4837.39990       3.50000011E-14
   4837.50000       3.50000011E-14
   4837.60010       3.50000011E-14
   4837.70020       3.50000011E-14
   4837.79980       3.50000011E-14
   4837.89990       3.50000011E-14
   4838.00000       3.50000011E-14
   4838.10010       3.50000011E-14
   4838.20020       3.50000011E-14
   4838.29980       3.50000011E-14
   4838.39990       3.50000011E-14
   4838.50000       3.50000011E-14
   4838.60010       3.50000011E-14
   4838.70020       3.50000011E-14
   4838.79980       3.50000011E-14
   4838.89990       3.50000011E-14
   4839.00000       3.50000011E-14
   4839.10010       3.50000011E-14
   4839.20020       3.50000011E-14
   4839.29980       3.50000011E-14
   4839.39990       3.50000011E-14
   4839.50000       3.50000011E-14
   4839.60010       3.50000011E-14
   4839.70020       3.50000011E-14
   4839.79980       3.50000011E-14
   4839.89990       3.50000011E-14
   4840.00000       3.50000011E-14
   4840.10010       3.50000011E-14
   4840.20020       3.50000011E-14
   4840.29980       3.50000011E-14
   4840.39990       3.50000011E-14
   4840.50000       3.50000011E-14
   4840.60010       3.50000011E-14
   4840.70020       3.50000011E-14
   4840.79980       3.50000011E-14
   4840.89990       3.50000011E-14
   4841.00000       3.50000011E-14
   4841.10010       3.50000011E-14
   4841.20020       3.50000011E-14
   4841.29980       3.50000011E-14
   4841.39990       3.50000011E-14
   4841.50000       3.50000045E-14
   4841.60010       3.50000045E-14
   4841.70020       3.50000045E-14
   4841.79980       3.50000079E-14
   4841.89990       3.50000112E-14
   4842.00000       3.50000146E-14
   4842.10010       3.50000214E-14
   4842.20020       3.50000316E-14
   4842.29980       3.50000451E-14
   4842.39990       3.50000621E-14
   4842.50000       3.50000926E-14
   4842.60010       3.50001298E-14
   4842.70020       3.50001840E-14
   4842.79980       3.50002620E-14
   4842.89990       3.50003704E-14
   4843.00000       3.50005229E-14
   4843.10010       3.50007295E-14
   4843.20020       3.50010141E-14
   4843.29980       3.50014038E-14
   4843.39990       3.50019357E-14
   4843.50000       3.50026540E-14
   4843.60010       3.50036230E-14
   4843.70020       3.50049173E-14
   4843.79980       3.50066350E-14
   4843.89990       3.50089186E-14
   4844.00000       3.50119307E-14
   4844.10010       3.50158779E-14
   4844.20020       3.50210244E-14
   4844.29980       3.50276652E-14
   4844.39990       3.50362676E-14
   4844.50000       3.50473096E-14
   4844.60010       3.50614008E-14
   4844.70020       3.50792935E-14
   4844.79980       3.51017568E-14
   4844.89990       3.51300952E-14
   4845.00000       3.51654876E-14
   4845.10010       3.52094554E-14
   4845.20020       3.52637705E-14
   4845.29980       3.53301508E-14
   4845.39990       3.54116184E-14
   4845.50000       3.55106163E-14
   4845.60010       3.56302478E-14
   4845.70020       3.57740028E-14
   4845.79980       3.59448697E-14
   4845.89990       3.61488048E-14
   4846.00000       3.63897518E-14
   4846.10010       3.66728031E-14
   4846.20020       3.70034034E-14
   4846.29980       3.73852967E-14
   4846.39990       3.78281933E-14
   4846.50000       3.83365079E-14
   4846.60010       3.89164375E-14
   4846.70020       3.95741111E-14
   4846.79980       4.03115990E-14
   4846.89990       4.11416303E-14
   4847.00000       4.20657500E-14
   4847.10010       4.30881493E-14
   4847.20020       4.42120502E-14
   4847.29980       4.54332549E-14
   4847.39990       4.67644044E-14
   4847.50000       4.81988547E-14
   4847.60010       4.97339393E-14
   4847.70020       5.13650571E-14
   4847.79980       5.30769818E-14
   4847.89990       5.48777739E-14
   4848.00000       5.67483208E-14
   4848.10010       5.86755443E-14
   4848.20020       6.06442725E-14
   4848.29980       6.26276375E-14
   4848.39990       6.46262828E-14
   4848.50000       6.66101695E-14
   4848.60010       6.85577354E-14
   4848.70020       7.04466121E-14
   4848.79980       7.22454323E-14
   4848.89990       7.39491611E-14
   4849.00000       7.55265262E-14
   4849.10010       7.69562772E-14
   4849.20020       7.82186002E-14
   4849.29980       7.92908355E-14
   4849.39990       8.01679822E-14
   4849.50000       8.08314597E-14
   4849.60010       8.12714289E-14
   4849.70020       8.14813034E-14
   4849.79980       8.14586164E-14
   4849.89990       8.12034901E-14
   4850.00000       8.07192854E-14
   4850.10010       8.00132394E-14
   4850.20020       7.90958146E-14
   4850.29980       7.79863235E-14
   4850.39990       7.66898616E-14
   4850.50000       7.52296988E-14
   4850.60010       7.36259605E-14
   4850.70020       7.19001410E-14
   4850.79980       7.00837364E-14
   4850.89990       6.81816257E-14
   4851.00000       6.62252303E-14
   4851.10010       6.42368035E-14
   4851.20020       6.22376906E-14
   4851.29980       6.02576528E-14
   4851.39990       5.82957348E-14
   4851.50000       5.63784486E-14
   4851.60010       5.45205496E-14
   4851.70020       5.27347128E-14
   4851.79980       5.10395322E-14
   4851.89990       4.94266967E-14
   4852.00000       4.79109516E-14
   4852.10010       4.64965048E-14
   4852.20020       4.51856705E-14
   4852.29980       4.39846659E-14
   4852.39990       4.28807719E-14
   4852.50000       4.18778375E-14
   4852.60010       4.09724304E-14
   4852.70020       4.01602003E-14
   4852.79980       3.94393956E-14
   4852.89990       3.87973650E-14
   4853.00000       3.82318959E-14
   4853.10010       3.77368323E-14
   4853.20020       3.73059771E-14
   4853.29980       3.69348954E-14
   4853.39990       3.66140156E-14
   4853.50000       3.63395972E-14
   4853.60010       3.61062600E-14
   4853.70020       3.59089826E-14
   4853.79980       3.57438790E-14
   4853.89990       3.56051248E-14
   4854.00000       3.54897826E-14
   4854.10010       3.53944372E-14
   4854.20020       3.53160596E-14
   4854.29980       3.52522678E-14
   4854.39990       3.52001211E-14
   4854.50000       3.51579592E-14
   4854.60010       3.51240541E-14
   4854.70020       3.50969389E-14
   4854.79980       3.50754616E-14
   4854.89990       3.50583786E-14
   4855.00000       3.50449379E-14
   4855.10010       3.50344177E-14
   4855.20020       3.50262252E-14
   4855.29980       3.50199131E-14
   4855.39990       3.50150241E-14
   4855.50000       3.50112768E-14
   4855.60010       3.50084240E-14
   4855.70020       3.50062590E-14
   4855.79980       3.50046360E-14
   4855.89990       3.50034095E-14
   4856.00000       3.50024981E-14
   4856.10010       3.50018205E-14
   4856.20020       3.50013191E-14
   4856.29980       3.50009531E-14
   4856.39990       3.50006821E-14
   4856.50000       3.50004890E-14
   4856.60010       3.50003467E-14
   4856.70020       3.50002450E-14
   4856.79980       3.50001739E-14
   4856.89990       3.50001231E-14
   4857.00000       3.50000858E-14
   4857.10010       3.50000621E-14
   4857.20020       3.50000756E-14
   4857.29980       3.50002721E-14
   4857.39990       3.50015054E-14
   4857.50000       3.50080581E-14
   4857.60010       3.50384360E-14
   4857.70020       3.51619436E-14
   4857.79980       3.55984468E-14
   4857.89990       3.69643721E-14
   4858.00000       4.06889522E-14
   4858.10010       4.95361063E-14
   4858.20020       6.77696018E-14
   4858.29980       9.99795407E-14
   4858.39990       1.49098317E-13
   4858.50000       2.11762059E-13
   4858.60010       2.76605019E-13
   4858.70020       3.26360006E-13
   4858.79980       3.44999989E-13
   4858.89990       3.26182495E-13
   4859.00000       2.76310387E-13
   4859.10010       2.11439021E-13
   4859.20020       1.48822374E-13
   4859.29980       9.99928086E-14
   4859.39990       6.77176346E-14
   4859.50000       4.97879868E-14
   4859.60010       4.19772588E-14
   4859.70020       4.19519461E-14
   4859.79980       5.26945532E-14
   4859.89990       8.84593370E-14
   4860.00000       1.85544573E-13
   4860.10010       4.19970319E-13
   4860.20020       9.26877065E-13
   4860.29980       1.90029416E-12
   4860.39990       3.58222566E-12
   4860.50000       6.14516944E-12
   4860.60010       9.56824030E-12
   4860.70020       1.35075796E-11
   4860.79980       1.72641988E-11
   4860.89990       2.00212225E-11
   4861.00000       2.10350001E-11
   4861.10010       2.00212225E-11
   4861.20020       1.72641988E-11
   4861.29980       1.35075796E-11
   4861.39990       9.56824030E-12
   4861.50000       6.14516944E-12
   4861.60010       3.58222566E-12
   4861.70020       1.90029394E-12
   4861.79980       9.26875655E-13
   4861.89990       4.19962350E-13
   4862.00000       1.85506423E-13
   4862.10010       8.82984820E-14
   4862.20020       5.20961109E-14
   4862.29980       3.99983391E-14
   4862.39990       3.63160260E-14
   4862.50000       3.53138539E-14
   4862.60010       3.50677976E-14
   4862.70020       3.50132656E-14
   4862.79980       3.50023728E-14
   4862.89990       3.50003806E-14
   4863.00000       3.50000553E-14
   4863.10010       3.50000079E-14
   4863.20020       3.50000011E-14
   4863.29980       3.50000011E-14
   4863.39990       3.50000011E-14
   4863.50000       3.50000011E-14
   4863.60010       3.50000011E-14
   4863.70020       3.50000011E-14
   4863.79980       3.50000011E-14
   4863.89990       3.50000011E-14
   4864.00000       3.50000011E-14
   4864.10010       3.50000011E-14
   4864.20020       3.50000011E-14
   4864.29980       3.50000011E-14
   4864.39990       3.50000011E-14
   4864.50000       3.50000011E-14
   4864.60010       3.50000011E-14
   4864.70020       3.50000011E-14
   4864.79980       3.50000011E-14
   4864.89990       3.50000011E-14
   4865.00000       3.50000011E-14
   4865.10010       3.50000011E-14
   4865.20020       3.50000011E-14
   4865.29980       3.50000011E-14
   4865.39990       3.50000011E-14
   4865.50000       3.50000011E-14
   4865.60010       3.50000011E-14
   4865.70020       3.50000011E-14
   4865.79980       3.50000011E-14
   4865.89990       3.50000011E-14
   4866.00000       3.50000011E-14
   4866.10010       3.50000011E-14
   4866.20020       3.50000011E-14
   4866.29980       3.50000011E-14
   4866.39990       3.50000011E-14
   4866.50000       3.50000011E-14
   4866.60010       3.50000011E-14
   4866.70020       3.50000011E-14
   4866.79980       3.50000011E-14
   4866.89990       3.50000011E-14
   4867.00000       3.50000011E-14
   4867.10010       3.50000011E-14
   4867.20020       3.50000011E-14
   4867.29980       3.50000011E-14
   4867.39990       3.50000011E-14
   4867.50000       3.50000011E-14
   4867.60010       3.50000011E-14
   4867.70020       3.50000011E-14
   4867.79980       3.50000011E-14
   4867.89990       3.50000011E-14
   4868.00000       3.50000011E-14
   4868.10010       3.50000011E-14
   4868.20020       3.50000011E-14
   4868.29980       3.50000011E-14
   4868.39990       3.50000011E-14
   4868.50000       3.50000011E-14
   4868.60010       3.50000011E-14
   4868.70020       3.50000011E-14
   4868.79980       3.50000011E-14
   4868.89990       3.50000011E-14
   4869.00000       3.50000011E-14
   4869.10010       3.50000011E-14
   4869.20020       3.50000011E-14
   4869.29980       3.50000011E-14
   4869.39990       3.50000011E-14
   4869.50000       3.50000011E-14
   4869.60010       3.50000011E-14
   4869.70020       3.50000011E-14
   4869.79980       3.50000011E-14
   4869.89990       3.50000011E-14
   4870.00000       3.50000011E-14
   4870.10010       3.50000011E-14
   4870.20020       3.50000011E-14
   4870.29980       3.50000011E-14
   4870.39990       3.50000011E-14
   4870.50000       3.50000011E-14
   4870.60010       3.50000011E-14
   4870.70020       3.50000011E-14
   4870.79980       3.50000011E-14
   4870.89990       3.50000011E-14
   4871.00000       3.50000011E-14
   4871.10010       3.50000011E-14
   4871.20020       3.50000011E-14
   4871.29980       3.50000011E-14
   4871.39990       3.50000011E-14
   4871.50000       3.50000011E-14
   4871.60010       3.50000011E-14
   4871.70020       3.50000011E-14
   4871.79980       3.50000011E-14
   4871.89990       3.50000011E-14
   4872.00000       3.50000011E-14
   4872.10010       3.50000011E-14
   4872.20020       3.50000011E-14
   4872.29980       3.50000011E-14
   4872.39990       3.50000011E-14
   4872.50000       3.50000011E-14
   4872.60010       3.50000011E-14
   4872.70020       3.50000011E-14
   4872.79980       3.50000011E-14
   4872.89990       3.50000011E-14
   4873.00000       3.50000011E-14
   4873.10010       3.50000011E-14
   4873.20020       3.50000011E-14
   4873.29980       3.50000011E-14
   4873.39990       3.50000011E-14
   4873.50000       3.50000011E-14
   4873.60010       3.50000011E-14
   4873.70020       3.50000011E-14
   4873.79980       3.50000011E-14
   4873.89990       3.50000011E-14
   4874.00000       3.50000011E-14
   4874.10010       3.50000011E-14
   4874.20020       3.50000011E-14
   4874.29980       3.50000011E-14
   4874.39990       3.50000011E-14
   4874.50000       3.50000011E-14
   4874.60010       3.50000011E-14
   4874.70020       3.50000011E-14
   4874.79980       3.50000011E-14
   4874.89990       3.50000011E-14
   4875.00000       3.50000011E-14
   4875.10010       3.50000011E-14
   4875.20020       3.50000011E-14
   4875.29980       3.50000011E-14
   4875.39990       3.50000011E-14
   4875.50000       3.50000011E-14
   4875.60010       3.50000011E-14
   4875.70020       3.50000011E-14
   4875.79980       3.50000011E-14
   4875.89990       3.50000011E-14
   4876.00000       3.50000011E-14
   4876.10010       3.50000011E-14
   4876.20020       3.50000011E-14
   4876.29980       3.50000011E-14
   4876.39990       3.50000011E-14
   4876.50000       3.50000011E-14
   4876.60010       3.50000011E-14
   4876.70020       3.50000011E-14
   4876.79980       3.50000011E-14
   4876.89990       3.50000011E-14
   4877.00000       3.50000011E-14
   4877.10010       3.50000011E-14
   4877.20020       3.50000011E-14
   4877.29980       3.50000011E-14
   4877.39990       3.50000011E-14
   4877.50000       3.50000011E-14
   4877.60010       3.50000011E-14
   4877.70020       3.50000011E-14
   4877.79980       3.50000011E-14
   4877.89990       3.50000011E-14
   4878.00000       3.50000011E-14
   4878.10010       3.50000011E-14
   4878.20020       3.50000011E-14
   4878.29980       3.50000011E-14
   4878.39990       3.50000011E-14
   4878.50000       3.50000011E-14
   4878.60010       3.50000011E-14
   4878.70020       3.50000011E-14
   4878.79980       3.50000011E-14
   4878.89990       3.50000011E-14
   4879.00000       3.50000011E-14
   4879.10010       3.50000011E-14
   4879.20020       3.50000011E-14
   4879.29980       3.50000011E-14
   4879.39990       3.50000011E-14
   4879.50000       3.50000011E-14
   4879.60010       3.50000011E-14
   4879.70020       3.50000011E-14
   4879.79980       3.50000011E-14
   4879.89990       3.50000011E-14
   4880.00000       3.50000011E-14
   4880.10010       3.50000011E-14
   4880.20020       3.50000011E-14
   4880.29980       3.50000011E-14
   4880.39990       3.50000011E-14
   4880.50000       3.50000011E-14
   4880.60010       3.50000011E-14
   4880.70020       3.50000011E-14
   4880.79980       3.50000011E-14
   4880.89990       3.50000011E-14
   4881.00000       3.50000011E-14
   4881.10010       3.50000011E-14
   4881.20020       3.50000011E-14
   4881.29980       3.50000011E-14
   4881.39990       3.50000011E-14
   4881.50000       3.50000011E-14
   4881.60010       3.50000011E-14
   4881.70020       3.50000011E-14
   4881.79980       3.50000011E-14
   4881.89990       3.50000011E-14
   4882.00000       3.50000011E-14
   4882.10010       3.50000011E-14
   4882.20020       3.50000011E-14
   4882.29980       3.50000011E-14
   4882.39990       3.50000011E-14
   4882.50000       3.50000011E-14
   4882.60010       3.50000011E-14
   4882.70020       3.50000011E-14
   4882.79980       3.50000011E-14
   4882.89990       3.50000011E-14
   4883.00000       3.50000011E-14
   4883.10010       3.50000011E-14
   4883.20020       3.50000011E-14
   4883.29980       3.50000011E-14
   4883.39990       3.50000011E-14
   4883.50000       3.50000011E-14
   4883.60010       3.50000011E-14
   4883.70020       3.50000011E-14
   4883.79980       3.50000011E-14
   4883.89990       3.50000011E-14
   4884.00000       3.50000011E-14
   4884.10010       3.50000011E-14
   4884.20020       3.50000011E-14
   4884.29980       3.50000011E-14
   4884.39990       3.50000011E-14
   4884.50000       3.50000011E-14
   4884.60010       3.50000011E-14
   4884.70020       3.50000011E-14
   4884.79980       3.50000011E-14
   4884.89990       3.50000011E-14
   4885.00000       3.50000011E-14
   4885.10010       3.50000011E-14
   4885.20020       3.50000011E-14
   4885.29980       3.50000011E-14
   4885.39990       3.50000011E-14
   4885.50000       3.50000011E-14
   4885.60010       3.50000011E-14
   4885.70020       3.50000011E-14
   4885.79980       3.50000011E-14
   4885.89990       3.50000011E-14
   4886.00000       3.50000011E-14
   4886.10010       3.50000011E-14
   4886.20020       3.50000011E-14
   4886.29980       3.50000011E-14
   4886.39990       3.50000011E-14
   4886.50000       3.50000011E-14
   4886.60010       3.50000011E-14
   4886.70020       3.50000011E-14
   4886.79980       3.50000011E-14
   4886.89990       3.50000011E-14
   4887.00000       3.50000011E-14
   4887.10010       3.50000011E-14
   4887.20020       3.50000011E-14
   4887.29980       3.50000011E-14
   4887.39990       3.50000011E-14
   4887.50000       3.50000011E-14
   4887.60010       3.50000011E-14
   4887.70020       3.50000011E-14
   4887.79980       3.50000011E-14
   4887.89990       3.50000011E-14
   4888.00000       3.50000011E-14
   4888.10010       3.50000011E-14
   4888.20020       3.50000011E-14
   4888.29980       3.50000011E-14
   4888.39990       3.50000011E-14
   4888.50000       3.50000011E-14
   4888.60010       3.50000011E-14
   4888.70020       3.50000011E-14
   4888.79980       3.50000011E-14
   4888.89990       3.50000011E-14
   4889.00000       3.50000011E-14
   4889.10010       3.50000011E-14
   4889.20020       3.50000011E-14
   4889.29980       3.50000011E-14
   4889.39990       3.50000011E-14
   4889.50000       3.50000011E-14
   4889.60010       3.50000011E-14
   4889.70020       3.50000011E-14
   4889.79980       3.50000011E-14
   4889.89990       3.50000011E-14
   4890.00000       3.50000011E-14
   4890.10010       3.50000011E-14
   4890.20020       3.50000011E-14
   4890.29980       3.50000011E-14
   4890.39990       3.50000011E-14
   4890.50000       3.50000011E-14
   4890.60010       3.50000011E-14
   4890.70020       3.50000011E-14
   4890.79980       3.50000011E-14
   4890.89990       3.50000011E-14
   4891.00000       3.50000011E-14
   4891.10010       3.50000011E-14
   4891.20020       3.50000011E-14
   4891.29980       3.50000011E-14
   4891.39990       3.50000011E-14
   4891.50000       3.50000011E-14
   4891.60010       3.50000011E-14
   4891.70020       3.50000011E-14
   4891.79980       3.50000011E-14
   4891.89990       3.50000011E-14
   4892.00000       3.50000011E-14
   4892.10010       3.50000011E-14
   4892.20020       3.50000011E-14
   4892.29980       3.50000011E-14
   4892.39990       3.50000011E-14
   4892.50000       3.50000011E-14
   4892.60010       3.50000011E-14
   4892.70020       3.50000011E-14
   4892.79980       3.50000011E-14
   4892.89990       3.50000011E-14
   4893.00000       3.50000011E-14
   4893.10010       3.50000011E-14
   4893.20020       3.50000011E-14
   4893.29980       3.50000011E-14
   4893.39990       3.50000011E-14
   4893.50000       3.50000011E-14
   4893.60010       3.50000011E-14
   4893.70020       3.50000011E-14
   4893.79980       3.50000011E-14
   4893.89990       3.50000011E-14
   4894.00000       3.50000011E-14
   4894.10010       3.50000011E-14
   4894.20020       3.50000011E-14
   4894.29980       3.50000011E-14
   4894.39990       3.50000011E-14
   4894.50000       3.50000011E-14
   4894.60010       3.50000011E-14
   4894.70020       3.50000011E-14
   4894.79980       3.50000011E-14
   4894.89990       3.50000011E-14
   4895.00000       3.50000011E-14
   4895.10010       3.50000011E-14
   4895.20020       3.50000011E-14
   4895.29980       3.50000011E-14
   4895.39990       3.50000011E-14
   4895.50000       3.50000011E-14
   4895.60010       3.50000011E-14
   4895.70020       3.50000011E-14
   4895.79980       3.50000011E-14
   4895.89990       3.50000011E-14
   4896.00000       3.50000011E-14
   4896.10010       3.50000011E-14
   4896.20020       3.50000011E-14
   4896.29980       3.50000011E-14
   4896.39990       3.50000011E-14
   4896.50000       3.50000011E-14
   4896.60010       3.50000011E-14
   4896.70020       3.50000011E-14
   4896.79980       3.50000011E-14
   4896.89990       3.50000011E-14
   4897.00000       3.50000011E-14
   4897.10010       3.50000011E-14
   4897.20020       3.50000011E-14
   4897.29980       3.50000011E-14
   4897.39990       3.50000011E-14
   4897.50000       3.50000011E-14
   4897.60010       3.50000011E-14
   4897.70020       3.50000011E-14
   4897.79980       3.50000011E-14
   4897.89990       3.50000011E-14
   4898.00000       3.50000011E-14
   4898.10010       3.50000011E-14
   4898.20020       3.50000011E-14
   4898.29980       3.50000011E-14
   4898.39990       3.50000011E-14
   4898.50000       3.50000011E-14
   4898.60010       3.50000011E-14
   4898.70020       3.50000011E-14
   4898.79980       3.50000011E-14
   4898.89990       3.50000011E-14
   4899.00000       3.50000011E-14
   4899.10010       3.50000011E-14
   4899.20020       3.50000011E-14
   4899.29980       3.50000011E-14
   4899.39990       3.50000011E-14
   4899.50000       3.50000011E-14
   4899.60010       3.50000011E-14
   4899.70020       3.50000011E-14
   4899.79980       3.50000011E-14
   4899.89990       3.50000011E-14
   4900.00000       3.50000011E-14
