   6500.08984       3.50000011E-14
   6500.18018       3.50000011E-14
   6500.27002       3.50000011E-14
   6500.35986       3.50000011E-14
   6500.45020       3.50000011E-14
   6500.54004       3.50000011E-14
   6500.62988       3.50000011E-14
   6500.72021       3.50000011E-14
   6500.81006       3.50000011E-14
   6500.89990       3.50000011E-14
   6500.99023       3.50000011E-14
   6501.08008       3.50000011E-14
   6501.16992       3.50000011E-14
   6501.25977       3.50000011E-14
   6501.35010       3.50000011E-14
   6501.43994       3.50000011E-14
   6501.52979       3.50000011E-14
   6501.62012       3.50000011E-14
   6501.70996       3.50000011E-14
   6501.79980       3.50000011E-14
   6501.89014       3.50000011E-14
   6501.97998       3.50000011E-14
   6502.06982       3.50000011E-14
   6502.16016       3.50000011E-14
   6502.25000       3.50000011E-14
   6502.33984       3.50000011E-14
   6502.43018       3.50000011E-14
   6502.52002       3.50000011E-14
   6502.60986       3.50000011E-14
   6502.70020       3.50000011E-14
   6502.79004       3.50000011E-14
   6502.87988       3.50000011E-14
   6502.97021       3.50000011E-14
   6503.06006       3.50000011E-14
   6503.14990       3.50000011E-14
   6503.24023       3.50000011E-14
   6503.33008       3.50000011E-14
   6503.41992       3.50000011E-14
   6503.50977       3.50000011E-14
   6503.60010       3.50000011E-14
   6503.68994       3.50000011E-14
   6503.77979       3.50000011E-14
   6503.87012       3.50000011E-14
   6503.95996       3.50000011E-14
   6504.04980       3.50000011E-14
   6504.14014       3.50000011E-14
   6504.22998       3.50000011E-14
   6504.31982       3.50000011E-14
   6504.41016       3.50000011E-14
   6504.50000       3.50000011E-14
   6504.58984       3.50000011E-14
   6504.68018       3.50000011E-14
   6504.77002       3.50000011E-14
   6504.85986       3.50000011E-14
   6504.95020       3.50000011E-14
   6505.04004       3.50000011E-14
   6505.12988       3.50000011E-14
   6505.22021       3.50000011E-14
   6505.31006       3.50000011E-14
   6505.39990       3.50000011E-14
   6505.49023       3.50000011E-14
   6505.58008       3.50000011E-14
   6505.66992       3.50000011E-14
   6505.75977       3.50000011E-14
   6505.85010       3.50000011E-14
   6505.93994       3.50000011E-14
   6506.02979       3.50000011E-14
   6506.12012       3.50000011E-14
   6506.20996       3.50000011E-14
   6506.29980       3.50000011E-14
   6506.39014       3.50000011E-14
   6506.47998       3.50000011E-14
   6506.56982       3.50000011E-14
   6506.66016       3.50000011E-14
   6506.75000       3.50000011E-14
   6506.83984       3.50000011E-14
   6506.93018       3.50000011E-14
   6507.02002       3.50000011E-14
   6507.10986       3.50000011E-14
   6507.20020       3.50000011E-14
   6507.29004       3.50000011E-14
   6507.37988       3.50000011E-14
   6507.47021       3.50000011E-14
   6507.56006       3.50000011E-14
   6507.64990       3.50000011E-14
   6507.74023       3.50000011E-14
   6507.83008       3.50000011E-14
   6507.91992       3.50000011E-14
   6508.00977       3.50000011E-14
   6508.10010       3.50000011E-14
   6508.18994       3.50000011E-14
   6508.27979       3.50000011E-14
   6508.37012       3.50000011E-14
   6508.45996       3.50000011E-14
   6508.54980       3.50000011E-14
   6508.64014       3.50000011E-14
   6508.72998       3.50000011E-14
   6508.81982       3.50000011E-14
   6508.91016       3.50000011E-14
   6509.00000       3.50000011E-14
   6509.08984       3.50000011E-14
   6509.18018       3.50000011E-14
   6509.27002       3.50000011E-14
   6509.35986       3.50000011E-14
   6509.45020       3.50000011E-14
   6509.54004       3.50000011E-14
   6509.62988       3.50000011E-14
   6509.72021       3.50000011E-14
   6509.81006       3.50000011E-14
   6509.89990       3.50000011E-14
   6509.99023       3.50000011E-14
   6510.08008       3.50000011E-14
   6510.16992       3.50000011E-14
   6510.25977       3.50000011E-14
   6510.35010       3.50000011E-14
   6510.43994       3.50000011E-14
   6510.52979       3.50000011E-14
   6510.62012       3.50000011E-14
   6510.70996       3.50000011E-14
   6510.79980       3.50000011E-14
   6510.89014       3.50000011E-14
   6510.97998       3.50000011E-14
   6511.06982       3.50000011E-14
   6511.16016       3.50000011E-14
   6511.25000       3.50000011E-14
   6511.33984       3.50000011E-14
   6511.43018       3.50000011E-14
   6511.52002       3.50000011E-14
   6511.60986       3.50000011E-14
   6511.70020       3.50000011E-14
   6511.79004       3.50000011E-14
   6511.87988       3.50000011E-14
   6511.97021       3.50000011E-14
   6512.06006       3.50000011E-14
   6512.14990       3.50000011E-14
   6512.24023       3.50000011E-14
   6512.33008       3.50000011E-14
   6512.41992       3.50000011E-14
   6512.50977       3.50000011E-14
   6512.60010       3.50000011E-14
   6512.68994       3.50000011E-14
   6512.77979       3.50000011E-14
   6512.87012       3.50000011E-14
   6512.95996       3.50000011E-14
   6513.04980       3.50000011E-14
   6513.14014       3.50000011E-14
   6513.22998       3.50000011E-14
   6513.31982       3.50000011E-14
   6513.41016       3.50000011E-14
   6513.50000       3.50000011E-14
   6513.58984       3.50000011E-14
   6513.68018       3.50000011E-14
   6513.77002       3.50000011E-14
   6513.85986       3.50000011E-14
   6513.95020       3.50000011E-14
   6514.04004       3.50000011E-14
   6514.12988       3.50000011E-14
   6514.22021       3.50000011E-14
   6514.31006       3.50000011E-14
   6514.39990       3.50000011E-14
   6514.49023       3.50000011E-14
   6514.58008       3.50000011E-14
   6514.66992       3.50000011E-14
   6514.75977       3.50000011E-14
   6514.85010       3.50000011E-14
   6514.93994       3.50000011E-14
   6515.02979       3.50000011E-14
   6515.12012       3.50000011E-14
   6515.20996       3.50000011E-14
   6515.29980       3.50000011E-14
   6515.39014       3.50000011E-14
   6515.47998       3.50000011E-14
   6515.56982       3.50000011E-14
   6515.66016       3.50000011E-14
   6515.75000       3.50000011E-14
   6515.83984       3.50000011E-14
   6515.93018       3.50000011E-14
   6516.02002       3.50000011E-14
   6516.10986       3.50000011E-14
   6516.20020       3.50000011E-14
   6516.29004       3.50000011E-14
   6516.37988       3.50000011E-14
   6516.47021       3.50000011E-14
   6516.56006       3.50000011E-14
   6516.64990       3.50000011E-14
   6516.74023       3.50000011E-14
   6516.83008       3.50000011E-14
   6516.91992       3.50000011E-14
   6517.00977       3.50000011E-14
   6517.10010       3.50000011E-14
   6517.18994       3.50000011E-14
   6517.27979       3.50000011E-14
   6517.37012       3.50000011E-14
   6517.45996       3.50000011E-14
   6517.54980       3.50000011E-14
   6517.64014       3.50000011E-14
   6517.72998       3.50000011E-14
   6517.81982       3.50000011E-14
   6517.91016       3.50000011E-14
   6518.00000       3.50000011E-14
   6518.08984       3.50000011E-14
   6518.18018       3.50000011E-14
   6518.27002       3.50000011E-14
   6518.35986       3.50000011E-14
   6518.45020       3.50000011E-14
   6518.54004       3.50000011E-14
   6518.62988       3.50000011E-14
   6518.72021       3.50000011E-14
   6518.81006       3.50000011E-14
   6518.89990       3.50000011E-14
   6518.99023       3.50000011E-14
   6519.08008       3.50000011E-14
   6519.16992       3.50000011E-14
   6519.25977       3.50000011E-14
   6519.35010       3.50000011E-14
   6519.43994       3.50000011E-14
   6519.52979       3.50000011E-14
   6519.62012       3.50000011E-14
   6519.70996       3.50000011E-14
   6519.79980       3.50000011E-14
   6519.89014       3.50000011E-14
   6519.97998       3.50000011E-14
   6520.06982       3.50000011E-14
   6520.16016       3.50000011E-14
   6520.25000       3.50000011E-14
   6520.33984       3.50000011E-14
   6520.43018       3.50000011E-14
   6520.52002       3.50000011E-14
   6520.60986       3.50000011E-14
   6520.70020       3.50000011E-14
   6520.79004       3.50000011E-14
   6520.87988       3.50000011E-14
   6520.97021       3.50000011E-14
   6521.06006       3.50000011E-14
   6521.14990       3.50000011E-14
   6521.24023       3.50000011E-14
   6521.33008       3.50000045E-14
   6521.41992       3.50000045E-14
   6521.50977       3.50000045E-14
   6521.60010       3.50000045E-14
   6521.68994       3.50000045E-14
   6521.77979       3.50000045E-14
   6521.87012       3.50000045E-14
   6521.95996       3.50000045E-14
   6522.04980       3.50000045E-14
   6522.14014       3.50000045E-14
   6522.22998       3.50000045E-14
   6522.31982       3.50000045E-14
   6522.41016       3.50000045E-14
   6522.50000       3.50000045E-14
   6522.58984       3.50000045E-14
   6522.68018       3.50000045E-14
   6522.77002       3.50000079E-14
   6522.85986       3.50000079E-14
   6522.95020       3.50000079E-14
   6523.04004       3.50000079E-14
   6523.12988       3.50000079E-14
   6523.22021       3.50000079E-14
   6523.31006       3.50000079E-14
   6523.39990       3.50000079E-14
   6523.49023       3.50000112E-14
   6523.58008       3.50000112E-14
   6523.66992       3.50000112E-14
   6523.75977       3.50000180E-14
   6523.85010       3.50000316E-14
   6523.93994       3.50000722E-14
   6524.02979       3.50001942E-14
   6524.12012       3.50005398E-14
   6524.20996       3.50014648E-14
   6524.29980       3.50038432E-14
   6524.39014       3.50097250E-14
   6524.47998       3.50234436E-14
   6524.56982       3.50540757E-14
   6524.66016       3.51197885E-14
   6524.75000       3.52526236E-14
   6524.83984       3.55094202E-14
   6524.93018       3.59856222E-14
   6525.02002       3.68166462E-14
   6525.10986       3.82015281E-14
   6525.20020       4.04093873E-14
   6525.29004       4.37132427E-14
   6525.37988       4.84195034E-14
   6525.47021       5.48005855E-14
   6525.56006       6.28726400E-14
   6525.64990       7.25148159E-14
   6525.74023       8.33386366E-14
   6525.83008       9.44651394E-14
   6525.91992       1.04944739E-13
   6526.00977       1.13663324E-13
   6526.10010       1.19612043E-13
   6526.18994       1.21974655E-13
   6526.27979       1.20482603E-13
   6526.37012       1.15294804E-13
   6526.45996       1.07129976E-13
   6526.54980       9.69539119E-14
   6526.64014       8.58192437E-14
   6526.72998       7.48955612E-14
   6526.81982       6.49464613E-14
   6526.91016       5.64513781E-14
   6527.00000       4.97170291E-14
   6527.08984       4.46540693E-14
   6527.18018       4.10391020E-14
   6527.27002       3.86208501E-14
   6527.35986       3.70757671E-14
   6527.45020       3.61339986E-14
   6527.54004       3.55942455E-14
   6527.62988       3.52977874E-14
   6527.72021       3.51421468E-14
   6527.81006       3.50651853E-14
   6527.89990       3.50286443E-14
   6527.99023       3.50120493E-14
   6528.08008       3.50049478E-14
   6528.16992       3.50020306E-14
   6528.25977       3.50008922E-14
   6528.35010       3.50004720E-14
   6528.43994       3.50003331E-14
   6528.52979       3.50002958E-14
   6528.62012       3.50002925E-14
   6528.70996       3.50003026E-14
   6528.79980       3.50003196E-14
   6528.89014       3.50003365E-14
   6528.97998       3.50003568E-14
   6529.06982       3.50003772E-14
   6529.16016       3.50004009E-14
   6529.25000       3.50004212E-14
   6529.33984       3.50004483E-14
   6529.43018       3.50004720E-14
   6529.52002       3.50004991E-14
   6529.60986       3.50005262E-14
   6529.70020       3.50005567E-14
   6529.79004       3.50005906E-14
   6529.87988       3.50006211E-14
   6529.97021       3.50006584E-14
   6530.06006       3.50006923E-14
   6530.14990       3.50007329E-14
   6530.24023       3.50007736E-14
   6530.33008       3.50008176E-14
   6530.41992       3.50008617E-14
   6530.50977       3.50009091E-14
   6530.60010       3.50009599E-14
   6530.68994       3.50010107E-14
   6530.77979       3.50010683E-14
   6530.87012       3.50011259E-14
   6530.95996       3.50011869E-14
   6531.04980       3.50012513E-14
   6531.14014       3.50013191E-14
   6531.22998       3.50013902E-14
   6531.31982       3.50014648E-14
   6531.41016       3.50015427E-14
   6531.50000       3.50016274E-14
   6531.58984       3.50017121E-14
   6531.68018       3.50018070E-14
   6531.77002       3.50019018E-14
   6531.85986       3.50020001E-14
   6531.95020       3.50021085E-14
   6532.04004       3.50022203E-14
   6532.12988       3.50023355E-14
   6532.22021       3.50024575E-14
   6532.31006       3.50025862E-14
   6532.39990       3.50027217E-14
   6532.49023       3.50028641E-14
   6532.58008       3.50030131E-14
   6532.66992       3.50031656E-14
   6532.75977       3.50033316E-14
   6532.85010       3.50035044E-14
   6532.93994       3.50036840E-14
   6533.02979       3.50038703E-14
   6533.12012       3.50040702E-14
   6533.20996       3.50042803E-14
   6533.29980       3.50044971E-14
   6533.39014       3.50047275E-14
   6533.47998       3.50049681E-14
   6533.56982       3.50052222E-14
   6533.66016       3.50054865E-14
   6533.75000       3.50057643E-14
   6533.83984       3.50060591E-14
   6533.93018       3.50063674E-14
   6534.02002       3.50066893E-14
   6534.10986       3.50070315E-14
   6534.20020       3.50073906E-14
   6534.29004       3.50077667E-14
   6534.37988       3.50081631E-14
   6534.47021       3.50085798E-14
   6534.56006       3.50090203E-14
   6534.64990       3.50094845E-14
   6534.74023       3.50099757E-14
   6534.83008       3.50104941E-14
   6534.91992       3.50110396E-14
   6535.00977       3.50116156E-14
   6535.10010       3.50122288E-14
   6535.18994       3.50128760E-14
   6535.27979       3.50135638E-14
   6535.37012       3.50142956E-14
   6535.45996       3.50150715E-14
   6535.54980       3.50158948E-14
   6535.64014       3.50167791E-14
   6535.72998       3.50177142E-14
   6535.81982       3.50187137E-14
   6535.91016       3.50197878E-14
   6536.00000       3.50209296E-14
   6536.08984       3.50221527E-14
   6536.18018       3.50234741E-14
   6536.27002       3.50248835E-14
   6536.35986       3.50264014E-14
   6536.45020       3.50280413E-14
   6536.54004       3.50297997E-14
   6536.62988       3.50316937E-14
   6536.72021       3.50337536E-14
   6536.81006       3.50359661E-14
   6536.89990       3.50383615E-14
   6536.99023       3.50409670E-14
   6537.08008       3.50437757E-14
   6537.16992       3.50468217E-14
   6537.25977       3.50501285E-14
   6537.35010       3.50537369E-14
   6537.43994       3.50576332E-14
   6537.52979       3.50618718E-14
   6537.62012       3.50665033E-14
   6537.70996       3.50715144E-14
   6537.79980       3.50769659E-14
   6537.89014       3.50829290E-14
   6537.97998       3.50893834E-14
   6538.06982       3.50964036E-14
   6538.16016       3.51040845E-14
   6538.25000       3.51123990E-14
   6538.33984       3.51214385E-14
   6538.43018       3.51313251E-14
   6538.52002       3.51420146E-14
   6538.60986       3.51536291E-14
   6538.70020       3.51663177E-14
   6538.79004       3.51800227E-14
   6538.87988       3.51948898E-14
   6538.97021       3.52111054E-14
   6539.06006       3.52285916E-14
   6539.14990       3.52475278E-14
   6539.24023       3.52681446E-14
   6539.33008       3.52903267E-14
   6539.41992       3.53143011E-14
   6539.50977       3.53401898E-14
   6539.60010       3.53682876E-14
   6539.68994       3.53984217E-14
   6539.77979       3.54308834E-14
   6539.87012       3.54660183E-14
   6539.95996       3.55035960E-14
   6540.04980       3.55439690E-14
   6540.14014       3.55875370E-14
   6540.22998       3.56340019E-14
   6540.31982       3.56837701E-14
   6540.41016       3.57373162E-14
   6540.50000       3.57942469E-14
   6540.58984       3.58550266E-14
   6540.68018       3.59202143E-14
   6540.77002       3.59892915E-14
   6540.85986       3.60628004E-14
   6540.95020       3.61413712E-14
   6541.04004       3.62243499E-14
   6541.12988       3.63123431E-14
   6541.22021       3.64060656E-14
   6541.31006       3.65046941E-14
   6541.39990       3.66089131E-14
   6541.49023       3.67195186E-14
   6541.58008       3.68354876E-14
   6541.66992       3.69575721E-14
   6541.75977       3.70859383E-14
   6541.85010       3.72214805E-14
   6541.93994       3.73628842E-14
   6542.02979       3.75109862E-14
   6542.12012       3.76667623E-14
   6542.20996       3.78286337E-14
   6542.29980       3.79974982E-14
   6542.39014       3.81744027E-14
   6542.47998       3.83574771E-14
   6542.56982       3.85476868E-14
   6542.66016       3.87461229E-14
   6542.75000       3.89506203E-14
   6542.83984       3.91621888E-14
   6542.93018       3.93819600E-14
   6543.02002       3.96074639E-14
   6543.10986       3.98397441E-14
   6543.20020       4.00799626E-14
   6543.29004       4.03253345E-14
   6543.37988       4.05769304E-14
   6543.47021       4.08359158E-14
   6543.56006       4.10992211E-14
   6543.64990       4.13679202E-14
   6543.74023       4.16431788E-14
   6543.83008       4.19216494E-14
   6543.91992       4.22044059E-14
   6544.00977       4.24910182E-14
   6544.10010       4.27826143E-14
   6544.18994       4.30755556E-14
   6544.27979       4.33708855E-14
   6544.37012       4.36696882E-14
   6544.45996       4.39681657E-14
   6544.54980       4.42673377E-14
   6544.64014       4.45682242E-14
   6544.72998       4.48669320E-14
   6544.81982       4.51644507E-14
   6544.91016       4.54617186E-14
   6545.00000       4.57548496E-14
   6545.08984       4.60447686E-14
   6545.18018       4.63323397E-14
   6545.27002       4.66137545E-14
   6545.35986       4.68898907E-14
   6545.45020       4.71615138E-14
   6545.54004       4.74249952E-14
   6545.62988       4.76811516E-14
   6545.72021       4.79306536E-14
   6545.81006       4.81701437E-14
   6545.89990       4.84003774E-14
   6545.99023       4.86219206E-14
   6546.08008       4.88317916E-14
   6546.16992       4.90306682E-14
   6546.25977       4.92180285E-14
   6546.35010       4.93943062E-14
   6546.43994       4.95571500E-14
   6546.52979       4.97071256E-14
   6546.62012       4.98445754E-14
   6546.70996       4.99676865E-14
   6546.79980       5.00769470E-14
   6546.89014       5.01726109E-14
   6546.97998       5.02534483E-14
   6547.06982       5.03198828E-14
   6547.16016       5.03720600E-14
   6547.25000       5.04093769E-14
   6547.33984       5.04321723E-14
   6547.43018       5.04405071E-14
   6547.52002       5.04344084E-14
   6547.60986       5.04141203E-14
   6547.70020       5.03796257E-14
   6547.79004       5.03315583E-14
   6547.87988       5.02700773E-14
   6547.97021       5.01950844E-14
   6548.06006       5.01077858E-14
   6548.14990       5.00082424E-14
   6548.24023       4.98962850E-14
   6548.33008       4.97736346E-14
   6548.41992       4.96402575E-14
   6548.50977       4.94967226E-14
   6548.60010       4.93427659E-14
   6548.68994       4.91806845E-14
   6548.77979       4.90103055E-14
   6548.87012       4.88313071E-14
   6548.95996       4.86463016E-14
   6549.04980       4.84550347E-14
   6549.14014       4.82571136E-14
   6549.22998       4.80553843E-14
   6549.31982       4.78494943E-14
   6549.41016       4.76390066E-14
   6549.50000       4.74268892E-14
   6549.58984       4.72127152E-14
   6549.68018       4.69959832E-14
   6549.77002       4.67797120E-14
   6549.85986       4.65633899E-14
   6549.95020       4.63464817E-14
   6550.04004       4.61319554E-14
   6550.12988       4.59192282E-14
   6550.22021       4.57077410E-14
   6550.31006       4.55003263E-14
   6550.39990       4.52963506E-14
   6550.49023       4.50952345E-14
   6550.58008       4.48996173E-14
   6550.66992       4.47088316E-14
   6550.75977       4.45232840E-14
   6550.85010       4.43423713E-14
   6550.93994       4.41684043E-14
   6551.02979       4.40006850E-14
   6551.12012       4.38386374E-14
   6551.20996       4.36842606E-14
   6551.29980       4.35368667E-14
   6551.39014       4.33958967E-14
   6551.47998       4.32630345E-14
   6551.56982       4.31376160E-14
   6551.66016       4.30191161E-14
   6551.75000       4.29088832E-14
   6551.83984       4.28062974E-14
   6551.93018       4.27108842E-14
   6552.02002       4.26236601E-14
   6552.10986       4.25440594E-14
   6552.20020       4.24716652E-14
   6552.29004       4.24071822E-14
   6552.37988       4.23501092E-14
   6552.47021       4.23000935E-14
   6552.56006       4.22575454E-14
   6552.64990       4.22220378E-14
   6552.74023       4.21932895E-14
   6552.83008       4.21714462E-14
   6552.91992       4.21561589E-14
   6553.00977       4.21472515E-14
   6553.10010       4.21445343E-14
   6553.18994       4.21478411E-14
   6553.27979       4.21569450E-14
   6553.37012       4.21717308E-14
   6553.45996       4.21918360E-14
   6553.54980       4.22171114E-14
   6553.64014       4.22475267E-14
   6553.72998       4.22825396E-14
   6553.81982       4.23220927E-14
   6553.91016       4.23662265E-14
   6554.00000       4.24142533E-14
   6554.08984       4.24662001E-14
   6554.18018       4.25221686E-14
   6554.27002       4.25813627E-14
   6554.35986       4.26438771E-14
   6554.45020       4.27098881E-14
   6554.54004       4.27784944E-14
   6554.62988       4.28498620E-14
   6554.72021       4.29242247E-14
   6554.81006       4.30006101E-14
   6554.89990       4.30792419E-14
   6554.99023       4.31604080E-14
   6555.08008       4.32430716E-14
   6555.16992       4.33275242E-14
   6555.25977       4.34136166E-14
   6555.35010       4.35016877E-14
   6555.43994       4.35906601E-14
   6555.52979       4.36808724E-14
   6555.62012       4.37726976E-14
   6555.70996       4.38650310E-14
   6555.79980       4.39582486E-14
   6555.89014       4.40527572E-14
   6555.97998       4.41474284E-14
   6556.06982       4.42426721E-14
   6556.16016       4.43389154E-14
   6556.25000       4.44350299E-14
   6556.33984       4.45314358E-14
   6556.43018       4.46285837E-14
   6556.52002       4.47253386E-14
   6556.60986       4.48221579E-14
   6556.70020       4.49195057E-14
   6556.79004       4.50163046E-14
   6556.87988       4.51131543E-14
   6556.97021       4.52109460E-14
   6557.06006       4.53097439E-14
   6557.14990       4.54131226E-14
   6557.24023       4.55295252E-14
   6557.33008       4.56763533E-14
   6557.41992       4.58963108E-14
   6557.50977       4.62796508E-14
   6557.60010       4.70147501E-14
   6557.68994       4.84463103E-14
   6557.77979       5.12119576E-14
   6557.87012       5.64271259E-14
   6557.95996       6.57600602E-14
   6558.04980       8.17779411E-14
   6558.14014       1.08146876E-13
   6558.22998       1.48962697E-13
   6558.31982       2.09191876E-13
   6558.41016       2.93937346E-13
   6558.50000       4.05413957E-13
   6558.58984       5.44258594E-13
   6558.68018       7.07467505E-13
   6558.77002       8.84318497E-13
   6558.85986       1.06192908E-12
   6558.95020       1.22403867E-12
   6559.04004       1.35096405E-12
   6559.12988       1.42822722E-12
   6559.22021       1.44584811E-12
   6559.31006       1.40134410E-12
   6559.39990       1.30083086E-12
   6559.49023       1.15618040E-12
   6559.58008       9.86114619E-13
   6559.66992       8.08253258E-13
   6559.75977       6.39376030E-13
   6559.85010       4.92480405E-13
   6559.93994       3.79982097E-13
   6560.02979       3.10933733E-13
   6560.12012       2.98526042E-13
   6560.20996       3.65135006E-13
   6560.29980       5.49413813E-13
   6560.39014       9.18668245E-13
   6560.47998       1.56939945E-12
   6560.56982       2.64655008E-12
   6560.66016       4.35171820E-12
   6560.75000       6.89918912E-12
   6560.83984       1.05503098E-11
   6560.93018       1.55768974E-11
   6561.02002       2.21004517E-11
   6561.10986       3.01908602E-11
   6561.20020       3.97600113E-11
   6561.29004       5.03254695E-11
   6561.37988       6.13156054E-11
   6561.47021       7.19639695E-11
   6561.56006       8.12196213E-11
   6561.64990       8.82317899E-11
   6561.74023       9.22709548E-11
   6561.83008       9.28473132E-11
   6561.91992       8.99265593E-11
   6562.00977       8.38343422E-11
   6562.10010       7.51747900E-11
   6562.18994       6.49164195E-11
   6562.27979       5.39590421E-11
   6562.37012       4.31161357E-11
   6562.45996       3.32010079E-11
   6562.54980       2.46118716E-11
   6562.64014       1.75317816E-11
   6562.72998       1.20467672E-11
   6562.81982       7.97392881E-12
   6562.91016       5.07451763E-12
   6563.00000       3.12363893E-12
   6563.08984       1.85954637E-12
   6563.18018       1.07191036E-12
   6563.27002       6.06890352E-13
   6563.35986       3.41836043E-13
   6563.45020       1.96349501E-13
   6563.54004       1.20580615E-13
   6563.62988       8.24197888E-14
   6563.72021       6.38917765E-14
   6563.81006       5.53435336E-14
   6563.89990       5.15171808E-14
   6563.99023       4.98562441E-14
   6564.08008       4.91606098E-14
   6564.16992       4.88663641E-14
   6564.25977       4.87337763E-14
   6564.35010       4.86626222E-14
   6564.43994       4.86136908E-14
   6564.52979       4.85713188E-14
   6564.62012       4.85297363E-14
   6564.70996       4.84874388E-14
   6564.79980       4.84435761E-14
   6564.89014       4.83976906E-14
   6564.97998       4.83502364E-14
   6565.06982       4.83009764E-14
   6565.16016       4.82496394E-14
   6565.25000       4.81967981E-14
   6565.33984       4.81422085E-14
   6565.43018       4.80855793E-14
   6565.52002       4.80275508E-14
   6565.60986       4.79678417E-14
   6565.70020       4.79061438E-14
   6565.79004       4.78431449E-14
   6565.87988       4.77785502E-14
   6565.97021       4.77120174E-14
   6566.06006       4.76442955E-14
   6566.14990       4.75750556E-14
   6566.24023       4.75039421E-14
   6566.33008       4.74317512E-14
   6566.41992       4.73581305E-14
   6566.50977       4.72831138E-14
   6566.60010       4.72063117E-14
   6566.68994       4.71285845E-14
   6566.77979       4.70495530E-14
   6566.87012       4.69688104E-14
   6566.95996       4.68872648E-14
   6567.04980       4.68045097E-14
   6567.14014       4.67201215E-14
   6567.22998       4.66350489E-14
   6567.31982       4.65488684E-14
   6567.41016       4.64611395E-14
   6567.50000       4.63728414E-14
   6567.58984       4.62835404E-14
   6567.68018       4.61927758E-14
   6567.77002       4.61015639E-14
   6567.85986       4.60094541E-14
   6567.95020       4.59159688E-14
   6568.04004       4.58221616E-14
   6568.12988       4.57275548E-14
   6568.22021       4.56316673E-14
   6568.31006       4.55355731E-14
   6568.39990       4.54387911E-14
   6568.49023       4.53408199E-14
   6568.58008       4.52427572E-14
   6568.66992       4.51441117E-14
   6568.75977       4.50449174E-14
   6568.85010       4.49446625E-14
   6568.93994       4.48444721E-14
   6569.02979       4.47438344E-14
   6569.12012       4.46422345E-14
   6569.20996       4.45408108E-14
   6569.29980       4.44390415E-14
   6569.39014       4.43364116E-14
   6569.47998       4.42340595E-14
   6569.56982       4.41314669E-14
   6569.66016       4.40281051E-14
   6569.75000       4.39251296E-14
   6569.83984       4.38220085E-14
   6569.93018       4.37182164E-14
   6570.02002       4.36149123E-14
   6570.10986       4.35115573E-14
   6570.20020       4.34076264E-14
   6570.29004       4.33042748E-14
   6570.37988       4.32009639E-14
   6570.47021       4.30971753E-14
   6570.56006       4.29940507E-14
   6570.64990       4.28910617E-14
   6570.74023       4.27876796E-14
   6570.83008       4.26850497E-14
   6570.91992       4.25826400E-14
   6571.00977       4.24804777E-14
   6571.10010       4.23780375E-14
   6571.18994       4.22764546E-14
   6571.27979       4.21752002E-14
   6571.37012       4.20737494E-14
   6571.45996       4.19732269E-14
   6571.54980       4.18731076E-14
   6571.64014       4.17728731E-14
   6571.72998       4.16736314E-14
   6571.81982       4.15748639E-14
   6571.91016       4.14760559E-14
   6572.00000       4.13783015E-14
   6572.08984       4.12810858E-14
   6572.18018       4.11839040E-14
   6572.27002       4.10878302E-14
   6572.35986       4.09923526E-14
   6572.45020       4.08969801E-14
   6572.54004       4.08027561E-14
   6572.62988       4.07091895E-14
   6572.72021       4.06157889E-14
   6572.81006       4.05235809E-14
   6572.89990       4.04320776E-14
   6572.99023       4.03408013E-14
   6573.08008       4.02507515E-14
   6573.16992       4.01614539E-14
   6573.25977       4.00729153E-14
   6573.35010       3.99846748E-14
   6573.43994       3.98977048E-14
   6573.52979       3.98115311E-14
   6573.62012       3.97257063E-14
   6573.70996       3.96411690E-14
   6573.79980       3.95574652E-14
   6573.89014       3.94741545E-14
   6573.97998       3.93921481E-14
   6574.06982       3.93109990E-14
   6574.16016       3.92302869E-14
   6574.25000       3.91508860E-14
   6574.33984       3.90723695E-14
   6574.43018       3.89943205E-14
   6574.52002       3.89175928E-14
   6574.60986       3.88417664E-14
   6574.70020       3.87664381E-14
   6574.79004       3.86924311E-14
   6574.87988       3.86193356E-14
   6574.97021       3.85467686E-14
   6575.06006       3.84755196E-14
   6575.14990       3.84051921E-14
   6575.24023       3.83354135E-14
   6575.33008       3.82669428E-14
   6575.41992       3.81994004E-14
   6575.50977       3.81327863E-14
   6575.60010       3.80667482E-14
   6575.68994       3.80019977E-14
   6575.77979       3.79381754E-14
   6575.87012       3.78749393E-14
   6575.95996       3.78129772E-14
   6576.04980       3.77519400E-14
   6576.14014       3.76914991E-14
   6576.22998       3.76323084E-14
   6576.31982       3.75740360E-14
   6576.41016       3.75163666E-14
   6576.50000       3.74599237E-14
   6576.58984       3.74043888E-14
   6576.68018       3.73494604E-14
   6576.77002       3.72957314E-14
   6576.85986       3.72428969E-14
   6576.95020       3.71906722E-14
   6577.04004       3.71396131E-14
   6577.12988       3.70894348E-14
   6577.22021       3.70398597E-14
   6577.31006       3.69914230E-14
   6577.39990       3.69438468E-14
   6577.49023       3.68968738E-14
   6577.58008       3.68510019E-14
   6577.66992       3.68059702E-14
   6577.75977       3.67617720E-14
   6577.85010       3.67181634E-14
   6577.93994       3.66756118E-14
   6578.02979       3.66338700E-14
   6578.12012       3.65927076E-14
   6578.20996       3.65525650E-14
   6578.29980       3.65132119E-14
   6578.39014       3.64744246E-14
   6578.47998       3.64366198E-14
   6578.56982       3.63995739E-14
   6578.66016       3.63630872E-14
   6578.75000       3.63275423E-14
   6578.83984       3.62927292E-14
   6578.93018       3.62584583E-14
   6579.02002       3.62250919E-14
   6579.10986       3.61924303E-14
   6579.20020       3.61602973E-14
   6579.29004       3.61290248E-14
   6579.37988       3.60984334E-14
   6579.47021       3.60683502E-14
   6579.56006       3.60390903E-14
   6579.64990       3.60104809E-14
   6579.74023       3.59823628E-14
   6579.83008       3.59550307E-14
   6579.91992       3.59283187E-14
   6580.00977       3.59022199E-14
   6580.10010       3.58765887E-14
   6580.18994       3.58516893E-14
   6580.27979       3.58273727E-14
   6580.37012       3.58035067E-14
   6580.45996       3.57803319E-14
   6580.54980       3.57577127E-14
   6580.64014       3.57355238E-14
   6580.72998       3.57139889E-14
   6580.81982       3.56929825E-14
   6580.91016       3.56723860E-14
   6581.00000       3.56524096E-14
   6581.08984       3.56329312E-14
   6581.18018       3.56138391E-14
   6581.27002       3.55953331E-14
   6581.35986       3.55773015E-14
   6581.45020       3.55596357E-14
   6581.54004       3.55425223E-14
   6581.62988       3.55258527E-14
   6581.72021       3.55095321E-14
   6581.81006       3.54937298E-14
   6581.89990       3.54783443E-14
   6581.99023       3.54632874E-14
   6582.08008       3.54487185E-14
   6582.16992       3.54345391E-14
   6582.25977       3.54207494E-14
   6582.35010       3.54072613E-14
   6582.43994       3.53942170E-14
   6582.52979       3.53815318E-14
   6582.62012       3.53691380E-14
   6582.70996       3.53571542E-14
   6582.79980       3.53455058E-14
   6582.89014       3.53341319E-14
   6582.97998       3.53231374E-14
   6583.06982       3.53124614E-14
   6583.16016       3.53020361E-14
   6583.25000       3.52919699E-14
   6583.33984       3.52821952E-14
   6583.43018       3.52726576E-14
   6583.52002       3.52634520E-14
   6583.60986       3.52545175E-14
   6583.70020       3.52458033E-14
   6583.79004       3.52373973E-14
   6583.87988       3.52292455E-14
   6583.97021       3.52212969E-14
   6584.06006       3.52136330E-14
   6584.14990       3.52062028E-14
   6584.24023       3.51989657E-14
   6584.33008       3.51919896E-14
   6584.41992       3.51852302E-14
   6584.50977       3.51786810E-14
   6584.60010       3.51723045E-14
   6584.68994       3.51661618E-14
   6584.77979       3.51602157E-14
   6584.87012       3.51544287E-14
   6584.95996       3.51488587E-14
   6585.04980       3.51434681E-14
   6585.14014       3.51382233E-14
   6585.22998       3.51331784E-14
   6585.31982       3.51282961E-14
   6585.41016       3.51235493E-14
   6585.50000       3.51189855E-14
   6585.58984       3.51145741E-14
   6585.68018       3.51102882E-14
   6585.77002       3.51061648E-14
   6585.85986       3.51021837E-14
   6585.95020       3.50983145E-14
   6586.04004       3.50945977E-14
   6586.12988       3.50910097E-14
   6586.22021       3.50875233E-14
   6586.31006       3.50841792E-14
   6586.39990       3.50809469E-14
   6586.49023       3.50778129E-14
   6586.58008       3.50748043E-14
   6586.66992       3.50719006E-14
   6586.75977       3.50691020E-14
   6586.85010       3.50663847E-14
   6586.93994       3.50637793E-14
   6587.02979       3.50612687E-14
   6587.12012       3.50588326E-14
   6587.20996       3.50564982E-14
   6587.29980       3.50542485E-14
   6587.39014       3.50520699E-14
   6587.47998       3.50499828E-14
   6587.56982       3.50479702E-14
   6587.66016       3.50460221E-14
   6587.75000       3.50441586E-14
   6587.83984       3.50423629E-14
   6587.93018       3.50406248E-14
   6588.02002       3.50389612E-14
   6588.10986       3.50373586E-14
   6588.20020       3.50358102E-14
   6588.29004       3.50343262E-14
   6588.37988       3.50329032E-14
   6588.47021       3.50315243E-14
   6588.56006       3.50302063E-14
   6588.64990       3.50289357E-14
   6588.74023       3.50277126E-14
   6588.83008       3.50265403E-14
   6588.91992       3.50254155E-14
   6589.00977       3.50243346E-14
   6589.10010       3.50232911E-14
   6589.18994       3.50222950E-14
   6589.27979       3.50213361E-14
   6589.37012       3.50204112E-14
   6589.45996       3.50195269E-14
   6589.54980       3.50186799E-14
   6589.64014       3.50178633E-14
   6589.72998       3.50170840E-14
   6589.81982       3.50163353E-14
   6589.91016       3.50156136E-14
   6590.00000       3.50149224E-14
