   6500.08984       3.50000011E-14
   6500.18018       3.50000011E-14
   6500.27002       3.50000011E-14
   6500.35986       3.50000011E-14
   6500.45020       3.50000011E-14
   6500.54004       3.50000011E-14
   6500.62988       3.50000011E-14
   6500.72021       3.50000011E-14
   6500.81006       3.50000011E-14
   6500.89990       3.50000011E-14
   6500.99023       3.50000011E-14
   6501.08008       3.50000011E-14
   6501.16992       3.50000011E-14
   6501.25977       3.50000011E-14
   6501.35010       3.50000011E-14
   6501.43994       3.50000011E-14
   6501.52979       3.50000011E-14
   6501.62012       3.50000011E-14
   6501.70996       3.50000011E-14
   6501.79980       3.50000011E-14
   6501.89014       3.50000011E-14
   6501.97998       3.50000011E-14
   6502.06982       3.50000011E-14
   6502.16016       3.50000011E-14
   6502.25000       3.50000011E-14
   6502.33984       3.50000011E-14
   6502.43018       3.50000011E-14
   6502.52002       3.50000011E-14
   6502.60986       3.50000011E-14
   6502.70020       3.50000011E-14
   6502.79004       3.50000011E-14
   6502.87988       3.50000011E-14
   6502.97021       3.50000011E-14
   6503.06006       3.50000011E-14
   6503.14990       3.50000011E-14
   6503.24023       3.50000011E-14
   6503.33008       3.50000011E-14
   6503.41992       3.50000011E-14
   6503.50977       3.50000011E-14
   6503.60010       3.50000011E-14
   6503.68994       3.50000011E-14
   6503.77979       3.50000011E-14
   6503.87012       3.50000011E-14
   6503.95996       3.50000011E-14
   6504.04980       3.50000011E-14
   6504.14014       3.50000011E-14
   6504.22998       3.50000011E-14
   6504.31982       3.50000011E-14
   6504.41016       3.50000011E-14
   6504.50000       3.50000011E-14
   6504.58984       3.50000011E-14
   6504.68018       3.50000011E-14
   6504.77002       3.50000011E-14
   6504.85986       3.50000011E-14
   6504.95020       3.50000011E-14
   6505.04004       3.50000011E-14
   6505.12988       3.50000011E-14
   6505.22021       3.50000011E-14
   6505.31006       3.50000011E-14
   6505.39990       3.50000011E-14
   6505.49023       3.50000011E-14
   6505.58008       3.50000011E-14
   6505.66992       3.50000011E-14
   6505.75977       3.50000011E-14
   6505.85010       3.50000011E-14
   6505.93994       3.50000011E-14
   6506.02979       3.50000011E-14
   6506.12012       3.50000011E-14
   6506.20996       3.50000011E-14
   6506.29980       3.50000011E-14
   6506.39014       3.50000011E-14
   6506.47998       3.50000011E-14
   6506.56982       3.50000011E-14
   6506.66016       3.50000011E-14
   6506.75000       3.50000011E-14
   6506.83984       3.50000011E-14
   6506.93018       3.50000011E-14
   6507.02002       3.50000011E-14
   6507.10986       3.50000011E-14
   6507.20020       3.50000011E-14
   6507.29004       3.50000011E-14
   6507.37988       3.50000011E-14
   6507.47021       3.50000011E-14
   6507.56006       3.50000011E-14
   6507.64990       3.50000011E-14
   6507.74023       3.50000011E-14
   6507.83008       3.50000011E-14
   6507.91992       3.50000011E-14
   6508.00977       3.50000011E-14
   6508.10010       3.50000011E-14
   6508.18994       3.50000011E-14
   6508.27979       3.50000011E-14
   6508.37012       3.50000011E-14
   6508.45996       3.50000011E-14
   6508.54980       3.50000011E-14
   6508.64014       3.50000011E-14
   6508.72998       3.50000011E-14
   6508.81982       3.50000011E-14
   6508.91016       3.50000011E-14
   6509.00000       3.50000011E-14
   6509.08984       3.50000011E-14
   6509.18018       3.50000011E-14
   6509.27002       3.50000011E-14
   6509.35986       3.50000011E-14
   6509.45020       3.50000011E-14
   6509.54004       3.50000011E-14
   6509.62988       3.50000011E-14
   6509.72021       3.50000011E-14
   6509.81006       3.50000011E-14
   6509.89990       3.50000011E-14
   6509.99023       3.50000011E-14
   6510.08008       3.50000011E-14
   6510.16992       3.50000011E-14
   6510.25977       3.50000011E-14
   6510.35010       3.50000011E-14
   6510.43994       3.50000011E-14
   6510.52979       3.50000011E-14
   6510.62012       3.50000011E-14
   6510.70996       3.50000011E-14
   6510.79980       3.50000011E-14
   6510.89014       3.50000011E-14
   6510.97998       3.50000011E-14
   6511.06982       3.50000011E-14
   6511.16016       3.50000011E-14
   6511.25000       3.50000011E-14
   6511.33984       3.50000011E-14
   6511.43018       3.50000011E-14
   6511.52002       3.50000011E-14
   6511.60986       3.50000011E-14
   6511.70020       3.50000011E-14
   6511.79004       3.50000011E-14
   6511.87988       3.50000011E-14
   6511.97021       3.50000011E-14
   6512.06006       3.50000011E-14
   6512.14990       3.50000011E-14
   6512.24023       3.50000011E-14
   6512.33008       3.50000011E-14
   6512.41992       3.50000011E-14
   6512.50977       3.50000011E-14
   6512.60010       3.50000011E-14
   6512.68994       3.50000011E-14
   6512.77979       3.50000011E-14
   6512.87012       3.50000011E-14
   6512.95996       3.50000011E-14
   6513.04980       3.50000011E-14
   6513.14014       3.50000011E-14
   6513.22998       3.50000011E-14
   6513.31982       3.50000011E-14
   6513.41016       3.50000011E-14
   6513.50000       3.50000011E-14
   6513.58984       3.50000011E-14
   6513.68018       3.50000011E-14
   6513.77002       3.50000011E-14
   6513.85986       3.50000011E-14
   6513.95020       3.50000011E-14
   6514.04004       3.50000011E-14
   6514.12988       3.50000011E-14
   6514.22021       3.50000011E-14
   6514.31006       3.50000011E-14
   6514.39990       3.50000011E-14
   6514.49023       3.50000011E-14
   6514.58008       3.50000011E-14
   6514.66992       3.50000011E-14
   6514.75977       3.50000011E-14
   6514.85010       3.50000011E-14
   6514.93994       3.50000011E-14
   6515.02979       3.50000011E-14
   6515.12012       3.50000011E-14
   6515.20996       3.50000011E-14
   6515.29980       3.50000011E-14
   6515.39014       3.50000011E-14
   6515.47998       3.50000011E-14
   6515.56982       3.50000011E-14
   6515.66016       3.50000011E-14
   6515.75000       3.50000011E-14
   6515.83984       3.50000011E-14
   6515.93018       3.50000011E-14
   6516.02002       3.50000011E-14
   6516.10986       3.50000011E-14
   6516.20020       3.50000011E-14
   6516.29004       3.50000011E-14
   6516.37988       3.50000011E-14
   6516.47021       3.50000011E-14
   6516.56006       3.50000011E-14
   6516.64990       3.50000011E-14
   6516.74023       3.50000011E-14
   6516.83008       3.50000011E-14
   6516.91992       3.50000011E-14
   6517.00977       3.50000011E-14
   6517.10010       3.50000011E-14
   6517.18994       3.50000011E-14
   6517.27979       3.50000011E-14
   6517.37012       3.50000011E-14
   6517.45996       3.50000011E-14
   6517.54980       3.50000011E-14
   6517.64014       3.50000011E-14
   6517.72998       3.50000011E-14
   6517.81982       3.50000011E-14
   6517.91016       3.50000011E-14
   6518.00000       3.50000011E-14
   6518.08984       3.50000011E-14
   6518.18018       3.50000011E-14
   6518.27002       3.50000011E-14
   6518.35986       3.50000011E-14
   6518.45020       3.50000011E-14
   6518.54004       3.50000011E-14
   6518.62988       3.50000011E-14
   6518.72021       3.50000011E-14
   6518.81006       3.50000011E-14
   6518.89990       3.50000011E-14
   6518.99023       3.50000011E-14
   6519.08008       3.50000011E-14
   6519.16992       3.50000011E-14
   6519.25977       3.50000011E-14
   6519.35010       3.50000011E-14
   6519.43994       3.50000011E-14
   6519.52979       3.50000011E-14
   6519.62012       3.50000011E-14
   6519.70996       3.50000011E-14
   6519.79980       3.50000011E-14
   6519.89014       3.50000011E-14
   6519.97998       3.50000011E-14
   6520.06982       3.50000011E-14
   6520.16016       3.50000011E-14
   6520.25000       3.50000011E-14
   6520.33984       3.50000011E-14
   6520.43018       3.50000011E-14
   6520.52002       3.50000011E-14
   6520.60986       3.50000011E-14
   6520.70020       3.50000011E-14
   6520.79004       3.50000011E-14
   6520.87988       3.50000011E-14
   6520.97021       3.50000011E-14
   6521.06006       3.50000011E-14
   6521.14990       3.50000011E-14
   6521.24023       3.50000011E-14
   6521.33008       3.50000011E-14
   6521.41992       3.50000011E-14
   6521.50977       3.50000011E-14
   6521.60010       3.50000011E-14
   6521.68994       3.50000011E-14
   6521.77979       3.50000011E-14
   6521.87012       3.50000011E-14
   6521.95996       3.50000011E-14
   6522.04980       3.50000045E-14
   6522.14014       3.50000045E-14
   6522.22998       3.50000045E-14
   6522.31982       3.50000045E-14
   6522.41016       3.50000045E-14
   6522.50000       3.50000045E-14
   6522.58984       3.50000045E-14
   6522.68018       3.50000045E-14
   6522.77002       3.50000045E-14
   6522.85986       3.50000045E-14
   6522.95020       3.50000045E-14
   6523.04004       3.50000045E-14
   6523.12988       3.50000045E-14
   6523.22021       3.50000045E-14
   6523.31006       3.50000045E-14
   6523.39990       3.50000045E-14
   6523.49023       3.50000079E-14
   6523.58008       3.50000079E-14
   6523.66992       3.50000079E-14
   6523.75977       3.50000112E-14
   6523.85010       3.50000248E-14
   6523.93994       3.50000621E-14
   6524.02979       3.50001739E-14
   6524.12012       3.50004924E-14
   6524.20996       3.50013428E-14
   6524.29980       3.50035281E-14
   6524.39014       3.50089356E-14
   6524.47998       3.50215530E-14
   6524.56982       3.50497185E-14
   6524.66016       3.51101425E-14
   6524.75000       3.52322914E-14
   6524.83984       3.54684272E-14
   6524.93018       3.59063128E-14
   6525.02002       3.66704720E-14
   6525.10986       3.79439251E-14
   6525.20020       3.99741411E-14
   6525.29004       4.30121704E-14
   6525.37988       4.73397634E-14
   6525.47021       5.32074215E-14
   6525.56006       6.06300017E-14
   6525.64990       6.94963699E-14
   6525.74023       7.94493052E-14
   6525.83008       8.96805687E-14
   6525.91992       9.93169848E-14
   6526.00977       1.07334064E-13
   6526.10010       1.12804162E-13
   6526.18994       1.14976672E-13
   6526.27979       1.13604669E-13
   6526.37012       1.08834274E-13
   6526.45996       1.01326391E-13
   6526.54980       9.19690891E-14
   6526.64014       8.17303175E-14
   6526.72998       7.16855435E-14
   6526.81982       6.25369507E-14
   6526.91016       5.47253757E-14
   6527.00000       4.85328669E-14
   6527.08984       4.38772723E-14
   6527.18018       4.05531626E-14
   6527.27002       3.83294775E-14
   6527.35986       3.69087119E-14
   6527.45020       3.60427156E-14
   6527.54004       3.55463882E-14
   6527.62988       3.52737791E-14
   6527.72021       3.51306610E-14
   6527.81006       3.50598897E-14
   6527.89990       3.50262862E-14
   6527.99023       3.50110227E-14
   6528.08008       3.50044870E-14
   6528.16992       3.50018036E-14
   6528.25977       3.50007499E-14
   6528.35010       3.50003602E-14
   6528.43994       3.50002281E-14
   6528.52979       3.50001908E-14
   6528.62012       3.50001840E-14
   6528.70996       3.50001908E-14
   6528.79980       3.50001976E-14
   6528.89014       3.50002111E-14
   6528.97998       3.50002213E-14
   6529.06982       3.50002349E-14
   6529.16016       3.50002484E-14
   6529.25000       3.50002654E-14
   6529.33984       3.50002789E-14
   6529.43018       3.50002958E-14
   6529.52002       3.50003128E-14
   6529.60986       3.50003331E-14
   6529.70020       3.50003501E-14
   6529.79004       3.50003704E-14
   6529.87988       3.50003941E-14
   6529.97021       3.50004144E-14
   6530.06006       3.50004381E-14
   6530.14990       3.50004653E-14
   6530.24023       3.50004890E-14
   6530.33008       3.50005195E-14
   6530.41992       3.50005466E-14
   6530.50977       3.50005771E-14
   6530.60010       3.50006109E-14
   6530.68994       3.50006448E-14
   6530.77979       3.50006821E-14
   6530.87012       3.50007194E-14
   6530.95996       3.50007600E-14
   6531.04980       3.50008007E-14
   6531.14014       3.50008481E-14
   6531.22998       3.50008922E-14
   6531.31982       3.50009430E-14
   6531.41016       3.50009938E-14
   6531.50000       3.50010480E-14
   6531.58984       3.50011056E-14
   6531.68018       3.50011666E-14
   6531.77002       3.50012310E-14
   6531.85986       3.50012987E-14
   6531.95020       3.50013665E-14
   6532.04004       3.50014410E-14
   6532.12988       3.50015190E-14
   6532.22021       3.50016003E-14
   6532.31006       3.50016884E-14
   6532.39990       3.50017765E-14
   6532.49023       3.50018713E-14
   6532.58008       3.50019730E-14
   6532.66992       3.50020780E-14
   6532.75977       3.50021864E-14
   6532.85010       3.50023050E-14
   6532.93994       3.50024270E-14
   6533.02979       3.50025523E-14
   6533.12012       3.50026879E-14
   6533.20996       3.50028302E-14
   6533.29980       3.50029792E-14
   6533.39014       3.50031351E-14
   6533.47998       3.50033011E-14
   6533.56982       3.50034739E-14
   6533.66016       3.50036569E-14
   6533.75000       3.50038500E-14
   6533.83984       3.50040533E-14
   6533.93018       3.50042667E-14
   6534.02002       3.50044904E-14
   6534.10986       3.50047275E-14
   6534.20020       3.50049782E-14
   6534.29004       3.50052425E-14
   6534.37988       3.50055237E-14
   6534.47021       3.50058185E-14
   6534.56006       3.50061302E-14
   6534.64990       3.50064622E-14
   6534.74023       3.50068112E-14
   6534.83008       3.50071839E-14
   6534.91992       3.50075769E-14
   6535.00977       3.50079971E-14
   6535.10010       3.50084443E-14
   6535.18994       3.50089186E-14
   6535.27979       3.50094235E-14
   6535.37012       3.50099656E-14
   6535.45996       3.50105416E-14
   6535.54980       3.50111548E-14
   6535.64014       3.50118189E-14
   6535.72998       3.50125270E-14
   6535.81982       3.50132893E-14
   6535.91016       3.50141093E-14
   6536.00000       3.50149902E-14
   6536.08984       3.50159389E-14
   6536.18018       3.50169688E-14
   6536.27002       3.50180734E-14
   6536.35986       3.50192694E-14
   6536.45020       3.50205704E-14
   6536.54004       3.50219765E-14
   6536.62988       3.50235012E-14
   6536.72021       3.50251647E-14
   6536.81006       3.50269638E-14
   6536.89990       3.50289188E-14
   6536.99023       3.50310601E-14
   6537.08008       3.50333810E-14
   6537.16992       3.50359119E-14
   6537.25977       3.50386698E-14
   6537.35010       3.50416954E-14
   6537.43994       3.50449785E-14
   6537.52979       3.50485632E-14
   6537.62012       3.50525002E-14
   6537.70996       3.50567760E-14
   6537.79980       3.50614448E-14
   6537.89014       3.50665677E-14
   6537.97998       3.50721378E-14
   6538.06982       3.50782127E-14
   6538.16016       3.50848839E-14
   6538.25000       3.50921210E-14
   6538.33984       3.51000187E-14
   6538.43018       3.51086754E-14
   6538.52002       3.51180571E-14
   6538.60986       3.51282791E-14
   6538.70020       3.51394701E-14
   6538.79004       3.51515827E-14
   6538.87988       3.51647490E-14
   6538.97021       3.51791384E-14
   6539.06006       3.51946797E-14
   6539.14990       3.52115425E-14
   6539.24023       3.52299265E-14
   6539.33008       3.52497369E-14
   6539.41992       3.52711770E-14
   6539.50977       3.52943654E-14
   6539.60010       3.53195561E-14
   6539.68994       3.53466070E-14
   6539.77979       3.53757788E-14
   6539.87012       3.54073833E-14
   6539.95996       3.54412239E-14
   6540.04980       3.54776057E-14
   6540.14014       3.55169046E-14
   6540.22998       3.55588531E-14
   6540.31982       3.56038136E-14
   6540.41016       3.56522232E-14
   6540.50000       3.57037262E-14
   6540.58984       3.57587495E-14
   6540.68018       3.58177911E-14
   6540.77002       3.58803936E-14
   6540.85986       3.59470483E-14
   6540.95020       3.60183244E-14
   6541.04004       3.60936358E-14
   6541.12988       3.61735313E-14
   6541.22021       3.62586649E-14
   6541.31006       3.63482912E-14
   6541.39990       3.64430301E-14
   6541.49023       3.65436068E-14
   6541.58008       3.66490929E-14
   6541.66992       3.67601796E-14
   6541.75977       3.68770092E-14
   6541.85010       3.70004049E-14
   6541.93994       3.71291675E-14
   6542.02979       3.72640558E-14
   6542.12012       3.74059711E-14
   6542.20996       3.75534598E-14
   6542.29980       3.77073555E-14
   6542.39014       3.78686001E-14
   6542.47998       3.80354995E-14
   6542.56982       3.82089244E-14
   6542.66016       3.83898744E-14
   6542.75000       3.85763741E-14
   6542.83984       3.87693451E-14
   6542.93018       3.89698175E-14
   6543.02002       3.91755347E-14
   6543.10986       3.93874522E-14
   6543.20020       3.96066203E-14
   6543.29004       3.98305080E-14
   6543.37988       4.00600844E-14
   6543.47021       4.02964134E-14
   6543.56006       4.05366861E-14
   6543.64990       4.07818852E-14
   6543.74023       4.10330712E-14
   6543.83008       4.12871878E-14
   6543.91992       4.15452076E-14
   6544.00977       4.18067409E-14
   6544.10010       4.20728109E-14
   6544.18994       4.23400938E-14
   6544.27979       4.26095384E-14
   6544.37012       4.28821272E-14
   6544.45996       4.31543974E-14
   6544.54980       4.34272708E-14
   6544.64014       4.37016688E-14
   6544.72998       4.39740475E-14
   6544.81982       4.42452979E-14
   6544.91016       4.45162706E-14
   6545.00000       4.47834146E-14
   6545.08984       4.50475771E-14
   6545.18018       4.53095305E-14
   6545.27002       4.55658054E-14
   6545.35986       4.58171946E-14
   6545.45020       4.60643825E-14
   6545.54004       4.63040725E-14
   6545.62988       4.65369964E-14
   6545.72021       4.67637505E-14
   6545.81006       4.69812923E-14
   6545.89990       4.71902858E-14
   6545.99023       4.73912461E-14
   6546.08008       4.75814626E-14
   6546.16992       4.77615384E-14
   6546.25977       4.79310060E-14
   6546.35010       4.80902380E-14
   6546.43994       4.82371033E-14
   6546.52979       4.83721204E-14
   6546.62012       4.84955771E-14
   6546.70996       4.86058439E-14
   6546.79980       4.87033577E-14
   6546.89014       4.87883320E-14
   6546.97998       4.88596725E-14
   6547.06982       4.89177451E-14
   6547.16016       4.89626819E-14
   6547.25000       4.89939578E-14
   6547.33984       4.90118674E-14
   6547.43018       4.90164550E-14
   6547.52002       4.90077780E-14
   6547.60986       4.89860397E-14
   6547.70020       4.89512199E-14
   6547.79004       4.89039351E-14
   6547.87988       4.88443108E-14
   6547.97021       4.87722418E-14
   6548.06006       4.86888768E-14
   6548.14990       4.85942565E-14
   6548.24023       4.84882113E-14
   6548.33008       4.83723542E-14
   6548.41992       4.82466443E-14
   6548.50977       4.81116069E-14
   6548.60010       4.79669845E-14
   6548.68994       4.78149218E-14
   6548.77979       4.76552493E-14
   6548.87012       4.74876554E-14
   6548.95996       4.73145760E-14
   6549.04980       4.71357674E-14
   6549.14014       4.69508533E-14
   6549.22998       4.67624800E-14
   6549.31982       4.65703187E-14
   6549.41016       4.63739493E-14
   6549.50000       4.61761366E-14
   6549.58984       4.59764740E-14
   6549.68018       4.57744906E-14
   6549.77002       4.55729950E-14
   6549.85986       4.53715028E-14
   6549.95020       4.51695159E-14
   6550.04004       4.49697855E-14
   6550.12988       4.47717730E-14
   6550.22021       4.45749462E-14
   6550.31006       4.43819481E-14
   6550.39990       4.41921822E-14
   6550.49023       4.40051099E-14
   6550.58008       4.38231808E-14
   6550.66992       4.36457714E-14
   6550.75977       4.34732613E-14
   6550.85010       4.33050981E-14
   6550.93994       4.31434131E-14
   6551.02979       4.29875760E-14
   6551.12012       4.28370379E-14
   6551.20996       4.26936623E-14
   6551.29980       4.25568123E-14
   6551.39014       4.24259762E-14
   6551.47998       4.23027092E-14
   6551.56982       4.21864014E-14
   6551.66016       4.20765717E-14
   6551.75000       4.19744704E-14
   6551.83984       4.18795315E-14
   6551.93018       4.17913114E-14
   6552.02002       4.17107551E-14
   6552.10986       4.16373546E-14
   6552.20020       4.15707135E-14
   6552.29004       4.15114957E-14
   6552.37988       4.14592439E-14
   6552.47021       4.14136261E-14
   6552.56006       4.13750353E-14
   6552.64990       4.13430785E-14
   6552.74023       4.13175014E-14
   6552.83008       4.12984330E-14
   6552.91992       4.12855683E-14
   6553.00977       4.12787412E-14
   6553.10010       4.12777892E-14
   6553.18994       4.12825529E-14
   6553.27979       4.12928257E-14
   6553.37012       4.13085229E-14
   6553.45996       4.13292888E-14
   6553.54980       4.13550047E-14
   6553.64014       4.13856571E-14
   6553.72998       4.14207243E-14
   6553.81982       4.14601655E-14
   6553.91016       4.15040418E-14
   6554.00000       4.15516925E-14
   6554.08984       4.16031548E-14
   6554.18018       4.16585542E-14
   6554.27002       4.17171147E-14
   6554.35986       4.17789447E-14
   6554.45020       4.18442374E-14
   6554.54004       4.19121186E-14
   6554.62988       4.19827611E-14
   6554.72021       4.20564191E-14
   6554.81006       4.21321337E-14
   6554.89990       4.22101522E-14
   6554.99023       4.22907660E-14
   6555.08008       4.23729655E-14
   6555.16992       4.24570386E-14
   6555.25977       4.25428667E-14
   6555.35010       4.26307922E-14
   6555.43994       4.27197476E-14
   6555.52979       4.28100853E-14
   6555.62012       4.29021984E-14
   6555.70996       4.29949791E-14
   6555.79980       4.30888201E-14
   6555.89014       4.31841384E-14
   6555.97998       4.32798125E-14
   6556.06982       4.33762591E-14
   6556.16016       4.34739220E-14
   6556.25000       4.35716594E-14
   6556.33984       4.36699220E-14
   6556.43018       4.37691638E-14
   6556.52002       4.38682429E-14
   6556.60986       4.39676236E-14
   6556.70020       4.40677971E-14
   6556.79004       4.41676555E-14
   6556.87988       4.42678256E-14
   6556.97021       4.43692189E-14
   6557.06006       4.44718623E-14
   6557.14990       4.45793576E-14
   6557.24023       4.47001682E-14
   6557.33008       4.48516549E-14
   6557.41992       4.50765524E-14
   6557.50977       4.54651033E-14
   6557.60010       4.62057320E-14
   6557.68994       4.76430690E-14
   6557.77979       5.04147776E-14
   6557.87012       5.56363291E-14
   6557.95996       6.49758906E-14
   6558.04980       8.10006969E-14
   6558.14014       1.07376876E-13
   6558.22998       1.48200178E-13
   6558.31982       2.08437109E-13
   6558.41016       2.93190710E-13
   6558.50000       4.04675669E-13
   6558.58984       5.43528926E-13
   6558.68018       7.06746781E-13
   6558.77002       8.83606935E-13
   6558.85986       1.06122695E-12
   6558.95020       1.22334640E-12
   6559.04004       1.35028176E-12
   6559.12988       1.42755512E-12
   6559.22021       1.44518664E-12
   6559.31006       1.40069347E-12
   6559.39990       1.30019151E-12
   6559.49023       1.15555243E-12
   6559.58008       9.85498033E-13
   6559.66992       8.07648707E-13
   6559.75977       6.38783568E-13
   6559.85010       4.91900357E-13
   6559.93994       3.79414653E-13
   6560.02979       3.10379110E-13
   6560.12012       2.97984565E-13
   6560.20996       3.64606836E-13
   6560.29980       5.48899142E-13
   6560.39014       9.18167452E-13
   6560.47998       1.56891253E-12
   6560.56982       2.64607737E-12
   6560.66016       4.35126024E-12
   6560.75000       6.89874546E-12
   6560.83984       1.05498804E-11
   6560.93018       1.55764828E-11
   6561.02002       2.21000527E-11
   6561.10986       3.01904751E-11
   6561.20020       3.97596435E-11
   6561.29004       5.03251156E-11
   6561.37988       6.13152723E-11
   6561.47021       7.19636503E-11
   6561.56006       8.12193160E-11
   6561.64990       8.82314985E-11
   6561.74023       9.22706772E-11
   6561.83008       9.28470564E-11
   6561.91992       8.99263233E-11
   6562.00977       8.38341202E-11
   6562.10010       7.51745888E-11
   6562.18994       6.49162252E-11
   6562.27979       5.39588686E-11
   6562.37012       4.31159795E-11
   6562.45996       3.32008691E-11
   6562.54980       2.46117519E-11
   6562.64014       1.75316775E-11
   6562.72998       1.20466814E-11
   6562.81982       7.97386029E-12
   6562.91016       5.07446645E-12
   6563.00000       3.12360511E-12
   6563.08984       1.85952989E-12
   6563.18018       1.07191144E-12
   6563.27002       6.06908729E-13
   6563.35986       3.41871767E-13
   6563.45020       1.96402668E-13
   6563.54004       1.20651088E-13
   6563.62988       8.25075549E-14
   6563.72021       6.39968628E-14
   6563.81006       5.54658146E-14
   6563.89990       5.16566024E-14
   6563.99023       5.00128300E-14
   6564.08008       4.93342007E-14
   6564.16992       4.90568821E-14
   6564.25977       4.89411368E-14
   6564.35010       4.88868250E-14
   6564.43994       4.88545429E-14
   6564.52979       4.88287152E-14
   6564.62012       4.88036498E-14
   6564.70996       4.87776628E-14
   6564.79980       4.87499784E-14
   6564.89014       4.87202238E-14
   6564.97998       4.86886735E-14
   6565.06982       4.86551683E-14
   6565.16016       4.86195150E-14
   6565.25000       4.85821134E-14
   6565.33984       4.85427941E-14
   6565.43018       4.85013437E-14
   6565.52002       4.84582264E-14
   6565.60986       4.84132489E-14
   6565.70020       4.83661640E-14
   6565.79004       4.83175037E-14
   6565.87988       4.82670443E-14
   6565.97021       4.82145113E-14
   6566.06006       4.81604977E-14
   6566.14990       4.81047494E-14
   6566.24023       4.80469749E-14
   6566.33008       4.79878215E-14
   6566.41992       4.79270080E-14
   6566.50977       4.78645545E-14
   6566.60010       4.78001428E-14
   6566.68994       4.77344909E-14
   6566.77979       4.76672873E-14
   6566.87012       4.75981762E-14
   6566.95996       4.75279402E-14
   6567.04980       4.74562372E-14
   6567.14014       4.73826910E-14
   6567.22998       4.73081352E-14
   6567.31982       4.72322004E-14
   6567.41016       4.71545004E-14
   6567.50000       4.70758957E-14
   6567.58984       4.69960137E-14
   6567.68018       4.69144343E-14
   6567.77002       4.68320756E-14
   6567.85986       4.67485344E-14
   6567.95020       4.66633771E-14
   6568.04004       4.65775591E-14
   6568.12988       4.64906569E-14
   6568.22021       4.64022267E-14
   6568.31006       4.63132543E-14
   6568.39990       4.62232994E-14
   6568.49023       4.61319046E-14
   6568.58008       4.60400896E-14
   6568.66992       4.59473971E-14
   6568.75977       4.58538609E-14
   6568.85010       4.57590034E-14
   6568.93994       4.56638850E-14
   6569.02979       4.55680314E-14
   6569.12012       4.54709512E-14
   6569.20996       4.53737254E-14
   6569.29980       4.52758660E-14
   6569.39014       4.51768783E-14
   6569.47998       4.50778602E-14
   6569.56982       4.49783169E-14
   6569.66016       4.48777368E-14
   6569.75000       4.47772448E-14
   6569.83984       4.46763293E-14
   6569.93018       4.45744753E-14
   6570.02002       4.44728178E-14
   6570.10986       4.43708384E-14
   6570.20020       4.42680187E-14
   6570.29004       4.41655007E-14
   6570.37988       4.40627657E-14
   6570.47021       4.39592854E-14
   6570.56006       4.38562083E-14
   6570.64990       4.37530126E-14
   6570.74023       4.36491663E-14
   6570.83008       4.35458249E-14
   6570.91992       4.34424564E-14
   6571.00977       4.33390947E-14
   6571.10010       4.32352078E-14
   6571.18994       4.31319477E-14
   6571.27979       4.30287858E-14
   6571.37012       4.29251903E-14
   6571.45996       4.28223063E-14
   6571.54980       4.27196086E-14
   6571.64014       4.26165654E-14
   6571.72998       4.25143183E-14
   6571.81982       4.24123356E-14
   6571.91016       4.23100953E-14
   6572.00000       4.22087292E-14
   6572.08984       4.21077087E-14
   6572.18018       4.20065085E-14
   6572.27002       4.19062537E-14
   6572.35986       4.18064156E-14
   6572.45020       4.17064793E-14
   6572.54004       4.16075526E-14
   6572.62988       4.15091139E-14
   6572.72021       4.14106514E-14
   6572.81006       4.13132561E-14
   6572.89990       4.12164098E-14
   6572.99023       4.11196142E-14
   6573.08008       4.10239368E-14
   6573.16992       4.09288692E-14
   6573.25977       4.08344352E-14
   6573.35010       4.07401333E-14
   6573.43994       4.06470139E-14
   6573.52979       4.05545721E-14
   6573.62012       4.04623336E-14
   6573.70996       4.03713080E-14
   6573.79980       4.02810109E-14
   6573.89014       4.01909747E-14
   6573.97998       4.01021820E-14
   6574.06982       4.00141583E-14
   6574.16016       3.99264497E-14
   6574.25000       3.98400083E-14
   6574.33984       3.97543767E-14
   6574.43018       3.96691042E-14
   6574.52002       3.95851226E-14
   6574.60986       3.95019778E-14
   6574.70020       3.94192396E-14
   6574.79004       3.93378059E-14
   6574.87988       3.92572395E-14
   6574.97021       3.91771136E-14
   6575.06006       3.90983022E-14
   6575.14990       3.90203786E-14
   6575.24023       3.89429293E-14
   6575.33008       3.88668047E-14
   6575.41992       3.87915814E-14
   6575.50977       3.87172662E-14
   6575.60010       3.86434659E-14
   6575.68994       3.85709870E-14
   6575.77979       3.84994228E-14
   6575.87012       3.84284042E-14
   6575.95996       3.83586934E-14
   6576.04980       3.82899109E-14
   6576.14014       3.82216909E-14
   6576.22998       3.81547685E-14
   6576.31982       3.80887745E-14
   6576.41016       3.80233598E-14
   6576.50000       3.79592293E-14
   6576.58984       3.78960271E-14
   6576.68018       3.78334178E-14
   6576.77002       3.77720723E-14
   6576.85986       3.77116517E-14
   6576.95020       3.76518308E-14
   6577.04004       3.75932534E-14
   6577.12988       3.75355908E-14
   6577.22021       3.74785347E-14
   6577.31006       3.74227017E-14
   6577.39990       3.73677665E-14
   6577.49023       3.73134446E-14
   6577.58008       3.72603153E-14
   6577.66992       3.72080737E-14
   6577.75977       3.71567198E-14
   6577.85010       3.71059723E-14
   6577.93994       3.70563768E-14
   6578.02979       3.70076487E-14
   6578.12012       3.69595271E-14
   6578.20996       3.69125202E-14
   6578.29980       3.68663636E-14
   6578.39014       3.68208068E-14
   6578.47998       3.67763308E-14
   6578.56982       3.67326849E-14
   6578.66016       3.66896285E-14
   6578.75000       3.66476191E-14
   6578.83984       3.66064126E-14
   6578.93018       3.65657855E-14
   6579.02002       3.65261715E-14
   6579.10986       3.64873367E-14
   6579.20020       3.64490678E-14
   6579.29004       3.64117712E-14
   6579.37988       3.63752302E-14
   6579.47021       3.63392449E-14
   6579.56006       3.63041879E-14
   6579.64990       3.62698627E-14
   6579.74023       3.62360763E-14
   6579.83008       3.62031809E-14
   6579.91992       3.61709869E-14
   6580.00977       3.61394840E-14
   6580.10010       3.61084995E-14
   6580.18994       3.60783553E-14
   6580.27979       3.60488752E-14
   6580.37012       3.60198931E-14
   6580.45996       3.59917140E-14
   6580.54980       3.59641719E-14
   6580.64014       3.59371075E-14
   6580.72998       3.59108054E-14
   6580.81982       3.58851132E-14
   6580.91016       3.58598784E-14
   6581.00000       3.58353721E-14
   6581.08984       3.58114417E-14
   6581.18018       3.57879518E-14
   6581.27002       3.57651530E-14
   6581.35986       3.57428998E-14
   6581.45020       3.57210701E-14
   6581.54004       3.56998909E-14
   6581.62988       3.56792300E-14
   6581.72021       3.56589758E-14
   6581.81006       3.56393314E-14
   6581.89990       3.56201817E-14
   6581.99023       3.56014182E-14
   6582.08008       3.55832273E-14
   6582.16992       3.55655040E-14
   6582.25977       3.55482381E-14
   6582.35010       3.55313313E-14
   6582.43994       3.55149531E-14
   6582.52979       3.54990051E-14
   6582.62012       3.54833994E-14
   6582.70996       3.54682883E-14
   6582.79980       3.54535838E-14
   6582.89014       3.54391978E-14
   6582.97998       3.54252794E-14
   6583.06982       3.54117404E-14
   6583.16016       3.53984996E-14
   6583.25000       3.53856992E-14
   6583.33984       3.53732512E-14
   6583.43018       3.53610878E-14
   6583.52002       3.53493310E-14
   6583.60986       3.53379062E-14
   6583.70020       3.53267457E-14
   6583.79004       3.53159647E-14
   6583.87988       3.53054954E-14
   6583.97021       3.52952734E-14
   6584.06006       3.52854037E-14
   6584.14990       3.52758221E-14
   6584.24023       3.52664709E-14
   6584.33008       3.52574483E-14
   6584.41992       3.52486933E-14
   6584.50977       3.52402027E-14
   6584.60010       3.52319187E-14
   6584.68994       3.52239329E-14
   6584.77979       3.52161876E-14
   6584.87012       3.52086422E-14
   6584.95996       3.52013645E-14
   6585.04980       3.51943138E-14
   6585.14014       3.51874461E-14
   6585.22998       3.51808291E-14
   6585.31982       3.51744187E-14
   6585.41016       3.51681778E-14
   6585.50000       3.51621672E-14
   6585.58984       3.51563498E-14
   6585.68018       3.51506849E-14
   6585.77002       3.51452367E-14
   6585.85986       3.51399614E-14
   6585.95020       3.51348318E-14
   6586.04004       3.51298953E-14
   6586.12988       3.51251248E-14
   6586.22021       3.51204830E-14
   6586.31006       3.51160209E-14
   6586.39990       3.51117078E-14
   6586.49023       3.51075167E-14
   6586.58008       3.51034882E-14
   6586.66992       3.50995952E-14
   6586.75977       3.50958378E-14
   6586.85010       3.50921854E-14
   6586.93994       3.50886787E-14
   6587.02979       3.50852905E-14
   6587.12012       3.50820040E-14
   6587.20996       3.50788497E-14
   6587.29980       3.50758071E-14
   6587.39014       3.50728527E-14
   6587.47998       3.50700168E-14
   6587.56982       3.50672826E-14
   6587.66016       3.50646331E-14
   6587.75000       3.50620920E-14
   6587.83984       3.50596390E-14
   6587.93018       3.50572639E-14
   6588.02002       3.50549871E-14
   6588.10986       3.50527916E-14
   6588.20020       3.50506672E-14
   6588.29004       3.50486309E-14
   6588.37988       3.50466692E-14
   6588.47021       3.50447685E-14
   6588.56006       3.50429490E-14
   6588.64990       3.50412008E-14
   6588.74023       3.50395033E-14
   6588.83008       3.50378838E-14
   6588.91992       3.50363219E-14
   6589.00977       3.50348209E-14
   6589.10010       3.50333674E-14
   6589.18994       3.50319783E-14
   6589.27979       3.50306433E-14
   6589.37012       3.50293525E-14
   6589.45996       3.50281192E-14
   6589.54980       3.50269300E-14
   6589.64014       3.50257848E-14
   6589.72998       3.50246904E-14
   6589.81982       3.50236367E-14
   6589.91016       3.50226202E-14
   6590.00000       3.50216479E-14
