6498.09228515622  1.475614E-15
6498.15666618764  9.074951E-15
6498.22104721906  1.087033E-14
6498.28542825048  3.525988E-15
6498.34980928191  -1.241333E-15
6498.41419031333  9.092558E-15
6498.47857134475  1.379127E-14
6498.54295237617  1.125725E-14
6498.60733340759  1.121314E-14
6498.67171443902  1.398149E-14
6498.73609547044  1.211830E-14
6498.80047650186  5.675792E-15
6498.86485753328  3.346359E-15
6498.9292385647  1.091292E-14
6498.99361959613  1.259708E-14
6499.05800062755  2.162111E-15
6499.12238165897  -8.411384E-15
6499.18676269039  -2.945067E-15
6499.25114372181  9.578416E-15
6499.31552475324  1.508693E-14
6499.37990578466  1.203066E-14
6499.44428681608  9.588599E-15
6499.5086678475  7.582092E-15
6499.57304887892  1.145981E-14
6499.63742991035  1.319759E-14
6499.70181094177  2.997031E-15
6499.76619197319  1.150580E-15
6499.83057300461  1.838200E-15
6499.89495403603  2.894961E-15
6499.95933506746  6.462145E-15
6500.02371609888  -9.928992E-17
6500.0880971303  1.698670E-15
6500.15247816172  6.215155E-15
6500.21685919315  -3.450592E-16
6500.28124022457  1.334460E-15
6500.34562125599  6.619203E-15
6500.41000228741  7.706411E-15
6500.47438331883  4.131744E-15
6500.53876435026  1.413335E-15
6500.60314538168  1.906933E-15
6500.6675264131  5.338111E-15
6500.73190744452  8.531403E-15
6500.79628847594  7.855507E-15
6500.86066950737  6.776436E-15
6500.92505053879  3.407763E-15
6500.98943157021  1.183424E-15
6501.05381260163  6.729133E-15
6501.11819363305  2.572492E-15
6501.18257466448  1.703363E-15
6501.2469556959  6.150341E-15
6501.31133672732  4.990186E-16
6501.37571775874  2.149861E-15
6501.44009879016  4.248667E-15
6501.50447982159  6.106067E-15
6501.56886085301  1.152348E-14
6501.63324188443  2.063979E-15
6501.69762291585  -8.048145E-16
6501.76200394728  3.412421E-15
6501.8263849787  -3.918260E-16
6501.89076601012  -2.361499E-15
6501.95514704154  1.911056E-15
6502.01952807296  2.547589E-14
6502.08390910438  4.726571E-14
6502.14829013581  1.450507E-14
6502.21267116723  -6.807969E-16
6502.27705219865  3.307353E-15
6502.34143323007  2.851989E-16
6502.4058142615  1.380782E-15
6502.47019529292  7.166715E-16
6502.53457632434  1.987824E-15
6502.59895735576  6.169241E-15
6502.66333838718  7.568920E-15
6502.7277194186  8.118302E-15
6502.79210045003  1.249584E-14
6502.85648148145  1.180706E-14
6502.92086251287  2.326506E-15
6502.98524354429  9.641412E-15
6503.04962457571  1.111201E-14
6503.11400560714  3.300275E-15
6503.17838663856  2.242273E-15
6503.24276766998  7.585464E-15
6503.30714870141  7.442280E-15
6503.37152973282  -9.944209E-15
6503.43591076425  2.526844E-14
6503.50029179567  1.667983E-13
6503.56467282709  9.555240E-14
6503.62905385851  -1.042779E-14
6503.69343488994  3.199635E-15
6503.75781592136  1.055661E-15
6503.82219695278  1.587211E-15
6503.8865779842  1.424489E-15
6503.95095901562  5.066460E-16
6504.01534004705  4.152784E-15
6504.07972107847  1.315261E-15
6504.14410210989  -1.415760E-15
6504.20848314131  7.095760E-16
6504.27286417273  4.425882E-15
6504.33724520416  5.024795E-15
6504.40162623558  6.797222E-15
6504.466007267  4.721653E-15
6504.53038829842  1.438056E-15
6504.59476932985  6.226876E-15
6504.65915036127  4.872870E-16
6504.72353139269  -1.876208E-15
6504.78791242411  4.153746E-15
6504.85229345553  6.956295E-15
6504.91667448696  1.054633E-14
6504.98105551838  6.566266E-15
6505.0454365498  1.623176E-15
6505.10981758122  4.346274E-15
6505.17419861264  5.004738E-15
6505.23857964406  4.604953E-15
6505.30296067549  3.473310E-15
6505.36734170691  3.146330E-15
6505.43172273833  5.673928E-15
6505.49610376975  4.184721E-15
6505.56048480117  4.360852E-15
6505.6248658326  5.170347E-15
6505.68924686402  1.242874E-16
6505.75362789544  -2.847081E-15
6505.81800892686  -6.255386E-16
6505.88238995829  2.453953E-15
6505.94677098971  2.019380E-15
6506.01115202113  1.017607E-15
6506.07553305255  5.315195E-15
6506.13991408397  8.806025E-15
6506.2042951154  7.437473E-15
6506.26867614682  6.439099E-15
6506.33305717824  6.019748E-15
6506.39743820966  6.469327E-15
6506.46181924108  6.952703E-15
6506.52620027251  5.580407E-15
6506.59058130393  1.840281E-15
6506.65496233535  3.843335E-16
6506.71934336677  3.403606E-15
6506.78372439819  6.008266E-15
6506.84810542962  2.293482E-15
6506.91248646104  2.016427E-15
6506.97686749246  2.817757E-15
6507.04124852388  2.008176E-15
6507.1056295553  2.377951E-15
6507.17001058673  2.435331E-15
6507.23439161815  2.478457E-15
6507.29877264957  3.107572E-15
6507.36315368099  3.643713E-15
6507.42753471241  2.664826E-15
6507.49191574384  1.601897E-15
6507.55629677526  1.758144E-15
6507.62067780668  2.861787E-15
6507.6850588381  3.890380E-15
6507.74943986952  5.159485E-15
6507.81382090095  6.742505E-15
6507.87820193237  5.770380E-15
6507.94258296379  2.762469E-15
6508.00696399521  4.835709E-15
6508.07134502663  5.110166E-15
6508.13572605806  4.369283E-15
6508.20010708948  3.296986E-15
6508.2644881209  1.390734E-15
6508.32886915232  1.388154E-14
6508.39325018374  1.199955E-14
6508.45763121517  -3.751829E-16
6508.52201224659  2.580220E-15
6508.58639327801  5.784398E-15
6508.65077430943  6.240591E-15
6508.71515534085  5.927468E-15
6508.77953637228  4.961240E-15
6508.8439174037  1.573534E-15
6508.90829843512  -1.248367E-15
6508.97267946654  2.873983E-15
6509.03706049797  6.866533E-15
6509.10144152939  3.026785E-15
6509.16582256081  2.655872E-15
6509.23020359223  1.441627E-15
6509.29458462365  -1.625382E-17
6509.35896565508  1.536053E-15
6509.4233466865  3.853270E-15
6509.48772771792  1.682595E-15
6509.55210874934  1.882433E-15
6509.61648978077  5.265405E-15
6509.68087081219  6.537432E-15
6509.74525184361  6.744942E-15
6509.80963287503  6.812748E-15
6509.87401390645  4.080255E-15
6509.93839493787  2.529213E-15
6510.0027759693  7.441991E-15
6510.06715700072  4.517548E-15
6510.13153803214  2.770010E-15
6510.19591906356  5.772713E-15
6510.26030009498  6.014693E-15
6510.32468112641  1.154366E-15
6510.38906215783  7.940299E-18
6510.45344318925  2.415226E-15
6510.51782422067  3.636804E-15
6510.5822052521  3.063421E-15
6510.64658628352  4.547838E-15
6510.71096731494  8.034888E-15
6510.77534834636  7.500962E-15
6510.83972937778  2.291721E-15
6510.90411040921  7.042447E-16
6510.96849144063  6.055602E-16
6511.03287247205  1.569288E-15
6511.09725350347  2.368819E-15
6511.16163453489  1.978141E-15
6511.22601556632  2.834811E-15
6511.29039659774  1.369758E-15
6511.35477762916  2.055251E-15
6511.41915866058  4.303918E-15
6511.483539692  5.640015E-16
6511.54792072343  -8.397078E-16
6511.61230175485  1.226035E-15
6511.67668278627  3.885418E-15
6511.74106381769  4.071094E-15
6511.80544484911  1.431803E-15
6511.86982588054  3.197702E-15
6511.93420691196  4.380555E-15
6511.99858794338  2.056350E-15
6512.0629689748  1.054931E-15
6512.12735000623  2.594277E-15
6512.19173103765  3.866627E-15
6512.25611206907  3.875141E-15
6512.32049310049  3.970664E-15
6512.38487413191  4.881621E-15
6512.44925516333  4.615718E-15
6512.51363619476  3.125657E-15
6512.57801722618  3.586850E-15
6512.6423982576  5.456336E-15
6512.70677928902  3.398131E-15
6512.77116032044  4.342558E-15
6512.83554135187  5.353942E-15
6512.89992238329  4.777659E-15
6512.96430341471  5.135002E-15
6513.02868444613  4.668736E-15
6513.09306547755  7.626017E-15
6513.15744650898  6.665394E-15
6513.2218275404  8.799995E-16
6513.28620857182  6.165249E-16
6513.35058960324  3.105471E-15
6513.41497063467  5.909162E-15
6513.47935166609  6.369122E-15
6513.54373269751  4.423815E-15
6513.60811372893  3.607054E-15
6513.67249476035  4.898433E-15
6513.73687579178  5.455917E-15
6513.8012568232  5.317642E-15
6513.86563785462  5.361069E-15
6513.93001888604  3.571876E-15
6513.99439991746  3.780855E-15
6514.05878094888  4.827290E-15
6514.12316198031  5.341283E-15
6514.18754301173  5.734235E-15
6514.25192404315  4.785394E-15
6514.31630507457  3.409884E-15
6514.38068610599  2.362857E-15
6514.44506713742  1.198213E-15
6514.50944816884  -3.857733E-16
6514.57382920026  -6.292439E-16
6514.63821023168  1.479866E-15
6514.70259126311  3.509429E-15
6514.76697229453  3.687823E-15
6514.83135332595  3.338294E-15
6514.89573435737  2.774250E-15
6514.96011538879  3.028230E-15
6515.02449642022  3.421164E-15
6515.08887745164  2.273519E-15
6515.15325848306  -1.946493E-16
6515.21763951448  -6.013040E-16
6515.2820205459  2.929106E-15
6515.34640157733  5.276619E-15
6515.41078260875  3.709866E-15
6515.47516364017  4.009598E-15
6515.53954467159  2.073978E-15
6515.60392570301  1.304478E-15
6515.66830673444  2.253064E-15
6515.73268776586  2.624886E-15
6515.79706879728  4.389487E-15
6515.8614498287  2.534793E-15
6515.92583086013  3.090656E-15
6515.99021189155  6.291989E-15
6516.05459292297  5.749133E-15
6516.11897395439  4.275694E-15
6516.18335498581  2.823386E-15
6516.24773601723  4.332499E-15
6516.31211704866  4.861294E-15
6516.37649808008  -1.735881E-15
6516.4408791115  -6.516605E-16
6516.50526014292  5.887027E-14
6516.56964117434  6.188074E-14
6516.63402220577  8.368812E-16
6516.69840323719  5.125248E-17
6516.76278426861  1.922686E-15
6516.82716530003  2.073286E-15
6516.89154633146  2.856428E-15
6516.95592736288  2.698106E-15
6517.0203083943  2.797602E-15
6517.08468942572  2.952189E-15
6517.14907045714  2.606350E-15
6517.21345148856  1.539730E-15
6517.27783251999  1.596452E-15
6517.34221355141  4.150991E-15
6517.40659458283  5.659809E-15
6517.47097561425  5.618053E-15
6517.53535664568  4.040749E-15
6517.5997376771  2.540122E-15
6517.66411870852  3.207267E-15
6517.72849973994  4.275963E-15
6517.79288077137  3.728939E-15
6517.85726180279  2.146265E-15
6517.92164283421  1.531278E-15
6517.98602386563  2.164639E-15
6518.05040489705  1.939408E-15
6518.11478592847  3.262169E-15
6518.1791669599  3.122573E-15
6518.24354799132  6.595541E-16
6518.30792902274  7.343263E-16
6518.37231005416  4.130535E-15
6518.43669108559  6.222449E-15
6518.50107211701  4.079751E-15
6518.56545314843  8.660665E-16
6518.62983417985  9.553228E-16
6518.69421521127  1.824458E-15
6518.75859624269  6.561064E-16
6518.82297727412  4.123404E-14
6518.88735830554  6.709446E-14
6518.95173933696  1.173185E-14
6519.01612036838  1.809414E-15
6519.0805013998  1.804783E-15
6519.14488243123  3.210034E-16
6519.20926346265  3.269610E-15
6519.27364449407  3.059048E-15
6519.33802552549  1.172317E-15
6519.40240655692  1.451276E-16
6519.46678758834  1.258171E-15
6519.53116861976  3.221411E-15
6519.59554965118  4.381410E-15
6519.6599306826  4.822159E-15
6519.72431171403  3.402470E-15
6519.78869274545  1.833182E-15
6519.85307377687  1.980421E-15
6519.91745480829  2.508800E-15
6519.98183583971  1.448049E-15
6520.04621687114  3.483353E-15
6520.11059790256  4.248748E-15
6520.17497893398  2.700749E-15
6520.2393599654  -2.898511E-15
6520.30374099682  4.748833E-15
6520.36812202825  7.998234E-14
6520.43250305967  5.603380E-14
6520.49688409109  -4.750023E-15
6520.56126512251  1.084755E-15
6520.62564615393  2.934575E-15
6520.69002718536  1.137599E-15
6520.75440821678  1.732692E-15
6520.8187892482  3.510943E-15
6520.88317027962  3.393798E-15
6520.94755131105  1.880910E-15
6521.01193234247  8.331363E-16
6521.07631337389  1.315318E-15
6521.14069440531  3.054365E-15
6521.20507543673  4.144844E-15
6521.26945646815  3.825182E-15
6521.33383749958  3.906894E-15
6521.398218531  3.329996E-15
6521.46259956242  3.575073E-15
6521.52698059384  3.779794E-15
6521.59136162527  2.784456E-15
6521.65574265669  2.857555E-15
6521.72012368811  4.762160E-15
6521.78450471953  4.683038E-15
6521.84888575095  2.169124E-15
6521.91326678237  1.257350E-15
6521.9776478138  3.234896E-15
6522.04202884522  2.531722E-15
6522.10640987664  2.860582E-15
6522.17079090806  3.579720E-15
6522.23517193949  3.365881E-15
6522.29955297091  3.537872E-15
6522.36393400233  4.010012E-15
6522.42831503375  3.722977E-15
6522.49269606517  3.180173E-15
6522.5570770966  2.035198E-15
6522.62145812802  1.150370E-15
6522.68583915944  2.588916E-15
6522.75022019086  2.686779E-15
6522.81460122228  1.531183E-15
6522.87898225371  1.104679E-15
6522.94336328513  1.805820E-15
6523.00774431655  2.004600E-15
6523.07212534797  1.208586E-15
6523.13650637939  3.073730E-15
6523.20088741081  2.643062E-15
6523.26526844224  1.401193E-15
6523.32964947366  3.110970E-15
6523.39403050508  2.068092E-15
6523.45841153651  2.490577E-15
6523.52279256793  2.474080E-15
6523.58717359935  2.162342E-15
6523.65155463077  2.795108E-15
6523.71593566219  2.899957E-15
6523.78031669361  2.606085E-15
6523.84469772504  3.698922E-15
6523.90907875646  2.632611E-15
6523.97345978788  1.297543E-15
6524.0378408193  2.958136E-15
6524.10222185072  2.316183E-15
6524.16660288215  2.919107E-15
6524.23098391357  2.731490E-15
6524.29536494499  1.195084E-15
6524.35974597641  1.094492E-15
6524.42412700784  2.697547E-15
6524.48850803926  1.841280E-15
6524.55288907068  7.751607E-16
6524.6172701021  2.842696E-15
6524.68165113352  4.063467E-15
6524.74603216495  1.538388E-15
6524.81041319637  1.814243E-15
6524.87479422779  2.631695E-15
6524.93917525921  2.139514E-15
6525.00355629063  2.315601E-15
6525.06793732205  2.903519E-15
6525.13231835348  1.724123E-15
6525.1966993849  2.163515E-15
6525.26108041632  1.835799E-15
6525.32546144774  9.716124E-16
6525.38984247916  1.267246E-15
6525.45422351059  2.364958E-15
6525.51860454201  2.457107E-15
6525.58298557343  1.886392E-15
6525.64736660485  2.134431E-15
6525.71174763628  3.018055E-15
6525.7761286677  3.054133E-15
6525.84050969912  2.176959E-15
6525.90489073054  2.283879E-15
6525.96927176196  2.584707E-15
6526.03365279339  1.993009E-15
6526.09803382481  1.693150E-15
6526.16241485623  2.499086E-15
6526.22679588765  2.951647E-15
6526.29117691907  2.556743E-15
6526.3555579505  2.445020E-15
6526.41993898192  2.379388E-15
6526.48432001334  3.191569E-15
6526.54870104476  3.662900E-15
6526.61308207619  1.125388E-15
6526.67746310761  2.134754E-15
6526.74184413903  2.004889E-15
6526.80622517045  1.353424E-15
6526.87060620187  2.022077E-15
6526.93498723329  2.154314E-15
6526.99936826472  1.851119E-15
6527.06374929614  2.065988E-15
6527.12813032756  2.370878E-15
6527.19251135898  3.351514E-15
6527.25689239041  3.714095E-15
6527.32127342183  2.016859E-15
6527.38565445325  1.773002E-15
6527.45003548467  1.543615E-15
6527.51441651609  3.596882E-15
6527.57879754751  4.158435E-15
6527.64317857894  1.776210E-15
6527.70755961036  2.117739E-15
6527.77194064178  2.832386E-15
6527.8363216732  2.534912E-15
6527.90070270463  2.103452E-15
6527.96508373605  3.534423E-15
6528.02946476747  5.222785E-15
6528.09384579889  4.028148E-15
6528.15822683031  4.115973E-15
6528.22260786174  3.775098E-15
6528.28698889316  2.645457E-15
6528.35136992458  1.734901E-15
6528.415750956  1.578283E-15
6528.48013198742  1.755203E-15
6528.54451301885  7.926824E-16
6528.60889405027  1.021080E-15
6528.67327508169  1.610183E-15
6528.73765611311  2.152296E-15
6528.80203714453  2.876032E-15
6528.86641817596  2.264678E-15
6528.93079920738  1.907801E-15
6528.9951802388  2.866151E-15
6529.05956127022  2.699253E-15
6529.12394230164  1.252911E-15
6529.18832333307  7.997769E-16
6529.25270436449  3.299962E-15
6529.31708539591  1.147280E-14
6529.38146642733  7.645672E-15
6529.44584745875  1.794081E-15
6529.51022849018  2.605140E-15
6529.5746095216  3.025940E-15
6529.63899055302  2.415821E-15
6529.70337158444  2.050167E-15
6529.76775261587  2.740998E-15
6529.83213364729  2.315516E-15
6529.89651467871  1.586022E-15
6529.96089571013  2.380958E-15
6530.02527674155  2.807538E-15
6530.08965777297  3.179930E-15
6530.1540388044  3.369143E-15
6530.21841983582  3.093152E-15
6530.28280086724  2.546259E-15
6530.34718189866  2.224202E-15
6530.41156293009  2.333069E-15
6530.47594396151  2.611748E-15
6530.54032499293  2.595773E-15
6530.60470602435  2.635470E-15
6530.66908705577  2.616216E-15
6530.73346808719  2.492888E-15
6530.79784911862  2.201078E-15
6530.86223015004  8.728249E-16
6530.92661118146  2.986953E-15
6530.99099221288  2.941187E-15
6531.05537324431  2.691506E-15
6531.11975427573  3.398636E-15
6531.18413530715  1.201808E-15
6531.24851633857  3.397990E-15
6531.31289736999  3.330960E-15
6531.37727840142  2.672998E-15
6531.44165943284  1.770862E-15
6531.50604046426  9.787650E-16
6531.57042149568  2.298948E-15
6531.6348025271  2.893456E-15
6531.69918355853  1.611133E-15
6531.76356458995  1.585922E-15
6531.82794562137  2.183878E-15
6531.89232665279  1.685736E-15
6531.95670768421  1.637763E-15
6532.02108871564  3.251865E-15
6532.08546974706  2.871148E-15
6532.14985077848  1.796499E-15
6532.2142318099  1.201010E-15
6532.27861284133  1.321649E-15
6532.34299387275  1.642037E-15
6532.40737490417  1.554410E-15
6532.47175593559  2.023004E-15
6532.53613696701  2.765221E-15
6532.60051799843  3.316357E-15
6532.66489902986  3.131947E-15
6532.72928006128  2.618290E-15
6532.7936610927  2.964509E-15
6532.85804212412  4.718853E-15
6532.92242315555  7.873983E-15
6532.98680418697  9.180118E-15
6533.05118521839  8.936848E-15
6533.11556624981  7.272073E-15
6533.17994728123  4.215609E-15
6533.24432831266  2.733246E-15
6533.30870934408  3.553335E-15
6533.3730903755  3.741455E-15
6533.43747140692  2.703986E-15
6533.50185243834  2.187489E-15
6533.56623346977  2.027684E-15
6533.63061450119  1.830113E-15
6533.69499553261  3.524142E-15
6533.75937656403  2.917702E-15
6533.82375759545  2.057211E-15
6533.88813862688  1.889300E-15
6533.9525196583  2.019476E-15
6534.01690068972  2.957520E-15
6534.08128172114  3.812057E-15
6534.14566275256  1.990830E-15
6534.21004378398  2.097260E-15
6534.27442481541  3.249020E-15
6534.33880584683  2.675116E-15
6534.40318687825  1.607052E-15
6534.46756790967  1.503262E-15
6534.5319489411  6.285066E-16
6534.59632997252  1.434884E-15
6534.66071100394  1.609182E-15
6534.72509203536  1.553137E-15
6534.78947306678  1.764370E-15
6534.85385409821  1.552455E-15
6534.91823512963  1.432656E-15
6534.98261616105  2.443586E-15
6535.04699719247  3.744875E-15
6535.11137822389  2.417295E-15
6535.17575925532  1.538294E-15
6535.24014028674  2.380176E-15
6535.30452131816  2.686316E-15
6535.36890234958  2.549780E-15
6535.43328338101  2.216898E-15
6535.49766441243  1.746899E-15
6535.56204544385  1.759208E-15
6535.62642647527  1.458395E-15
6535.69080750669  1.613221E-15
6535.75518853811  4.063054E-15
6535.81956956954  5.949439E-15
6535.88395060096  2.379024E-15
6535.94833163238  1.501503E-15
6536.0127126638  2.563977E-15
6536.07709369523  2.659878E-15
6536.14147472665  2.248266E-15
6536.20585575807  1.573452E-15
6536.27023678949  5.867912E-16
6536.33461782091  2.030848E-15
6536.39899885233  2.441414E-15
6536.46337988376  2.844601E-15
6536.52776091518  2.867317E-15
6536.5921419466  2.353134E-15
6536.65652297802  2.781655E-15
6536.72090400945  2.455742E-15
6536.78528504087  1.212610E-15
6536.84966607229  1.804575E-15
6536.91404710371  -9.706261E-15
6536.97842813513  6.415665E-14
6537.04280916656  1.774577E-13
6537.10719019798  1.398990E-13
6537.1715712294  1.527855E-14
6537.23595226082  -5.049965E-15
6537.30033329224  1.963653E-15
6537.36471432367  9.690168E-16
6537.42909535509  6.602550E-16
6537.49347638651  7.527797E-16
6537.55785741793  1.312339E-15
6537.62223844935  1.630012E-15
6537.68661948078  2.479985E-15
6537.7510005122  2.681222E-15
6537.81538154362  1.603107E-15
6537.87976257504  1.086621E-15
6537.94414360647  1.701340E-15
6538.00852463789  1.952734E-15
6538.07290566931  1.541141E-15
6538.13728670073  1.382170E-15
6538.20166773215  3.121290E-15
6538.26604876357  3.308517E-15
6538.330429795  2.332353E-15
6538.39481082642  2.308395E-15
6538.45919185784  2.747926E-15
6538.52357288926  3.268345E-15
6538.58795392069  4.217455E-15
6538.65233495211  2.077890E-15
6538.71671598353  1.444080E-15
6538.78109701495  2.290678E-15
6538.84547804637  1.806028E-15
6538.9098590778  1.202744E-15
6538.97424010922  1.989961E-15
6539.03862114064  1.698962E-15
6539.10300217206  1.524431E-15
6539.16738320348  1.126873E-15
6539.23176423491  2.837346E-15
6539.29614526633  3.655521E-15
6539.36052629775  2.834565E-15
6539.42490732917  3.200386E-15
6539.48928836059  2.753384E-15
6539.55366939202  2.400943E-15
6539.61805042344  2.752240E-15
6539.68243145486  2.262433E-15
6539.74681248628  1.643691E-15
6539.8111935177  2.198752E-15
6539.87557454913  3.079113E-15
6539.93995558055  3.112210E-15
6540.00433661197  3.094894E-15
6540.06871764339  3.464278E-15
6540.13309867481  3.227637E-15
6540.19747970624  2.880570E-15
6540.26186073766  2.046587E-15
6540.32624176908  1.738213E-15
6540.3906228005  2.244998E-15
6540.45500383192  1.796343E-15
6540.51938486335  3.252214E-15
6540.58376589477  2.843894E-15
6540.64814692619  2.705652E-15
6540.71252795761  2.449976E-15
6540.77690898904  2.537442E-15
6540.84129002046  2.894623E-15
6540.90567105188  2.148545E-15
6540.9700520833  2.415544E-15
6541.03443311472  2.417247E-15
6541.09881414615  1.689248E-15
6541.16319517757  1.072001E-15
6541.22757620899  9.780473E-16
6541.29195724041  2.094831E-15
6541.35633827183  2.793743E-15
6541.42071930325  1.624064E-15
6541.48510033468  2.241464E-15
6541.5494813661  2.735906E-15
6541.61386239752  2.705913E-15
6541.67824342894  2.437091E-15
6541.74262446037  1.669753E-15
6541.80700549179  2.168261E-15
6541.87138652321  3.329763E-15
6541.93576755463  2.714449E-15
6542.00014858605  3.300941E-15
6542.06452961748  2.120035E-15
6542.1289106489  1.407352E-15
6542.19329168032  1.175745E-15
6542.25767271174  2.854616E-15
6542.32205374316  3.607014E-15
6542.38643477459  2.163616E-15
6542.45081580601  2.807683E-15
6542.51519683743  2.377284E-15
6542.57957786885  1.310152E-15
6542.64395890027  1.276612E-15
6542.7083399317  1.170472E-15
6542.77272096312  1.497529E-15
6542.83710199454  1.688734E-15
6542.90148302596  1.140535E-15
6542.96586405738  1.603433E-15
6543.03024508881  2.672837E-15
6543.09462612023  3.190679E-15
6543.15900715165  2.452819E-15
6543.22338818307  2.390014E-15
6543.28776921449  2.900019E-15
6543.35215024592  2.258434E-15
6543.41653127734  1.097469E-15
6543.48091230876  1.441556E-15
6543.54529334018  2.359201E-15
6543.60967437161  2.002801E-15
6543.67405540303  2.651975E-15
6543.73843643445  2.009689E-15
6543.80281746587  1.260081E-15
6543.86719849729  2.608698E-15
6543.93157952871  4.411150E-15
6543.99596056014  4.441930E-15
6544.06034159156  3.767854E-15
6544.12472262298  3.260508E-15
6544.1891036544  1.456045E-15
6544.25348468583  2.256514E-15
6544.31786571725  2.599631E-15
6544.38224674867  3.225222E-15
6544.44662778009  2.828315E-15
6544.51100881151  7.270357E-16
6544.57538984294  1.330495E-15
6544.63977087436  2.325404E-15
6544.70415190578  1.902399E-15
6544.7685329372  1.589004E-15
6544.83291396862  1.862863E-15
6544.89729500005  1.968669E-15
6544.96167603147  1.616908E-15
6545.02605706289  1.756812E-15
6545.09043809431  2.267999E-15
6545.15481912573  2.204529E-15
6545.21920015715  2.726750E-15
6545.28358118858  2.494124E-15
6545.34796222  2.527688E-15
6545.41234325142  2.472521E-15
6545.47672428284  2.174154E-15
6545.54110531427  2.089430E-15
6545.60548634569  1.761982E-15
6545.66986737711  1.791806E-15
6545.73424840853  3.047916E-15
6545.79862943996  2.529361E-15
6545.86301047138  2.180556E-15
6545.9273915028  1.991623E-15
6545.99177253422  2.203692E-15
6546.05615356564  2.563772E-15
6546.12053459706  3.037357E-15
6546.18491562849  3.057229E-15
6546.24929665991  2.038753E-15
6546.31367769133  1.647835E-15
6546.37805872275  2.543040E-15
6546.44243975418  2.130161E-15
6546.5068207856  1.827100E-15
6546.57120181702  2.669939E-15
6546.63558284844  1.807999E-15
6546.69996387986  1.960956E-15
6546.76434491129  2.900370E-15
6546.82872594271  2.123072E-15
6546.89310697413  2.838978E-15
6546.95748800555  1.016722E-15
6547.02186903697  4.312897E-17
6547.08625006839  1.353302E-15
6547.15063109982  1.719664E-15
6547.21501213124  2.030495E-15
6547.27939316266  2.120567E-15
6547.34377419408  1.412664E-15
6547.40815522551  1.263133E-15
6547.47253625693  2.969544E-16
6547.53691728835  3.699524E-15
6547.60129831977  2.053921E-14
6547.66567935119  7.562542E-15
6547.73006038262  4.905210E-16
6547.79444141404  1.789411E-15
6547.85882244546  1.396667E-15
6547.92320347688  1.836638E-15
6547.9875845083  2.094593E-15
6548.05196553973  9.497389E-16
6548.11634657115  1.738517E-15
6548.18072760257  3.404767E-15
6548.24510863399  2.518284E-15
6548.30948966541  2.616933E-15
6548.37387069684  3.832941E-15
6548.43825172826  3.013120E-15
6548.50263275968  1.813063E-15
6548.5670137911  1.591402E-15
6548.63139482252  1.854631E-15
6548.69577585395  2.841015E-15
6548.76015688537  2.976428E-15
6548.82453791679  2.870803E-15
6548.88891894821  1.344710E-15
6548.95329997964  2.060480E-15
6549.01768101106  3.957585E-15
6549.08206204248  3.505166E-15
6549.1464430739  2.615735E-15
6549.21082410532  3.280580E-15
6549.27520513674  4.950699E-15
6549.33958616817  8.239532E-15
6549.40396719959  1.319815E-14
6549.46834823101  2.178498E-14
6549.53272926243  3.832426E-14
6549.59711029386  5.974704E-14
6549.66149132528  9.054888E-14
6549.7258723567  1.255998E-13
6549.79025338812  1.584432E-13
6549.85463441954  1.824866E-13
6549.91901545097  1.914914E-13
6549.98339648239  1.852080E-13
6550.04777751381  1.643159E-13
6550.11215854523  1.348298E-13
6550.17653957665  1.091734E-13
6550.24092060808  8.569543E-14
6550.3053016395  7.181544E-14
6550.36968267092  6.861113E-14
6550.43406370234  7.124572E-14
6550.49844473376  7.775296E-14
6550.56282576519  8.799121E-14
6550.62720679661  9.697424E-14
6550.69158782803  9.835912E-14
6550.75596885945  9.391628E-14
6550.82034989087  8.455822E-14
6550.8847309223  7.006828E-14
6550.94911195372  5.285634E-14
6551.01349298514  3.824474E-14
6551.07787401656  2.544318E-14
6551.14225504798  1.571590E-14
6551.20663607941  9.845770E-15
6551.27101711083  6.536675E-15
6551.33539814225  4.476604E-15
6551.39977917367  2.121494E-15
6551.4641602051  2.731484E-15
6551.52854123652  2.994176E-15
6551.59292226794  2.404418E-15
6551.65730329936  2.185999E-15
6551.72168433078  2.380320E-15
6551.78606536221  3.039019E-15
6551.85044639363  2.962863E-15
6551.91482742505  1.830504E-15
6551.97920845647  1.661447E-15
6552.04358948789  2.410543E-15
6552.10797051931  1.865283E-15
6552.17235155074  1.759606E-15
6552.23673258216  3.007849E-15
6552.30111361358  1.149494E-15
6552.365494645  1.351969E-15
6552.42987567643  1.781688E-15
6552.49425670785  1.909039E-15
6552.55863773927  2.483883E-15
6552.62301877069  2.142693E-15
6552.68739980211  2.014196E-15
6552.75178083353  2.627830E-15
6552.81616186496  1.917648E-15
6552.88054289638  1.821149E-15
6552.9449239278  1.710562E-15
6553.00930495922  1.881891E-15
6553.07368599065  3.420764E-15
6553.13806702207  2.557228E-15
6553.20244805349  2.193329E-15
6553.26682908491  2.963014E-15
6553.33121011633  2.992458E-15
6553.39559114776  3.818787E-15
6553.45997217918  6.269298E-15
6553.5243532106  8.693104E-15
6553.58873424202  9.768581E-15
6553.65311527344  8.433299E-15
6553.71749630487  6.858244E-15
6553.78187733629  3.301584E-15
6553.84625836771  2.630429E-15
6553.91063939913  2.576147E-15
6553.97502043055  2.273825E-15
6554.03940146198  1.965438E-15
6554.1037824934  2.506862E-15
6554.16816352482  3.451907E-15
6554.23254455624  2.876559E-15
6554.29692558766  1.757798E-15
6554.36130661909  2.178728E-15
6554.42568765051  2.663988E-15
6554.49006868193  2.288151E-15
6554.55444971335  1.383749E-15
6554.61883074478  1.457731E-15
6554.6832117762  1.891539E-15
6554.74759280762  3.038245E-15
6554.81197383904  2.774230E-15
6554.87635487046  2.405384E-15
6554.94073590188  1.573600E-15
6555.00511693331  1.704836E-15
6555.06949796473  2.895124E-15
6555.13387899615  1.645914E-15
6555.19826002757  1.199459E-15
6555.262641059  2.573068E-15
6555.32702209042  1.929396E-15
6555.39140312184  1.518597E-15
6555.45578415326  1.177958E-15
6555.52016518468  1.702886E-15
6555.58454621611  3.160764E-15
6555.64892724753  2.295638E-15
6555.71330827895  2.397315E-15
6555.77768931037  2.171932E-15
6555.8420703418  2.053365E-15
6555.90645137322  2.796835E-15
6555.97083240464  2.356503E-15
6556.03521343606  2.815247E-15
6556.09959446748  2.014043E-15
6556.1639754989  1.900058E-15
6556.22835653033  2.082005E-15
6556.29273756175  2.186510E-15
6556.35711859317  1.399475E-15
6556.42149962459  1.708464E-15
6556.48588065601  2.416566E-15
6556.55026168744  1.987450E-15
6556.61464271886  2.373228E-15
6556.67902375028  3.239854E-15
6556.7434047817  3.206160E-15
6556.80778581312  3.080478E-15
6556.87216684455  2.235156E-15
6556.93654787597  1.244738E-15
6557.00092890739  2.567712E-15
6557.06530993881  2.644080E-15
6557.12969097023  1.370807E-15
6557.19407200166  2.256597E-15
6557.25845303308  2.644787E-15
6557.3228340645  2.509987E-15
6557.38721509592  1.628989E-15
6557.45159612735  1.835676E-15
6557.51597715877  2.249727E-15
6557.58035819019  1.472651E-15
6557.64473922161  1.668238E-15
6557.70912025303  2.081099E-15
6557.77350128446  1.337966E-15
6557.83788231588  1.970017E-15
6557.9022633473  2.688589E-15
6557.96664437872  2.222995E-15
6558.03102541014  2.769681E-15
6558.09540644156  1.528813E-15
6558.15978747299  2.564642E-15
6558.22416850441  3.216535E-15
6558.28854953583  2.052800E-15
6558.35293056725  1.305182E-15
6558.41731159868  2.320568E-15
6558.4816926301  1.371017E-15
6558.54607366152  1.005010E-15
6558.61045469294  2.946802E-15
6558.67483572436  2.351481E-15
6558.73921675579  8.578245E-16
6558.80359778721  1.599990E-15
6558.86797881863  1.327958E-15
6558.93235985005  1.611372E-15
6558.99674088147  2.736658E-15
6559.0611219129  2.734615E-15
6559.12550294432  3.398524E-15
6559.18988397574  2.196201E-15
6559.25426500716  2.070927E-15
6559.31864603859  2.376818E-15
6559.38302707001  2.663870E-15
6559.44740810143  2.566065E-15
6559.51178913285  1.714455E-15
6559.57617016427  2.020241E-15
6559.6405511957  2.434166E-15
6559.70493222712  2.413035E-15
6559.76931325854  2.266670E-15
6559.83369428996  1.949305E-15
6559.89807532138  2.307348E-15
6559.9624563528  2.291694E-15
6560.02683738423  2.345945E-15
6560.09121841565  2.655815E-15
6560.15559944707  1.453686E-15
6560.21998047849  2.353658E-15
6560.28436150992  2.775454E-15
6560.34874254134  3.377080E-15
6560.41312357276  2.240663E-15
6560.47750460418  1.369315E-15
6560.5418856356  2.167292E-15
6560.60626666703  2.192417E-15
6560.67064769845  1.997474E-15
6560.73502872987  2.038411E-15
6560.79940976129  1.974632E-15
6560.86379079271  1.810797E-15
6560.92817182414  1.850056E-15
6560.99255285556  1.453610E-15
6561.05693388698  1.638703E-15
6561.1213149184  2.388004E-15
6561.18569594982  9.221480E-16
6561.25007698125  1.399964E-15
6561.31445801267  2.076256E-15
6561.37883904409  2.706294E-15
6561.44322007551  2.384313E-15
6561.50760110693  2.550279E-15
6561.57198213836  2.762977E-15
6561.63636316978  3.229923E-15
6561.7007442012  3.378558E-15
6561.76512523262  4.574077E-15
6561.82950626404  5.214750E-15
6561.89388729547  6.025343E-15
6561.95826832689  7.982095E-15
6562.02264935831  9.577147E-15
6562.08703038973  1.206997E-14
6562.15141142115  1.465366E-14
6562.21579245258  1.575333E-14
6562.280173484  1.701978E-14
6562.34455451542  1.777331E-14
6562.40893554684  1.695722E-14
6562.47331657827  1.600831E-14
6562.53769760969  1.636261E-14
6562.60207864111  1.724723E-14
6562.66645967253  1.562088E-14
6562.73084070395  1.398441E-14
6562.79522173537  1.146548E-14
6562.8596027668  7.245107E-15
6562.92398379822  4.447983E-15
6562.98836482964  3.821225E-15
6563.05274586106  3.141859E-15
6563.11712689248  2.301804E-15
6563.18150792391  3.336757E-15
6563.24588895533  3.071248E-15
6563.31026998675  3.123894E-15
6563.37465101818  2.748862E-15
6563.4390320496  1.839791E-15
6563.50341308102  3.389715E-15
6563.56779411244  3.743382E-15
6563.63217514386  2.613502E-15
6563.69655617528  4.302078E-15
6563.7609372067  5.513572E-15
6563.82531823813  5.916755E-15
6563.88969926955  8.750316E-15
6563.95408030097  1.317548E-14
6564.01846133239  2.108603E-14
6564.08284236382  2.963913E-14
6564.14722339524  4.211155E-14
6564.21160442666  6.362031E-14
6564.27598545808  9.310176E-14
6564.3403664895  1.281004E-13
6564.40474752093  1.666352E-13
6564.46912855235  2.113272E-13
6564.53350958377  2.563123E-13
6564.59789061519  2.970609E-13
6564.66227164662  3.332354E-13
6564.72665267804  3.696253E-13
6564.79103370946  3.892915E-13
6564.85541474088  3.964166E-13
6564.9197957723  4.011267E-13
6564.98417680372  3.940005E-13
6565.04855783515  3.844915E-13
6565.11293886657  3.725308E-13
6565.17731989799  3.522309E-13
6565.24170092941  3.360796E-13
6565.30608196083  3.127313E-13
6565.37046299226  2.797975E-13
6565.43484402368  2.464607E-13
6565.4992250551  2.125507E-13
6565.56360608652  1.796301E-13
6565.62798711795  1.435830E-13
6565.69236814937  1.154692E-13
6565.75674918079  8.941922E-14
6565.82113021221  6.651571E-14
6565.88551124363  4.675437E-14
6565.94989227506  3.261204E-14
6566.01427330648  2.317200E-14
6566.0786543379  8.742127E-15
6566.14303536932  5.204227E-14
6566.20741640074  1.665902E-13
6566.27179743217  2.262588E-14
6566.33617846359  -2.194547E-15
6566.40055949501  2.459032E-15
6566.46494052643  1.292490E-15
6566.52932155785  1.067890E-15
6566.59370258928  1.333854E-15
6566.6580836207  1.127927E-15
6566.72246465212  1.434911E-15
6566.78684568354  9.721649E-16
6566.85122671496  2.045597E-15
6566.91560774639  3.716102E-15
6566.97998877781  2.341294E-15
6567.04436980923  1.966033E-15
6567.10875084065  1.992957E-15
6567.17313187208  2.001540E-15
6567.2375129035  1.842536E-15
6567.30189393492  1.904104E-15
6567.36627496634  2.508833E-15
6567.43065599776  3.128137E-15
6567.49503702918  2.698377E-15
6567.55941806061  2.092782E-15
6567.62379909203  2.683136E-15
6567.68818012345  2.677359E-15
6567.75256115487  2.109082E-15
6567.81694218629  1.992719E-15
6567.88132321772  1.526127E-15
6567.94570424914  1.624946E-15
6568.01008528056  2.309225E-15
6568.07446631198  2.321629E-15
6568.13884734341  2.672688E-15
6568.20322837483  2.684071E-15
6568.26760940625  1.894992E-15
6568.33199043767  1.723180E-15
6568.39637146909  1.774760E-15
6568.46075250052  2.632706E-15
6568.52513353194  2.207750E-15
6568.58951456336  1.778121E-15
6568.65389559478  3.099917E-15
6568.7182766262  3.589261E-15
6568.78265765762  4.453374E-15
6568.84703868905  4.286956E-15
6568.91141972047  5.917098E-15
6568.97580075189  2.490824E-15
6569.04018178331  1.351419E-15
6569.10456281473  3.397742E-16
6569.16894384616  5.432021E-16
6569.23332487758  4.469357E-15
6569.297705909  2.493012E-14
6569.36208694042  4.362526E-15
6569.42646797185  4.104733E-16
6569.49084900327  1.342345E-15
6569.55523003469  1.525015E-15
6569.61961106611  1.060530E-15
6569.68399209753  6.304040E-16
6569.74837312896  6.595339E-16
6569.81275416038  1.436039E-14
6569.8771351918  6.490174E-14
6569.94151622322  1.814178E-14
6570.00589725464  -1.720784E-15
6570.07027828607  2.802568E-15
6570.13465931749  1.160911E-15
6570.19904034891  1.328136E-15
6570.26342138033  2.855969E-15
6570.32780241176  2.249811E-15
6570.39218344318  1.328996E-15
6570.4565644746  2.254700E-15
6570.52094550602  2.253727E-15
6570.58532653744  1.490738E-15
6570.64970756886  1.500462E-15
6570.71408860029  1.651944E-15
6570.77846963171  2.311669E-15
6570.84285066313  1.794208E-15
6570.90723169455  1.454349E-15
6570.97161272598  2.564390E-15
6571.0359937574  2.091376E-15
6571.10037478882  1.970430E-15
6571.16475582024  1.978743E-15
6571.22913685166  1.480434E-15
6571.29351788309  1.224525E-15
6571.35789891451  2.145743E-15
6571.42227994593  1.738805E-15
6571.48666097735  2.344165E-15
6571.55104200877  2.228118E-15
6571.6154230402  1.539432E-15
6571.67980407162  1.557380E-15
6571.74418510304  1.250210E-15
6571.80856613446  2.600086E-15
6571.87294716588  3.214492E-15
6571.93732819731  2.860796E-15
6572.00170922873  2.377874E-15
6572.06609026015  1.884228E-15
6572.13047129157  2.381535E-15
6572.194852323  1.686589E-15
6572.25923335442  1.897503E-15
6572.32361438584  1.928273E-15
6572.38799541726  2.080786E-15
6572.45237644868  1.985456E-15
6572.5167574801  2.939941E-15
6572.58113851153  2.518836E-15
6572.64551954295  1.643072E-15
6572.70990057437  2.032393E-15
6572.77428160579  2.170636E-15
6572.83866263722  2.362647E-15
6572.90304366864  1.632689E-15
6572.96742470006  1.892283E-15
6573.03180573148  2.697510E-15
6573.0961867629  2.760093E-15
6573.16056779432  2.429648E-15
6573.22494882575  1.321800E-15
6573.28932985717  1.727168E-15
6573.35371088859  2.586149E-15
6573.41809192001  2.289769E-15
6573.48247295144  1.461638E-15
6573.54685398286  1.676373E-15
6573.61123501428  2.584836E-15
6573.6756160457  2.297554E-15
6573.73999707712  3.360760E-15
6573.80437810855  3.209090E-15
6573.86875913997  2.228677E-15
6573.93314017139  3.133443E-15
6573.99752120281  2.057871E-15
6574.06190223423  1.511004E-15
6574.12628326565  1.722021E-15
6574.19066429708  1.045333E-15
6574.2550453285  1.913332E-15
6574.31942635992  2.081114E-15
6574.38380739134  2.165071E-15
6574.44818842277  2.388950E-15
6574.51256945419  2.297493E-15
6574.57695048561  1.674664E-15
6574.64133151703  2.479300E-15
6574.70571254845  1.820349E-15
6574.77009357988  1.808835E-15
6574.8344746113  1.353874E-15
6574.89885564272  1.479620E-15
6574.96323667414  2.118101E-15
6575.02761770556  2.091676E-15
6575.09199873699  3.103892E-15
6575.15637976841  3.285110E-15
6575.22076079983  3.223352E-15
6575.28514183125  1.916194E-15
6575.34952286267  1.483723E-15
6575.4139038941  8.030089E-16
6575.47828492552  1.796661E-15
6575.54266595694  2.825305E-15
6575.60704698836  1.849684E-15
6575.67142801978  1.694252E-15
6575.73580905121  1.996081E-15
6575.80019008263  1.825618E-15
6575.86457111405  1.045592E-15
6575.92895214547  1.317107E-15
6575.9933331769  1.898295E-15
6576.05771420832  1.940113E-15
6576.12209523974  2.573402E-15
6576.18647627116  1.684506E-15
6576.25085730258  2.072823E-15
6576.315238334  2.454239E-15
6576.37961936543  2.654650E-15
6576.44400039685  2.628975E-15
6576.50838142827  2.113638E-15
6576.57276245969  2.646882E-15
6576.63714349111  2.317964E-15
6576.70152452254  7.663302E-16
6576.76590555396  2.612365E-15
6576.83028658538  2.815951E-15
6576.8946676168  1.663310E-15
6576.95904864823  1.946203E-15
6577.02342967965  3.057556E-15
6577.08781071107  3.605742E-15
6577.15219174249  4.924044E-15
6577.21657277391  6.699170E-15
6577.28095380534  5.854774E-15
6577.34533483676  6.592535E-15
6577.40971586818  6.981939E-15
6577.4740968996  4.885854E-15
6577.53847793102  3.874910E-15
6577.60285896245  2.253553E-15
6577.66723999387  1.677216E-15
6577.73162102529  1.757897E-15
6577.79600205671  1.701770E-15
6577.86038308814  1.474650E-15
6577.92476411956  1.754569E-15
6577.98914515098  2.824951E-15
6578.0535261824  2.622021E-15
6578.11790721382  2.007552E-15
6578.18228824524  1.785247E-15
6578.24666927667  2.581713E-15
6578.31105030809  2.599172E-15
6578.37543133951  2.862648E-15
6578.43981237093  2.354252E-15
6578.50419340236  2.249987E-15
6578.56857443378  3.116648E-15
6578.6329554652  2.153538E-15
6578.69733649662  1.710729E-15
6578.76171752804  3.466633E-15
6578.82609855946  2.259183E-15
6578.89047959089  2.494349E-15
6578.95486062231  2.680181E-15
6579.01924165373  1.697183E-15
6579.08362268515  1.504047E-15
6579.14800371658  2.399232E-15
6579.212384748  2.448411E-15
6579.27676577942  2.446661E-15
6579.34114681084  1.808337E-15
6579.40552784226  2.161336E-15
6579.46990887369  3.804654E-15
6579.53428990511  2.535055E-15
6579.59867093653  1.879496E-15
6579.66305196795  1.659069E-15
6579.72743299937  1.958183E-15
6579.7918140308  2.062867E-15
6579.85619506222  2.489750E-15
6579.92057609364  3.271952E-15
6579.98495712506  1.802875E-15
6580.04933815648  2.459810E-15
6580.1137191879  2.377116E-15
6580.17810021933  2.769866E-15
6580.24248125075  3.395743E-15
6580.30686228217  1.919293E-15
6580.37124331359  1.801574E-15
6580.43562434502  2.239287E-15
6580.50000537644  1.933857E-15
6580.56438640786  2.844722E-15
6580.62876743928  2.456723E-15
6580.6931484707  3.055064E-15
6580.75752950213  2.515764E-15
6580.82191053355  2.290969E-15
6580.88629156497  2.110834E-15
6580.95067259639  1.302330E-15
6581.01505362782  1.033751E-15
6581.07943465924  1.976614E-15
6581.14381569066  3.121707E-15
6581.20819672208  2.601677E-15
6581.2725777535  1.179316E-15
6581.33695878492  1.550309E-15
6581.40133981635  1.987709E-15
6581.46572084777  1.334101E-15
6581.53010187919  1.981981E-15
6581.59448291061  1.796516E-15
6581.65886394204  1.352350E-15
6581.72324497346  2.335701E-15
6581.78762600488  1.504586E-15
6581.8520070363  1.449770E-15
6581.91638806772  1.999466E-15
6581.98076909914  1.676610E-15
6582.04515013057  -2.017628E-15
6582.10953116199  2.189106E-14
6582.17391219341  1.989229E-14
6582.23829322483  -5.023524E-16
6582.30267425626  2.017616E-15
6582.36705528768  2.417042E-15
6582.4314363191  1.850501E-15
6582.49581735052  1.195940E-15
6582.56019838194  1.199095E-15
6582.62457941337  1.103533E-15
6582.68896044479  1.324283E-15
6582.75334147621  6.908354E-16
6582.81772250763  9.873910E-16
6582.88210353905  8.912379E-16
6582.94648457048  4.611369E-16
6583.0108656019  1.490599E-15
6583.07524663332  1.483520E-15
6583.13962766474  1.045881E-15
6583.20400869616  1.479279E-15
6583.26838972759  9.674652E-16
6583.33277075901  2.065372E-15
6583.39715179043  -8.945325E-15
6583.46153282185  1.781341E-13
6583.52591385328  1.798311E-13
6583.5902948847  2.426400E-14
6583.65467591612  -2.331229E-15
6583.71905694754  5.416436E-16
6583.78343797896  7.020856E-16
6583.84781901038  6.375532E-16
6583.91220004181  1.033270E-15
6583.97658107323  1.442459E-15
6584.04096210465  1.293197E-15
6584.10534313607  1.385919E-15
6584.16972416749  2.007325E-15
6584.23410519892  2.516839E-15
6584.29848623034  1.795620E-15
6584.36286726176  2.214558E-15
6584.42724829318  2.922220E-15
6584.49162932461  2.454381E-15
6584.55601035603  3.721438E-15
6584.62039138745  3.969655E-15
6584.68477241887  7.832828E-15
6584.74915345029  1.663992E-14
6584.81353448172  3.235946E-14
6584.87791551314  5.776457E-14
6584.94229654456  9.845390E-14
6585.00667757598  1.611594E-13
6585.0710586074  2.497206E-13
6585.13543963882  3.611956E-13
6585.19982067025  4.663258E-13
6585.26420170167  5.428548E-13
6585.32858273309  5.679373E-13
6585.39296376451  5.394366E-13
6585.45734479593  4.680717E-13
6585.52172582736  3.806981E-13
6585.58610685878  2.978097E-13
6585.6504878902  2.299683E-13
6585.71486892162  1.865519E-13
6585.77924995305  1.740306E-13
6585.84363098447  1.888452E-13
6585.90801201589  2.191230E-13
6585.97239304731  2.526835E-13
6586.03677407873  2.806349E-13
6586.10115511016  2.901523E-13
6586.16553614158  2.763419E-13
6586.229917173  2.404807E-13
6586.29429820442  1.935800E-13
6586.35867923584  1.433186E-13
6586.42306026727  9.749504E-14
6586.48744129869  6.110814E-14
6586.55182233011  3.520164E-14
6586.61620336153  2.017541E-14
6586.68058439296  1.020859E-14
6586.74496542438  5.966064E-15
6586.8093464558  3.928859E-15
6586.87372748722  3.133889E-15
6586.93810851864  2.858074E-15
6587.00248955006  2.886221E-15
6587.06687058149  2.129785E-15
6587.13125161291  1.940859E-15
6587.19563264433  1.808520E-15
6587.26001367575  2.011316E-15
6587.32439470718  3.116560E-15
6587.3887757386  2.960672E-15
6587.45315677002  2.634677E-15
6587.51753780144  1.056716E-15
6587.58191883286  2.113348E-15
6587.64629986428  2.820850E-15
6587.71068089571  2.769661E-15
6587.77506192713  2.998425E-15
6587.83944295855  2.529528E-15
6587.90382398997  1.747966E-15
6587.9682050214  1.966940E-15
6588.03258605282  1.873603E-15
6588.09696708424  9.751444E-16
6588.16134811566  2.475010E-15
6588.22572914708  3.389425E-15
6588.29011017851  2.201253E-15
6588.35449120993  1.227311E-15
6588.41887224135  1.844548E-15
6588.48325327277  1.215431E-15
6588.54763430419  1.759312E-15
6588.61201533562  1.681962E-15
6588.67639636704  1.118316E-15
6588.74077739846  2.568131E-15
6588.80515842988  3.073408E-15
6588.8695394613  1.341584E-15
6588.93392049273  1.916262E-15
6588.99830152415  1.333227E-15
6589.06268255557  1.233195E-15
6589.12706358699  1.450173E-15
6589.19144461841  1.640892E-15
6589.25582564984  3.000080E-15
6589.32020668126  3.401819E-15
6589.38458771268  2.194786E-15
6589.4489687441  1.666029E-15
6589.51334977552  1.138102E-15
6589.57773080695  6.558825E-15
6589.64211183837  1.260917E-14
6589.70649286979  2.312303E-15
6589.77087390121  9.899204E-16
6589.83525493264  1.410715E-15
6589.89963596406  1.564825E-15
6589.96401699548  1.923059E-15
6590.0283980269  1.753672E-15
6590.09277905832  2.641691E-15
6590.15716008974  1.095714E-15
6590.22154112117  1.435340E-15
6590.28592215259  1.310532E-15
6590.35030318401  2.152276E-15
6590.41468421543  1.559136E-15
6590.47906524686  1.224563E-15
6590.54344627828  1.110630E-15
6590.6078273097  1.530735E-15
6590.67220834112  2.142437E-15
6590.73658937254  4.037144E-15
6590.80097040396  3.329882E-15
6590.86535143539  3.136332E-15
6590.92973246681  2.310947E-15
6590.99411349823  1.413809E-15
6591.05849452965  1.770455E-15
6591.12287556108  2.588049E-15
6591.1872565925  2.599850E-15
6591.25163762392  1.801246E-15
6591.31601865534  1.184949E-15
6591.38039968676  1.580442E-15
6591.44478071819  2.918018E-15
6591.50916174961  2.668321E-15
6591.57354278103  1.952764E-15
6591.63792381245  2.755868E-15
6591.70230484387  2.868044E-15
6591.7666858753  2.644237E-15
6591.83106690672  7.363615E-16
6591.89544793814  2.060946E-15
6591.95982896956  3.306951E-16
6592.02421000098  9.223703E-16
6592.08859103241  2.273039E-15
6592.15297206383  1.933433E-15
6592.21735309525  7.384560E-16
6592.28173412667  6.735528E-16
6592.34611515809  8.694704E-16
6592.41049618952  1.059354E-15
6592.47487722094  1.809887E-15
6592.53925825236  2.750462E-15
6592.60363928378  1.837335E-15
6592.6680203152  1.095391E-15
6592.73240134663  7.997810E-16
6592.79678237805  1.176644E-15
6592.86116340947  1.665854E-15
6592.92554444089  1.276643E-15
6592.98992547232  2.435418E-15
6593.05430650374  1.768388E-15
6593.11868753516  1.490365E-15
6593.18306856658  2.530678E-15
6593.247449598  2.528011E-15
6593.31183062943  1.280219E-15
6593.37621166085  1.556341E-15
6593.44059269227  7.793802E-16
6593.50497372369  1.755686E-15
6593.56935475511  2.470034E-15
6593.63373578654  2.957421E-15
6593.69811681796  2.786729E-15
6593.76249784938  2.209938E-15
6593.8268788808  1.492985E-15
6593.89125991222  1.771072E-15
6593.95564094365  6.908236E-16
6594.02002197507  2.106660E-15
6594.08440300649  2.589001E-15
6594.14878403791  2.349103E-15
6594.21316506933  2.480185E-15
6594.27754610076  2.232553E-15
6594.34192713218  2.370138E-15
6594.4063081636  1.117921E-15
6594.47068919502  1.737276E-16
6594.53507022645  1.462095E-15
6594.59945125787  1.938235E-15
6594.66383228929  2.933511E-15
6594.72821332071  2.254919E-15
6594.79259435213  2.702205E-15
6594.85697538355  1.793437E-15
6594.92135641498  1.822002E-15
6594.9857374464  1.706198E-15
6595.05011847782  1.771372E-15
6595.11449950924  2.170248E-15
6595.17888054066  2.821769E-15
6595.24326157209  2.647350E-15
6595.30764260351  2.095923E-15
6595.37202363493  3.250937E-15
6595.43640466635  1.930570E-15
6595.50078569778  2.519679E-15
6595.5651667292  2.333966E-15
6595.62954776062  2.387475E-15
6595.69392879204  2.885164E-15
6595.75830982346  3.215652E-15
6595.82269085489  1.496693E-15
6595.88707188631  1.169386E-15
6595.95145291773  2.002225E-15
6596.01583394915  1.530209E-15
6596.08021498057  2.019351E-15
6596.144596012  1.205587E-15
6596.20897704342  1.860099E-15
6596.27335807484  2.879926E-15
6596.33773910626  2.143179E-15
6596.40212013768  1.239671E-15
6596.4665011691  4.933096E-16
6596.53088220053  1.891439E-15
6596.59526323195  4.299333E-15
6596.65964426337  3.982136E-15
6596.72402529479  2.596924E-15
6596.78840632622  8.621046E-16
6596.85278735764  1.466593E-15
6596.91716838906  1.949227E-15
6596.98154942048  3.060302E-15
6597.0459304519  3.312775E-15
6597.11031148333  1.661441E-15
6597.17469251475  1.108322E-15
6597.23907354617  1.489288E-15
6597.30345457759  1.984215E-15
6597.36783560901  3.262241E-15
6597.43221664044  3.443009E-15
6597.49659767186  1.337753E-15
6597.56097870328  1.874862E-15
6597.6253597347  1.361207E-15
6597.68974076613  -1.830276E-16
6597.75412179755  2.059468E-14
6597.81850282897  2.195490E-14
6597.88288386039  -2.013879E-15
6597.94726489181  9.346536E-16
6598.01164592323  3.739646E-16
6598.07602695466  3.497161E-15
6598.14040798608  6.829875E-15
6598.2047890175  8.590674E-16
6598.26917004892  4.025885E-15
6598.33355108034  1.180621E-14
6598.39793211177  2.250034E-15
6598.46231314319  -2.370481E-16
6598.52669417461  6.779073E-16
6598.59107520603  9.932589E-16
6598.65545623746  3.827245E-16
6598.71983726888  2.751171E-15
6598.7842183003  1.695528E-15
6598.84859933172  2.344949E-15
6598.91298036314  2.636656E-15
6598.97736139457  2.757155E-15
6599.04174242599  1.109073E-15
6599.10612345741  2.557807E-15
6599.17050448883  2.379071E-15
6599.23488552025  3.021978E-15
6599.29926655168  3.446712E-15
6599.3636475831  2.983821E-15
6599.42802861452  1.609207E-15
6599.49240964594  9.918007E-16
6599.55679067736  1.525001E-15
6599.62117170879  2.559187E-15
6599.68555274021  2.875263E-15
6599.74993377163  2.272156E-15
6599.81431480305  9.727142E-16
6599.87869583447  2.848604E-15
6599.9430768659  2.501755E-15
6600.00745789732  8.989729E-16
6600.07183892874  3.025610E-15
6600.13621996016  2.728979E-15
6600.20060099158  7.030843E-16
6600.26498202301  7.217184E-16
6600.32936305443  1.686725E-15
6600.39374408585  1.726259E-15
6600.45812511727  2.069801E-15
6600.52250614869  2.365635E-15
6600.58688718012  1.727412E-15
6600.65126821154  6.619116E-16
6600.71564924296  3.089795E-15
6600.78003027438  3.057147E-15
6600.84441130581  1.772650E-15
6600.90879233723  2.363832E-15
6600.97317336865  6.978153E-16
6601.03755440007  9.521584E-16
6601.10193543149  1.943145E-15
6601.16631646291  1.255964E-15
6601.23069749434  8.669738E-16
6601.29507852576  1.556323E-15
6601.35945955718  1.631228E-15
6601.4238405886  2.149336E-15
6601.48822162003  2.173068E-15
6601.55260265145  1.297922E-15
6601.61698368287  2.030639E-15
6601.68136471429  3.755030E-15
6601.74574574571  2.620273E-15
6601.81012677714  2.822482E-15
6601.87450780856  3.157854E-15
6601.93888883998  2.753149E-15
6602.0032698714  5.969913E-16
6602.06765090282  1.599944E-15
6602.13203193425  1.918594E-15
6602.19641296567  1.145782E-15
6602.26079399709  1.806897E-15
6602.32517502851  2.585106E-15
6602.38955605993  1.891593E-15
6602.45393709136  2.781681E-16
6602.51831812278  1.237111E-15
6602.5826991542  2.812016E-15
6602.64708018562  2.150381E-15
6602.71146121704  1.765094E-15
6602.77584224847  8.484993E-16
6602.84022327989  1.945902E-15
6602.90460431131  1.824783E-15
6602.96898534273  1.753984E-15
6603.03336637415  3.528325E-15
6603.09774740558  3.406877E-15
6603.162128437  5.544613E-16
6603.22650946842  1.508420E-15
6603.29089049984  1.324846E-15
6603.35527153127  3.010027E-15
6603.41965256269  1.596624E-16
6603.48403359411  4.846553E-16
6603.54841462553  1.133573E-15
6603.61279565695  2.692956E-15
6603.67717668837  1.855520E-15
6603.7415577198  6.821523E-16
6603.80593875122  1.435387E-15
6603.87031978264  1.877198E-15
6603.93470081406  4.198452E-15
6603.99908184548  5.568913E-15
6604.06346287691  4.273548E-15
6604.12784390833  2.503317E-15
6604.19222493975  2.303372E-15
6604.25660597117  5.233117E-15
6604.3209870026  5.036202E-15
6604.38536803402  3.697489E-15
6604.44974906544  2.924202E-15
6604.51413009686  2.880069E-15
6604.57851112828  2.454366E-15
6604.64289215971  3.172790E-15
6604.70727319113  4.106186E-15
6604.77165422255  1.719754E-15
6604.83603525397  9.197366E-16
6604.90041628539  2.635829E-15
6604.96479731682  2.249556E-15
6605.02917834824  3.067287E-15
6605.09355937966  5.098297E-15
6605.15794041108  2.843977E-15
6605.2223214425  3.176116E-15
6605.28670247392  2.743713E-15
6605.35108350535  1.718661E-15
6605.41546453677  2.332470E-15
6605.47984556819  2.402352E-15
6605.54422659961  2.310508E-15
6605.60860763104  2.642093E-15
6605.67298866246  1.914114E-15
6605.73736969388  2.152726E-15
6605.8017507253  3.966592E-15
6605.86613175673  1.556153E-15
6605.93051278815  2.685572E-15
6605.99489381957  2.965842E-15
6606.05927485099  3.547925E-15
6606.12365588241  1.806751E-15
6606.18803691383  1.048569E-15
6606.25241794526  2.762144E-15
6606.31679897668  1.983835E-15
6606.3811800081  2.120369E-15
6606.44556103952  1.885625E-15
6606.50994207095  3.548342E-15
6606.57432310237  2.316286E-15
6606.63870413379  2.876303E-15
6606.70308516521  4.065897E-15
6606.76746619663  1.411181E-15
6606.83184722805  2.009450E-15
6606.89622825948  1.860776E-15
6606.9606092909  4.788022E-15
6607.02499032232  1.058625E-15
6607.08937135374  4.140575E-15
6607.15375238516  2.472812E-15
6607.21813341659  7.328134E-17
6607.28251444801  2.269335E-15
6607.34689547943  3.682463E-15
6607.41127651085  2.598086E-15
6607.47565754228  1.381700E-15
6607.5400385737  3.547553E-15
6607.60441960512  2.346392E-15
6607.66880063654  1.987396E-15
6607.73318166796  1.641951E-15
6607.79756269939  2.219237E-15
6607.86194373081  1.962842E-15
6607.92632476223  1.888254E-15
6607.99070579365  2.124069E-15
6608.05508682507  2.398950E-15
6608.1194678565  1.730888E-15
6608.18384888792  1.263686E-15
6608.24822991934  1.833249E-15
6608.31261095076  2.189389E-15
6608.37699198218  4.309462E-15
6608.44137301361  3.598206E-15
6608.50575404503  3.080263E-15
6608.57013507645  1.746039E-15
6608.63451610787  8.223941E-16
6608.69889713929  1.662440E-15
6608.76327817072  2.492582E-15
6608.82765920214  1.959980E-15
6608.89204023356  1.973040E-15
6608.95642126498  1.290480E-15
6609.0208022964  1.407770E-15
6609.08518332783  2.085081E-15
6609.14956435925  2.478880E-15
6609.21394539067  2.116972E-15
6609.27832642209  3.419910E-15
6609.34270745351  3.490420E-15
6609.40708848494  2.267751E-15
6609.47146951636  1.186083E-15
6609.53585054778  4.532959E-15
6609.6002315792  3.231843E-15
6609.66461261063  2.022178E-15
6609.72899364205  3.316225E-15
6609.79337467347  7.395668E-16
6609.85775570489  2.149065E-15
6609.92213673631  9.412283E-16
6609.98651776773  4.197217E-16
6610.05089879916  2.014494E-15
6610.11527983058  2.552412E-15
6610.179660862  2.664418E-15
6610.24404189342  4.228777E-15
6610.30842292485  1.642908E-15
6610.37280395627  1.655481E-15
6610.43718498769  1.895151E-15
6610.50156601911  4.601866E-15
6610.56594705053  2.352995E-15
6610.63032808196  2.645095E-15
6610.69470911338  1.398743E-15
6610.7590901448  2.967364E-15
6610.82347117622  3.389731E-15
6610.88785220765  3.808849E-15
6610.95223323907  2.967859E-15
6611.01661427049  3.153598E-15
6611.08099530191  3.770152E-15
6611.14537633333  2.085828E-15
6611.20975736475  3.617486E-15
6611.27413839618  3.818706E-15
6611.3385194276  2.886729E-16
6611.40290045902  4.576829E-14
6611.46728149044  2.185132E-14
6611.53166252186  2.597004E-16
6611.59604355329  1.966826E-15
6611.66042458471  1.853771E-15
6611.72480561613  8.623030E-16
6611.78918664755  2.875453E-15
6611.85356767898  4.449859E-15
6611.9179487104  4.924516E-16
6611.98232974182  8.292587E-16
6612.04671077324  2.124174E-15
6612.11109180466  2.161540E-15
6612.17547283609  1.728065E-15
6612.23985386751  3.100287E-15
6612.30423489893  2.564126E-15
6612.36861593035  2.843338E-15
6612.43299696177  2.147769E-15
6612.4973779932  1.062859E-15
6612.56175902462  2.408762E-15
6612.62614005604  1.997143E-15
6612.69052108746  4.773962E-16
6612.75490211889  8.321394E-16
6612.8192831503  3.273570E-15
6612.88366418173  1.869610E-15
6612.94804521315  4.332689E-15
6613.01242624457  1.743318E-15
6613.07680727599  6.552705E-16
6613.14118830742  1.709055E-15
6613.20556933884  4.520389E-15
6613.26995037026  3.034786E-15
6613.33433140168  3.103967E-15
6613.3987124331  2.019449E-15
6613.46309346453  4.744165E-15
6613.52747449595  4.947802E-15
6613.59185552737  1.509435E-15
6613.65623655879  4.181795E-15
6613.72061759021  3.145871E-15
6613.78499862164  3.340868E-15
6613.84937965306  1.323816E-15
6613.91376068448  4.125270E-17
6613.9781417159  2.466582E-15
6614.04252274732  3.597499E-15
6614.10690377875  4.935694E-15
6614.17128481017  6.041443E-15
6614.23566584159  1.662496E-15
6614.30004687301  1.959450E-15
6614.36442790444  2.383312E-15
6614.42880893586  2.913415E-15
6614.49318996728  3.026680E-15
6614.5575709987  6.472040E-16
6614.62195203012  2.770900E-15
6614.68633306155  2.450098E-15
6614.75071409297  6.933663E-15
6614.81509512439  1.531485E-15
6614.87947615581  2.501018E-15
6614.94385718723  1.922776E-15
6615.00823821865  4.323740E-15
6615.07261925008  3.092098E-15
6615.1370002815  3.502189E-15
6615.20138131292  3.292534E-15
6615.26576234434  3.453545E-15
6615.33014337577  2.190984E-15
6615.39452440719  2.504075E-15
6615.45890543861  2.088533E-15
6615.52328647003  2.162432E-15
6615.58766750145  2.391596E-15
6615.65204853288  2.383079E-15
6615.7164295643  3.016532E-15
6615.78081059572  3.378158E-15
6615.84519162714  4.458155E-15
6615.90957265856  2.650675E-15
6615.97395368999  6.184336E-15
6616.03833472141  2.062101E-15
6616.10271575283  4.017452E-15
6616.16709678425  6.464966E-15
6616.23147781567  5.455893E-16
6616.2958588471  8.714589E-16
6616.36023987852  8.397765E-16
6616.42462090994  6.862318E-15
6616.48900194136  3.658209E-15
6616.55338297278  1.712370E-15
6616.61776400421  5.066492E-15
6616.68214503563  3.364842E-15
6616.74652606705  3.484990E-15
6616.81090709847  3.180557E-15
6616.87528812989  3.166829E-15
6616.93966916132  2.754080E-15
6617.00405019274  2.280946E-15
6617.06843122416  4.257011E-15
6617.13281225558  6.468237E-15
6617.197193287  6.356105E-15
6617.26157431843  4.209562E-15
6617.32595534985  2.064791E-15
6617.39033638127  5.516380E-15
6617.45471741269  2.656329E-15
6617.51909844412  1.449363E-15
6617.58347947554  4.522187E-15
6617.64786050696  5.251984E-15
6617.71224153838  1.061233E-15
6617.7766225698  2.455582E-15
6617.84100360123  3.488363E-15
6617.90538463265  2.278377E-15
6617.96976566407  4.140765E-15
6618.03414669549  4.050562E-15
6618.09852772691  9.617788E-16
6618.16290875833  1.893609E-15
6618.22728978976  1.191677E-15
6618.29167082118  2.043653E-15
6618.3560518526  1.927780E-15
6618.42043288403  2.784151E-15
6618.48481391545  3.658465E-15
6618.54919494687  2.131747E-15
6618.61357597829  2.060986E-15
6618.67795700971  4.836755E-15
6618.74233804113  4.475356E-15
6618.80671907256  6.958759E-16
6618.87110010398  2.222248E-14
6618.9354811354  5.265535E-14
6618.99986216682  2.518798E-15
6619.06424319824  1.750488E-15
6619.12862422967  1.317409E-15
6619.19300526109  2.986745E-15
6619.25738629251  2.070576E-15
6619.32176732393  5.060787E-15
6619.38614835536  4.377766E-15
6619.45052938678  1.332237E-16
6619.5149104182  2.107366E-15
6619.57929144962  3.907076E-15
6619.64367248104  2.995597E-15
6619.70805351247  2.118497E-15
6619.77243454389  6.456932E-15
6619.83681557531  2.768625E-15
6619.90119660673  1.646035E-15
6619.96557763815  5.369727E-16
6620.02995866957  3.864777E-15
6620.094339701  1.872293E-15
6620.15872073242  2.304420E-15
6620.22310176384  3.827087E-15
6620.28748279526  1.959234E-15
6620.35186382668  3.947777E-14
6620.41624485811  7.641811E-15
6620.48062588953  -9.264767E-17
6620.54500692095  2.800345E-15
6620.60938795237  2.471096E-15
6620.6737689838  5.259170E-15
6620.73815001522  7.481249E-16
6620.80253104664  9.912024E-16
6620.86691207806  1.415578E-15
6620.93129310948  1.972033E-15
6620.99567414091  3.191230E-15
6621.06005517233  4.185317E-17
6621.12443620375  4.661424E-15
6621.18881723517  6.700556E-15
6621.25319826659  5.225618E-15
6621.31757929802  3.135606E-15
6621.38196032944  -6.689028E-16
6621.44634136086  1.954315E-15
6621.51072239228  1.676806E-15
6621.57510342371  2.879255E-15
6621.63948445513  3.746362E-15
6621.70386548655  2.430529E-16
6621.76824651797  2.231249E-15
6621.83262754939  1.525512E-15
6621.89700858081  1.426230E-15
6621.96138961224  2.485546E-15
6622.02577064366  3.720693E-15
6622.09015167508  5.205651E-15
6622.1545327065  7.177081E-15
6622.21891373792  2.372270E-15
6622.28329476935  2.007918E-15
6622.34767580077  2.247990E-15
6622.41205683219  3.694128E-15
6622.47643786361  2.851555E-15
6622.54081889503  3.399531E-15
6622.60519992646  2.693743E-15
6622.66958095788  6.674683E-16
6622.7339619893  9.758495E-15
6622.79834302072  9.892335E-15
6622.86272405215  2.952065E-15
6622.92710508357  1.938385E-15
6622.99148611499  4.369095E-15
6623.05586714641  4.841199E-15
6623.12024817783  7.773797E-15
6623.18462920926  5.881643E-15
6623.24901024068  5.993713E-15
6623.3133912721  9.557681E-15
6623.37777230352  3.317004E-15
6623.44215333494  1.447546E-14
6623.50653436637  1.962476E-14
6623.57091539779  8.796638E-15
6623.63529642921  6.385841E-15
6623.69967746063  5.233294E-15
6623.76405849205  7.483155E-15
6623.82843952347  6.133583E-16
6623.8928205549  -9.199540E-16
6623.95720158632  1.935043E-15
6624.02158261774  9.957980E-16
6624.08596364916  7.817875E-15
6624.15034468059  7.316250E-15
6624.21472571201  4.522395E-15
6624.27910674343  -1.419607E-15
6624.34348777485  3.528931E-15
6624.40786880627  7.053539E-15
6624.4722498377  8.077869E-15
6624.53663086912  1.817874E-15
6624.60101190054  5.543047E-15
6624.66539293196  1.801695E-15
6624.72977396338  4.998167E-15
6624.79415499481  8.175961E-16
6624.85853602623  5.059063E-15
6624.92291705765  7.033385E-16
6624.98729808907  1.764492E-15
6625.05167912049  -9.667108E-17
6625.11606015192  7.971198E-15
6625.18044118334  5.709100E-15
6625.24482221476  1.685617E-15
6625.30920324618  5.509807E-15
6625.3735842776  7.896377E-15
6625.43796530903  9.134395E-15
6625.50234634045  9.385804E-16
6625.56672737187  -4.293240E-16
6625.63110840329  -2.786548E-16
6625.69548943471  4.892572E-15
6625.75987046614  4.623381E-15
6625.82425149756  1.626755E-15
6625.88863252898  1.931572E-15
6625.9530135604  2.105789E-15
6626.01739459183  1.736624E-14
6626.08177562325  7.752427E-15
6626.14615665467  5.212046E-15
6626.21053768609  4.075155E-15
6626.27491871751  1.718066E-15
6626.33929974894  3.281182E-15
6626.40368078036  6.690035E-15
6626.46806181178  1.359959E-14
6626.5324428432  1.702863E-15
6626.59682387463  8.030934E-15
6626.66120490605  3.396189E-15
6626.72558593747  2.754176E-15
