4805.33655976077  2.653987E-13
4805.39983191589  -9.934839E-15
4805.46308978029  1.074495E-13
4805.52633334535  3.160309E-13
4805.58956260248  1.909103E-13
4805.65277754314  1.166678E-13
4805.71597815877  1.903768E-13
4805.77916444089  1.155576E-13
4805.84233638104  2.127060E-13
4805.90549397076  3.803602E-13
4805.96863720164  1.151293E-13
4806.03176606531  9.659814E-14
4806.09488055341  1.088545E-13
4806.15798065763  7.221075E-13
4806.22106636966  6.678207E-12
4806.28413768124  7.305111E-13
4806.34719458414  1.571234E-13
4806.41023707014  4.107388E-14
4806.47326513108  1.855672E-13
4806.5362787588  1.050307E-13
4806.59927794518  6.901000E-14
4806.66226268213  6.056201E-12
4806.72523296159  5.896435E-12
4806.78818877552  6.832783E-12
4806.85113011592  2.266969E-12
4806.91405697481  3.764031E-14
4806.97696934425  6.983397E-13
4807.0398672163  3.203834E-13
4807.10275058309  1.247315E-13
4807.16561943674  1.224828E-13
4807.22847376943  1.660189E-13
4807.29131357333  1.691908E-13
4807.35413884069  1.527394E-13
4807.41694956373  1.218676E-13
4807.47974573475  1.482381E-13
4807.54252734604  1.749755E-13
4807.60529438994  2.292780E-13
4807.66804685881  2.142770E-13
4807.73078474503  1.980215E-13
4807.79350804103  1.199218E-13
4807.85621673924  1.487696E-13
4807.91891083214  1.244358E-13
4807.98159031223  7.359152E-14
4808.04425517202  2.121466E-13
4808.10690540408  7.365791E-14
4808.16954100099  1.004876E-13
4808.23216195535  2.491136E-13
4808.29476825981  1.636302E-13
4808.35735990701  1.955424E-13
4808.41993688965  3.200434E-13
4808.48249920046  1.899415E-13
4808.54504683216  2.220350E-13
4808.60757977754  8.986934E-14
4808.67009802938  1.738391E-13
4808.73260158052  1.529023E-13
4808.79509042381  2.547065E-13
4808.85756455212  3.050831E-13
4808.92002395836  2.728434E-13
4808.98246863546  2.365632E-13
4809.04489857637  1.625742E-13
4809.10731377408  2.519990E-13
4809.16971422161  1.413915E-13
4809.23209991198  2.530511E-13
4809.29447083827  2.534786E-13
4809.35682699356  1.426192E-13
4809.41916837096  1.360263E-13
4809.48149496362  2.217764E-13
4809.54380676472  1.202366E-13
4809.60610376743  1.918194E-13
4809.66838596499  1.350676E-13
4809.73065335063  1.237782E-13
4809.79290591763  1.544885E-13
4809.85514365929  2.146905E-13
4809.91736656893  1.784369E-13
4809.9795746399  1.796425E-13
4810.04176786558  1.077407E-13
4810.10394623936  2.151861E-13
4810.16610975467  1.152806E-13
4810.22825840496  1.735898E-13
4810.29039218372  1.303935E-13
4810.35251108444  1.361014E-13
4810.41461510065  2.310335E-13
4810.4767042259  1.704311E-13
4810.53877845378  1.524048E-13
4810.60083777788  2.087626E-13
4810.66288219183  2.036830E-13
4810.72491168929  2.007791E-13
4810.78692626394  1.149132E-13
4810.84892590947  1.317534E-13
4810.91091061962  1.767977E-13
4810.97288038815  1.630699E-13
4811.03483520882  1.909049E-13
4811.09677507545  9.707794E-14
4811.15869998185  1.562760E-13
4811.22060992188  6.908548E-14
4811.28250488943  8.342055E-14
4811.34438487838  1.523655E-13
4811.40624988267  1.397480E-13
4811.46809989624  1.783625E-13
4811.52993491307  1.614941E-13
4811.59175492716  1.527698E-13
4811.65355993253  1.552638E-13
4811.71534992323  1.699669E-13
4811.77712489333  1.771608E-13
4811.83888483692  2.037366E-13
4811.90062974813  1.461824E-13
4811.96235962109  1.402607E-13
4812.02407444998  1.626845E-13
4812.08577422899  1.463118E-13
4812.14745895233  1.325365E-13
4812.20912861423  2.663496E-13
4812.27078320897  1.789154E-13
4812.33242273084  1.909626E-13
4812.39404717412  1.907381E-13
4812.45565653317  9.782396E-14
4812.51725080234  9.314653E-14
4812.57882997601  1.222020E-13
4812.64039404858  1.333751E-13
4812.70194301448  1.777674E-13
4812.76347686817  1.997099E-13
4812.8249956041  1.629126E-13
4812.88649921679  1.672217E-13
4812.94798770075  2.105716E-13
4813.00946105053  1.701162E-13
4813.07091926068  1.573019E-13
4813.13236232581  1.484943E-13
4813.19379024051  1.820342E-13
4813.25520299944  1.647459E-13
4813.31660059723  1.508131E-13
4813.37798302859  1.980589E-13
4813.4393502882  1.760308E-13
4813.50070237079  1.484411E-13
4813.56203927112  1.368148E-13
4813.62336098395  1.845484E-13
4813.68466750408  1.474917E-13
4813.74595882633  1.251428E-13
4813.80723494553  1.888002E-13
4813.86849585654  1.505379E-13
4813.92974155425  1.042702E-13
4813.99097203356  1.491453E-13
4814.0521872894  1.391709E-13
4814.11338731672  1.675722E-13
4814.17457211049  1.428754E-13
4814.23574166571  1.803329E-13
4814.2968959774  1.767906E-13
4814.35803504058  2.023596E-13
4814.41915885033  1.509735E-13
4814.48026740171  1.533947E-13
4814.54136068985  1.722048E-13
4814.60243870985  1.484152E-13
4814.66350145688  1.561210E-13
4814.72454892609  1.461524E-13
4814.78558111269  1.601390E-13
4814.84659801187  2.041198E-13
4814.90759961888  2.286650E-13
4814.96858592897  1.609573E-13
4815.02955693741  2.027031E-13
4815.09051263951  1.557977E-13
4815.15145303058  1.484502E-13
4815.21237810596  1.587665E-13
4815.27328786102  1.310526E-13
4815.33418229113  1.142139E-13
4815.39506139171  1.618778E-13
4815.45592515817  1.757228E-13
4815.51677358597  1.287024E-13
4815.57760667057  1.406440E-13
4815.63842440745  1.173746E-13
4815.69922679213  1.530042E-13
4815.76001382014  1.717217E-13
4815.82078548702  5.584998E-13
4815.88154178835  1.510786E-13
4815.94228271972  1.773398E-13
4816.00300827674  1.748114E-13
4816.06371845504  2.203437E-13
4816.12441325028  1.387129E-13
4816.18509265814  1.796897E-13
4816.2457566743  1.591498E-13
4816.30640529448  1.767502E-13
4816.36703851442  1.618092E-13
4816.42765632987  1.900796E-13
4816.48825873661  1.789229E-13
4816.54884573044  1.593030E-13
4816.60941730716  1.606762E-13
4816.66997346261  1.652573E-13
4816.73051419266  1.605554E-13
4816.79103949318  1.224216E-13
4816.85154936006  1.810799E-13
4816.91204378922  1.633582E-13
4816.9725227766  1.644197E-13
4817.03298631815  1.516456E-13
4817.09343440985  1.690505E-13
4817.15386704769  1.407775E-13
4817.21428422768  1.430112E-13
4817.27468594587  1.662637E-13
4817.33507219831  1.756415E-13
4817.39544298106  1.730919E-13
4817.45579829023  1.581882E-13
4817.51613812192  1.579338E-13
4817.57646247226  1.417193E-13
4817.63677133742  1.493742E-13
4817.69706471355  1.216812E-13
4817.75734259685  1.383324E-13
4817.81760498354  1.463130E-13
4817.87785186982  1.534227E-13
4817.93808325195  1.227359E-13
4817.99829912621  1.418656E-13
4818.05849948887  1.364023E-13
4818.11868433624  1.512445E-13
4818.17885366464  1.323593E-13
4818.23900747041  1.655542E-13
4818.29914574992  1.359020E-13
4818.35926849954  1.934660E-13
4818.41937571567  1.776354E-13
4818.47946739473  1.537073E-13
4818.53954353316  1.520788E-13
4818.5996041274  1.401001E-13
4818.65964917394  1.534125E-13
4818.71967866926  1.469678E-13
4818.77969260987  1.674716E-13
4818.83969099231  1.355613E-13
4818.89967381311  1.340059E-13
4818.95964106884  1.405962E-13
4819.01959275609  1.569958E-13
4819.07952887146  1.778442E-13
4819.13944941156  1.532668E-13
4819.19935437304  1.365128E-13
4819.25924375255  1.332150E-13
4819.31911754676  1.670452E-13
4819.37897575237  1.615147E-13
4819.43881836609  1.229021E-13
4819.49864538463  1.468544E-13
4819.55845680476  1.445154E-13
4819.61825262323  1.608663E-13
4819.67803283682  1.582817E-13
4819.73779744233  1.386404E-13
4819.79754643658  1.394207E-13
4819.85727981641  1.543923E-13
4819.91699757866  1.376578E-13
4819.97669972021  1.357576E-13
4820.03638623794  1.416799E-13
4820.09605712875  1.483439E-13
4820.15571238957  1.405797E-13
4820.21535201733  1.475897E-13
4820.27497600901  1.476781E-13
4820.33458436155  1.477567E-13
4820.39417707196  1.538788E-13
4820.45375413726  1.459015E-13
4820.51331555445  1.440091E-13
4820.57286132059  1.579513E-13
4820.63239143272  1.516039E-13
4820.69190588794  1.458648E-13
4820.75140468334  1.505715E-13
4820.81088781602  1.470541E-13
4820.8703552831  1.435190E-13
4820.92980708175  1.468991E-13
4820.98924320911  1.458978E-13
4821.04866366237  1.569564E-13
4821.10806843871  1.512709E-13
4821.16745753536  1.312159E-13
4821.22683094953  1.475684E-13
4821.28618867848  1.419768E-13
4821.34553071946  1.597069E-13
4821.40485706975  1.701792E-13
4821.46416772665  1.491365E-13
4821.52346268746  1.236795E-13
4821.58274194952  1.445881E-13
4821.64200551016  1.578943E-13
4821.70125336674  1.553025E-13
4821.76048551665  1.589716E-13
4821.81970195726  1.363393E-13
4821.878902686  1.356057E-13
4821.93808770028  1.567086E-13
4821.99725699755  1.350217E-13
4822.05641057525  1.481591E-13
4822.11554843087  1.397082E-13
4822.17467056189  1.452993E-13
4822.23377696582  1.367196E-13
4822.29286764016  1.392491E-13
4822.35194258247  1.414171E-13
4822.41100179029  1.661149E-13
4822.47004526119  1.563051E-13
4822.52907299275  1.414517E-13
4822.58808498257  1.503520E-13
4822.64708122827  1.457457E-13
4822.70606172747  1.459922E-13
4822.76502647782  1.332782E-13
4822.82397547698  1.290137E-13
4822.88290872263  1.548783E-13
4822.94182621246  1.404452E-13
4823.00072794417  1.439189E-13
4823.05961391549  1.354697E-13
4823.11848412416  1.464947E-13
4823.17733856792  1.468345E-13
4823.23617724455  1.413917E-13
4823.29500015183  1.380808E-13
4823.35380728756  1.443974E-13
4823.41259864955  1.377970E-13
4823.47137423563  1.426401E-13
4823.53013404364  1.479976E-13
4823.58887807144  1.219273E-13
4823.64760631691  1.473985E-13
4823.70631877793  1.167236E-13
4823.76501545241  1.651131E-13
4823.82369633826  1.656677E-13
4823.88236143342  1.932095E-13
4823.94101073583  1.981639E-13
4823.99964424345  1.136544E-13
4824.05826195427  7.639178E-14
4824.11686386627  2.084459E-12
4824.17544997746  7.643520E-13
4824.23402028585  1.313128E-13
4824.29257478949  1.588058E-13
4824.35111348642  1.727800E-13
4824.40963637471  1.660008E-13
4824.46814345243  1.555166E-13
4824.52663471768  1.335786E-13
4824.58511016856  1.472904E-13
4824.64356980319  1.249576E-13
4824.70201361971  1.404422E-13
4824.76044161627  1.406091E-13
4824.81885379102  1.430923E-13
4824.87725014215  1.401980E-13
4824.93563066785  1.591342E-13
4824.99399536632  1.427175E-13
4825.05234423578  1.569299E-13
4825.11067727446  1.533073E-13
4825.16899448062  1.398404E-13
4825.22729585251  1.511327E-13
4825.28558138841  1.606290E-13
4825.3438510866  1.495075E-13
4825.40210494538  1.339605E-13
4825.46034296309  1.448542E-13
4825.51856513803  1.447048E-13
4825.57677146855  1.388565E-13
4825.63496195302  1.429616E-13
4825.6931365898  1.250342E-13
4825.75129537726  1.443461E-13
4825.80943831383  1.585851E-13
4825.86756539789  1.384589E-13
4825.92567662788  1.531810E-13
4825.98377200222  1.476044E-13
4826.04185151939  1.486672E-13
4826.09991517782  1.499570E-13
4826.15796297601  1.509854E-13
4826.21599491244  1.501869E-13
4826.27401098561  1.365066E-13
4826.33201119405  1.395303E-13
4826.38999553627  1.394231E-13
4826.44796401083  1.355064E-13
4826.50591661627  1.424099E-13
4826.56385335117  1.447253E-13
4826.62177421411  1.417346E-13
4826.67967920368  1.466905E-13
4826.73756831848  1.390594E-13
4826.79544155714  1.498471E-13
4826.85329891829  1.515589E-13
4826.91114040057  1.349278E-13
4826.96896600265  1.473605E-13
4827.02677572318  1.483333E-13
4827.08456956087  1.477443E-13
4827.14234751439  1.428078E-13
4827.20010958246  1.476957E-13
4827.2578557638  1.599607E-13
4827.31558605714  1.495926E-13
4827.37330046122  1.573445E-13
4827.43099897482  1.446316E-13
4827.48868159668  1.406848E-13
4827.54634832561  1.430459E-13
4827.60399916038  1.566952E-13
4827.66163409982  1.446003E-13
4827.71925314273  1.405632E-13
4827.77685628796  1.425079E-13
4827.83444353434  1.402546E-13
4827.89201488072  1.541659E-13
4827.94957032598  1.443983E-13
4828.007109869  1.586585E-13
4828.06463350866  1.485072E-13
4828.12214124388  1.466672E-13
4828.17963307356  1.448265E-13
4828.23710899664  1.309081E-13
4828.29456901205  1.377454E-13
4828.35201311874  1.528930E-13
4828.40944131568  1.467001E-13
4828.46685360184  1.408724E-13
4828.5242499762  1.495105E-13
4828.58163043777  1.409302E-13
4828.63899498556  1.463572E-13
4828.69634361858  1.481712E-13
4828.75367633587  1.469152E-13
4828.81099313646  1.466626E-13
4828.86829401943  1.412342E-13
4828.92557898383  1.438219E-13
4828.98284802875  1.518196E-13
4829.04010115326  1.451548E-13
4829.09733835648  1.371374E-13
4829.15455963751  1.429803E-13
4829.21176499549  1.523118E-13
4829.26895442954  1.384233E-13
4829.3261279388  1.483843E-13
4829.38328552245  1.561168E-13
4829.44042717964  1.460839E-13
4829.49755290956  1.354881E-13
4829.55466271139  1.448810E-13
4829.61175658434  1.388421E-13
4829.66883452762  1.360355E-13
4829.72589654045  1.500006E-13
4829.78294262207  1.460638E-13
4829.83997277172  1.514752E-13
4829.89698698867  1.389483E-13
4829.95398527217  1.413365E-13
4830.01096762149  1.428022E-13
4830.06793403595  1.415691E-13
4830.12488451482  1.473871E-13
4830.18181905742  1.518164E-13
4830.23873766308  1.488922E-13
4830.29564033112  1.533499E-13
4830.35252706088  1.510390E-13
4830.40939785171  1.491367E-13
4830.46625270299  1.552996E-13
4830.52309161407  1.493566E-13
4830.57991458436  1.488730E-13
4830.63672161323  1.468965E-13
4830.69351270009  1.437266E-13
4830.75028784436  1.570450E-13
4830.80704704547  1.448666E-13
4830.86379030284  1.349443E-13
4830.92051761593  1.532649E-13
4830.97722898419  1.386531E-13
4831.03392440707  1.418458E-13
4831.09060388408  1.450947E-13
4831.14726741467  1.490412E-13
4831.20391499836  1.436786E-13
4831.26054663465  1.429146E-13
4831.31716232306  1.459798E-13
4831.37376206311  1.383070E-13
4831.43034585433  1.518320E-13
4831.48691369628  1.432498E-13
4831.5434655885  1.534646E-13
4831.60000153057  1.517368E-13
4831.65652152206  1.500493E-13
4831.71302556256  1.448132E-13
4831.76951365165  1.445653E-13
4831.82598578895  1.412270E-13
4831.88244197407  1.449704E-13
4831.93888220663  1.477738E-13
4831.99530648627  1.483450E-13
4832.05171481263  1.385957E-13
4832.10810718535  1.422749E-13
4832.16448360411  1.488440E-13
4832.22084406858  1.420044E-13
4832.27718857843  1.437916E-13
4832.33351713337  1.364464E-13
4832.38982973307  1.478313E-13
4832.44612637727  1.475316E-13
4832.50240706566  1.477152E-13
4832.55867179799  1.471373E-13
4832.61492057399  1.397088E-13
4832.67115339341  1.456242E-13
4832.72737025599  1.491889E-13
4832.78357116151  1.416565E-13
4832.83975610974  1.476522E-13
4832.89592510046  1.344683E-13
4832.95207813346  1.435896E-13
4833.00821520855  1.402941E-13
4833.06433632553  1.451850E-13
4833.12044148422  1.423212E-13
4833.17653068445  1.439885E-13
4833.23260392606  1.466686E-13
4833.2886612089  1.426352E-13
4833.34470253281  1.420581E-13
4833.40072789766  1.508116E-13
4833.45673730332  1.528170E-13
4833.51273074967  1.538855E-13
4833.56870823661  1.498339E-13
4833.62466976402  1.518322E-13
4833.68061533182  1.487727E-13
4833.73654493992  1.574724E-13
4833.79245858825  1.503440E-13
4833.84835627673  1.429428E-13
4833.90423800531  1.458884E-13
4833.96010377395  1.472434E-13
4834.01595358258  1.562810E-13
4834.07178743119  1.540749E-13
4834.12760531975  1.481838E-13
4834.18340724823  1.523131E-13
4834.23919321664  1.493218E-13
4834.29496322496  1.434504E-13
4834.35071727322  1.458931E-13
4834.40645536142  1.488727E-13
4834.4621774896  1.503120E-13
4834.51788365777  1.458729E-13
4834.57357386599  1.563500E-13
4834.6292481143  1.412823E-13
4834.68490640276  1.476772E-13
4834.74054873143  1.496303E-13
4834.7961751004  1.445034E-13
4834.85178550972  1.312495E-13
4834.90737995951  1.327838E-13
4834.96295844986  1.361029E-13
4835.01852098086  1.409921E-13
4835.07406755263  1.524953E-13
4835.12959816531  1.470526E-13
4835.185112819  1.433672E-13
4835.24061151385  1.537567E-13
4835.29609425  1.412597E-13
4835.35156102761  1.492547E-13
4835.40701184683  1.467702E-13
4835.46244670783  1.418899E-13
4835.51786561079  1.512171E-13
4835.57326855589  1.511213E-13
4835.62865554332  1.364299E-13
4835.68402657327  1.348296E-13
4835.73938164596  1.366726E-13
4835.79472076159  1.438087E-13
4835.85004392038  1.480956E-13
4835.90535112257  1.520041E-13
4835.96064236839  1.442675E-13
4836.01591765807  1.483327E-13
4836.07117699188  1.434662E-13
4836.12642037006  1.409196E-13
4836.18164779289  1.434730E-13
4836.23685926063  1.417359E-13
4836.29205477356  1.447219E-13
4836.34723433197  1.445028E-13
4836.40239793616  1.502506E-13
4836.45754558641  1.421897E-13
4836.51267728305  1.446065E-13
4836.56779302638  1.416400E-13
4836.62289281673  1.455539E-13
4836.67797665442  1.479227E-13
4836.7330445398  1.482260E-13
4836.7880964732  1.498188E-13
4836.84313245498  1.474093E-13
4836.89815248548  1.479981E-13
4836.95315656509  1.394480E-13
4837.00814469415  1.410333E-13
4837.06311687307  1.504584E-13
4837.11807310221  1.471595E-13
4837.17301338197  1.462147E-13
4837.22793771275  1.520569E-13
4837.28284609495  1.508072E-13
4837.33773852898  1.448289E-13
4837.39261501526  1.480522E-13
4837.44747555422  1.456108E-13
4837.50232014628  1.404478E-13
4837.55714879189  1.368682E-13
4837.61196149148  1.362782E-13
4837.66675824552  1.408332E-13
4837.72153905446  1.380768E-13
4837.77630391875  1.490009E-13
4837.83105283888  1.385151E-13
4837.88578581532  1.381641E-13
4837.94050284855  1.423992E-13
4837.99520393906  1.510511E-13
4838.04988908735  1.444059E-13
4838.10455829392  1.463726E-13
4838.15921155928  1.445096E-13
4838.21384888394  1.428860E-13
4838.26847026843  1.522505E-13
4838.32307571327  1.434774E-13
4838.377665219  1.482089E-13
4838.43223878615  1.414279E-13
4838.48679641528  1.500474E-13
4838.54133810693  1.457419E-13
4838.59586386166  1.507780E-13
4838.65037368004  1.400371E-13
4838.70486756264  1.517293E-13
4838.75934551002  1.426638E-13
4838.81380752279  1.445025E-13
4838.86825360152  1.453369E-13
4838.9226837468  1.420207E-13
4838.97709795925  1.392568E-13
4839.03149623945  1.493298E-13
4839.08587858803  1.457538E-13
4839.14024500561  1.315381E-13
4839.1945954928  1.402912E-13
4839.24893005023  1.350918E-13
4839.30324867855  1.427214E-13
4839.35755137839  1.420279E-13
4839.41183815039  1.446703E-13
4839.46610899521  1.416839E-13
4839.52036391352  1.460108E-13
4839.57460290596  1.448879E-13
4839.62882597321  1.433179E-13
4839.68303311594  1.441409E-13
4839.73722433484  1.447199E-13
4839.79139963058  1.430579E-13
4839.84555900386  1.403603E-13
4839.89970245539  1.399852E-13
4839.95382998585  1.403287E-13
4840.00794159595  1.433716E-13
4840.06203728641  1.427162E-13
4840.11611705795  1.401997E-13
4840.17018091129  1.397714E-13
4840.22422884715  1.429787E-13
4840.27826086628  1.325320E-13
4840.33227696941  1.421204E-13
4840.38627715728  1.234301E-13
4840.44026143065  1.167068E-13
4840.49422979027  1.144587E-13
4840.5481822369  1.124086E-13
4840.60211877131  1.200636E-13
4840.65603939426  1.196452E-13
4840.70994410653  1.315388E-13
4840.7638329089  1.434087E-13
4840.81770580217  1.375861E-13
4840.8715627871  1.469628E-13
4840.92540386451  1.386212E-13
4840.9792290352  1.470453E-13
4841.03303829996  1.377246E-13
4841.08683165961  1.448585E-13
4841.14060911497  1.453629E-13
4841.19437066685  1.400868E-13
4841.24811631609  1.417500E-13
4841.30184606349  1.492936E-13
4841.35555990992  1.425094E-13
4841.40925785619  1.352224E-13
4841.46293990317  1.408470E-13
4841.51660605169  1.423220E-13
4841.57025630261  1.413160E-13
4841.62389065678  1.379611E-13
4841.67750911508  1.406130E-13
4841.73111167837  1.455455E-13
4841.78469834751  1.376058E-13
4841.83826912339  1.407330E-13
4841.89182400689  1.307093E-13
4841.94536299889  1.369642E-13
4841.99888610029  1.385391E-13
4842.05239331197  1.301812E-13
4842.10588463484  1.366190E-13
4842.1593600698  1.369155E-13
4842.21281961776  1.399174E-13
4842.26626327963  1.376267E-13
4842.31969105633  1.388439E-13
4842.37310294878  1.434171E-13
4842.42649895791  1.363696E-13
4842.47987908464  1.417225E-13
4842.53324332991  1.414131E-13
4842.58659169465  1.409045E-13
4842.63992417982  1.403628E-13
4842.69324078635  1.369775E-13
4842.7465415152  1.377066E-13
4842.79982636732  1.437396E-13
4842.85309534367  1.393739E-13
4842.90634844522  1.412555E-13
4842.95958567292  1.412957E-13
4843.01280702777  1.356368E-13
4843.06601251072  1.439963E-13
4843.11920212276  1.316845E-13
4843.17237586488  1.422193E-13
4843.22553373805  1.431011E-13
4843.27867574328  1.413214E-13
4843.33180188155  1.334953E-13
4843.38491215387  1.413241E-13
4843.43800656124  1.361919E-13
4843.49108510467  1.366943E-13
4843.54414778516  1.337576E-13
4843.59719460373  1.366655E-13
4843.65022556141  1.435572E-13
4843.70324065921  1.330861E-13
4843.75623989816  1.344145E-13
4843.80922327929  1.353512E-13
4843.86219080364  1.355844E-13
4843.91514247223  1.315822E-13
4843.96807828612  1.344934E-13
4844.02099824634  1.361211E-13
4844.07390235394  1.395388E-13
4844.12679060998  1.417211E-13
4844.17966301552  1.330567E-13
4844.2325195716  1.339293E-13
4844.28536027929  1.394804E-13
4844.33818513967  1.384070E-13
4844.39099415379  1.405666E-13
4844.44378732274  1.376890E-13
4844.49656464758  1.245017E-13
4844.5493261294  1.096397E-13
4844.60207176928  1.154622E-13
4844.65480156831  1.212289E-13
4844.70751552757  1.363475E-13
4844.76021364817  1.364679E-13
4844.81289593119  1.382312E-13
4844.86556237774  1.389499E-13
4844.91821298893  1.386248E-13
4844.97084776585  1.307385E-13
4845.02346670962  1.273408E-13
4845.07606982134  1.327590E-13
4845.12865710215  1.324501E-13
4845.18122855315  1.345422E-13
4845.23378417547  1.363856E-13
4845.28632397023  1.374887E-13
4845.33884793857  1.434130E-13
4845.39135608161  1.366138E-13
4845.44384840049  1.414819E-13
4845.49632489635  1.239288E-13
4845.54878557033  1.344868E-13
4845.60123042357  1.383923E-13
4845.65365945722  1.405658E-13
4845.70607267243  1.419178E-13
4845.75847007035  1.362860E-13
4845.81085165214  1.362483E-13
4845.86321741896  1.418648E-13
4845.91556737197  1.387647E-13
4845.96790151233  1.384000E-13
4846.02021984122  1.353679E-13
4846.07252235979  1.422584E-13
4846.12480906923  1.399578E-13
4846.17707997071  1.330196E-13
4846.22933506541  1.202382E-13
4846.28157435451  1.192344E-13
4846.3337978392  1.263559E-13
4846.38600552065  1.346294E-13
4846.43819740006  1.501417E-13
4846.49037347863  1.412722E-13
4846.54253375755  1.381442E-13
4846.59467823801  1.401819E-13
4846.64680692121  1.422611E-13
4846.69891980837  1.466124E-13
4846.75101690067  1.382379E-13
4846.80309819934  1.423849E-13
4846.85516370558  1.312572E-13
4846.9072134206  1.417840E-13
4846.95924734562  1.375048E-13
4847.01126548186  1.464238E-13
4847.06326783053  1.417658E-13
4847.11525439286  1.402747E-13
4847.16722517008  1.438076E-13
4847.21918016341  1.380823E-13
4847.27111937408  1.434597E-13
4847.32304280333  1.356127E-13
4847.37495045238  1.376951E-13
4847.42684232248  1.374511E-13
4847.47871841486  1.436346E-13
4847.53057873077  1.424713E-13
4847.58242327145  1.389361E-13
4847.63425203814  1.402198E-13
4847.6860650321  1.425338E-13
4847.73786225457  1.362279E-13
4847.7896437068  1.440209E-13
4847.84140939006  1.355929E-13
4847.8931593056  1.347147E-13
4847.94489345467  1.324388E-13
4847.99661183854  1.381086E-13
4848.04831445847  1.400549E-13
4848.10000131573  1.417236E-13
4848.15167241158  1.426950E-13
4848.20332774729  1.394546E-13
4848.25496732414  1.371875E-13
4848.3065911434  1.378621E-13
4848.35819920634  1.423717E-13
4848.40979151424  1.388424E-13
4848.46136806838  1.389730E-13
4848.51292887004  1.365191E-13
4848.5644739205  1.388439E-13
4848.61600322105  1.346636E-13
4848.66751677298  1.430098E-13
4848.71901457757  1.405127E-13
4848.77049663612  1.334143E-13
4848.82196294991  1.374320E-13
4848.87341352025  1.391580E-13
4848.92484834842  1.408583E-13
4848.97626743573  1.353241E-13
4849.02767078348  1.357076E-13
4849.07905839295  1.391255E-13
4849.13043026547  1.343539E-13
4849.18178640233  1.378401E-13
4849.23312680484  1.406247E-13
4849.28445147431  1.376338E-13
4849.33576041204  1.358155E-13
4849.38705361935  1.392527E-13
4849.43833109756  1.381102E-13
4849.48959284796  1.398198E-13
4849.5408388719  1.357016E-13
4849.59206917066  1.321916E-13
4849.64328374559  1.464499E-13
4849.694482598  1.381581E-13
4849.7456657292  1.402558E-13
4849.79683314053  1.378028E-13
4849.84798483331  1.355321E-13
4849.89912080886  1.417606E-13
4849.95024106852  1.396490E-13
4850.00134561361  1.393223E-13
4850.05243444546  1.380675E-13
4850.10350756541  1.390953E-13
4850.15456497479  1.351915E-13
4850.20560667493  1.352231E-13
4850.25663266717  1.363441E-13
4850.30764295285  1.403615E-13
4850.35863753331  1.394684E-13
4850.40961640988  1.390322E-13
4850.46057958391  1.286390E-13
4850.51152705674  1.204520E-13
4850.56245882971  1.130031E-13
4850.61337490417  1.302264E-13
4850.66427528148  1.393133E-13
4850.71515996296  1.321121E-13
4850.76602894997  1.371967E-13
4850.81688224386  1.356273E-13
4850.86771984598  1.359588E-13
4850.91854175769  1.357113E-13
4850.96934798034  1.370264E-13
4851.02013851527  1.389222E-13
4851.07091336385  1.357626E-13
4851.12167252744  1.343775E-13
4851.17241600738  1.403788E-13
4851.22314380504  1.325631E-13
4851.27385592178  1.391065E-13
4851.32455235896  1.335009E-13
4851.37523311793  1.360952E-13
4851.42589820007  1.362064E-13
4851.47654760673  1.321198E-13
4851.52718133928  1.342400E-13
4851.57779939908  1.345975E-13
4851.6284017875  1.346781E-13
4851.6789885059  1.355471E-13
4851.72955955566  1.413561E-13
4851.78011493814  1.356566E-13
4851.83065465472  1.373052E-13
4851.88117870675  1.318462E-13
4851.93168709562  1.322582E-13
4851.98217982269  1.346843E-13
4852.03265688934  1.373021E-13
4852.08311829693  1.415567E-13
4852.13356404685  1.386137E-13
4852.18399414047  1.389324E-13
4852.23440857917  1.387047E-13
4852.28480736431  1.409272E-13
4852.33519049728  1.389414E-13
4852.38555797945  1.368681E-13
4852.4359098122  1.397296E-13
4852.48624599692  1.405048E-13
4852.53656653497  1.430649E-13
4852.58687142775  1.400894E-13
4852.63716067662  1.381634E-13
4852.68743428298  1.370943E-13
4852.7376922482  1.368816E-13
4852.78793457366  1.373574E-13
4852.83816126075  1.411892E-13
4852.88837231085  1.364037E-13
4852.93856772535  1.344544E-13
4852.98874750562  1.321384E-13
4853.03891165306  1.257593E-13
4853.08906016905  1.229328E-13
4853.13919305497  1.337079E-13
4853.18931031221  1.327181E-13
4853.23941194215  1.373425E-13
4853.28949794619  1.354133E-13
4853.33956832571  1.336074E-13
4853.38962308209  1.325358E-13
4853.43966221673  1.293196E-13
4853.48968573101  1.322140E-13
4853.53969362633  1.335992E-13
4853.58968590406  1.333474E-13
4853.6396625656  1.362592E-13
4853.68962361235  1.267081E-13
4853.73956904568  1.368247E-13
4853.78949886699  1.357304E-13
4853.83941307766  1.366090E-13
4853.8893116791  1.373318E-13
4853.93919467268  1.390068E-13
4853.9890620598  1.354792E-13
4854.03891384185  1.404433E-13
4854.08875002023  1.382989E-13
4854.13857059631  1.373869E-13
4854.1883755715  1.367687E-13
4854.23816494719  1.388885E-13
4854.28793872476  1.434491E-13
4854.33769690562  1.365137E-13
4854.38743949114  1.328094E-13
4854.43716648272  1.431486E-13
4854.48687788175  1.408440E-13
4854.53657368964  1.327717E-13
4854.58625390776  1.352819E-13
4854.63591853751  1.346882E-13
4854.68556758028  1.343419E-13
4854.73520103746  1.396804E-13
4854.78481891045  1.317864E-13
4854.83442120063  1.405283E-13
4854.88400790941  1.337420E-13
4854.93357903816  1.344913E-13
4854.98313458829  1.370937E-13
4855.03267456118  1.359584E-13
4855.08219895823  1.334502E-13
4855.13170778082  1.352330E-13
4855.18120103035  1.431441E-13
4855.23067870821  1.340616E-13
4855.28014081578  1.397030E-13
4855.32958735447  1.331013E-13
4855.37901832565  1.373921E-13
4855.42843373073  1.368455E-13
4855.47783357109  1.352525E-13
4855.52721784812  1.324241E-13
4855.57658656321  1.417312E-13
4855.62593971775  1.342776E-13
4855.67527731312  1.351122E-13
4855.72459935073  1.282749E-13
4855.77390583195  1.370405E-13
4855.82319675818  1.331901E-13
4855.87247213079  1.272608E-13
4855.92173195119  1.292011E-13
4855.97097622076  1.314117E-13
4856.02020494088  1.302858E-13
4856.06941811294  1.315950E-13
4856.11861573832  1.317844E-13
4856.16779781842  1.292289E-13
4856.21696435462  1.299715E-13
4856.2661153483  1.271085E-13
4856.31525080084  1.330458E-13
4856.36437071364  1.345384E-13
4856.41347508807  1.341789E-13
4856.46256392552  1.345620E-13
4856.51163722737  1.289936E-13
4856.56069499501  1.310534E-13
4856.60973722981  1.319508E-13
4856.65876393315  1.351377E-13
4856.70777510642  1.336907E-13
4856.756770751  1.296126E-13
4856.80575086827  1.288218E-13
4856.8547154596  1.241027E-13
4856.90366452637  1.306916E-13
4856.95259806996  1.317280E-13
4857.00151609176  1.314788E-13
4857.05041859312  1.290196E-13
4857.09930557544  1.233001E-13
4857.14817704009  1.263271E-13
4857.19703298844  1.344485E-13
4857.24587342186  1.312590E-13
4857.29469834173  1.343007E-13
4857.34350774943  1.276956E-13
4857.39230164632  1.270095E-13
4857.44108003377  1.293846E-13
4857.48984291316  1.337140E-13
4857.53859028585  1.254966E-13
4857.58732215322  1.312666E-13
4857.63603851663  1.336594E-13
4857.68473937746  1.298103E-13
4857.73342473705  1.290783E-13
4857.7820945968  1.280847E-13
4857.83074895805  1.276999E-13
4857.87938782218  1.283650E-13
4857.92801119055  1.207972E-13
4857.97661906451  1.247758E-13
4858.02521144544  1.265073E-13
4858.07378833469  1.234138E-13
4858.12234973362  1.220917E-13
4858.1708956436  1.178277E-13
4858.21942606598  1.211692E-13
4858.26794100211  1.211943E-13
4858.31644045337  1.290215E-13
4858.36492442109  1.225769E-13
4858.41339290664  1.142545E-13
4858.46184591138  1.177708E-13
4858.51028343664  1.205047E-13
4858.55870548379  1.210101E-13
4858.60711205418  1.240530E-13
4858.65550314916  1.228893E-13
4858.70387877007  1.253275E-13
4858.75223891827  1.183284E-13
4858.80058359509  1.177636E-13
4858.8489128019  1.234844E-13
4858.89722654003  1.186854E-13
4858.94552481082  1.226941E-13
4858.99380761562  1.214804E-13
4859.04207495577  1.191820E-13
4859.09032683262  1.145228E-13
4859.13856324749  1.153974E-13
4859.18678420174  1.166950E-13
4859.23498969669  1.198827E-13
4859.28317973369  1.159395E-13
4859.33135431407  1.135146E-13
4859.37951343916  1.211988E-13
4859.4276571103  1.146686E-13
4859.47578532881  1.187447E-13
4859.52389809604  1.099808E-13
4859.5719954133  1.103852E-13
4859.62007728193  1.152620E-13
4859.66814370325  1.135886E-13
4859.71619467859  1.171107E-13
4859.76423020927  1.128079E-13
4859.81225029663  1.113384E-13
4859.86025494197  1.093952E-13
4859.90824414662  1.155952E-13
4859.9562179119  1.176236E-13
4860.00417623913  1.125248E-13
4860.05211912963  1.152362E-13
4860.1000465847  1.181686E-13
4860.14795860568  1.162823E-13
4860.19585519386  1.212216E-13
4860.24373635056  1.207764E-13
4860.29160207709  1.252923E-13
4860.33945237477  1.217347E-13
4860.38728724489  1.279602E-13
4860.43510668877  1.226924E-13
4860.48291070771  1.287585E-13
4860.53069930301  1.289136E-13
4860.57847247597  1.278517E-13
4860.62623022791  1.325121E-13
4860.67397256011  1.312464E-13
4860.72169947387  1.418596E-13
4860.7694109705  1.363319E-13
4860.81710705128  1.336740E-13
4860.86478771752  1.484790E-13
4860.9124529705  1.474733E-13
4860.96010281151  1.578696E-13
4861.00773724184  1.561505E-13
4861.05535626279  1.587365E-13
4861.10295987563  1.628670E-13
4861.15054808166  1.590134E-13
4861.19812088216  1.620720E-13
4861.2456782784  1.580299E-13
4861.29322027167  1.577308E-13
4861.34074686325  1.595895E-13
4861.38825805441  1.513956E-13
4861.43575384644  1.531465E-13
4861.4832342406  1.349222E-13
4861.53069923817  1.265690E-13
4861.57814884042  1.271070E-13
4861.62558304861  1.283269E-13
4861.67300186403  1.425049E-13
4861.72040528792  1.451366E-13
4861.76779332157  1.514776E-13
4861.81516596622  1.484701E-13
4861.86252322315  1.556373E-13
4861.9098650936  1.500056E-13
4861.95719157885  1.565418E-13
4862.00450268015  1.616434E-13
4862.05179839875  1.613774E-13
4862.0990787359  1.619644E-13
4862.14634369286  1.641185E-13
4862.19359327087  1.699170E-13
4862.24082747119  3.799555E-13
4862.28804629506  1.597044E-13
4862.33524974372  1.609679E-13
4862.38243781843  1.583256E-13
4862.42961052041  1.566335E-13
4862.47676785091  1.554082E-13
4862.52390981117  1.556639E-13
4862.57103640242  1.505546E-13
4862.6181476259  1.559845E-13
4862.66524348283  1.619663E-13
4862.71232397446  1.674656E-13
4862.75938910201  1.765263E-13
4862.8064388667  1.834630E-13
4862.85347326976  1.947214E-13
4862.90049231242  2.026414E-13
4862.94749599589  2.030327E-13
4862.9944843214  1.995183E-13
4863.04145729017  2.029167E-13
4863.0884149034  2.049841E-13
4863.13535716232  2.049467E-13
4863.18228406814  2.080860E-13
4863.22919562206  2.170840E-13
4863.2760918253  2.366927E-13
4863.32297267906  2.593315E-13
4863.36983818455  2.811662E-13
4863.41668834297  3.133274E-13
4863.46352315552  3.391567E-13
4863.5103426234  3.783888E-13
4863.55714674781  4.065019E-13
4863.60393552995  4.376876E-13
4863.650708971  4.520836E-13
4863.69746707216  4.516573E-13
4863.74420983461  4.458893E-13
4863.79093725956  4.245407E-13
4863.83764934817  4.177887E-13
4863.88434610164  4.048442E-13
4863.93102752114  3.836590E-13
4863.97769360786  3.539915E-13
4864.02434436296  3.377339E-13
4864.07097978764  3.209452E-13
4864.11759988306  2.950058E-13
4864.1642046504  2.881072E-13
4864.21079409082  2.742457E-13
4864.25736820548  2.546265E-13
4864.30392699557  2.411597E-13
4864.35047046223  2.284049E-13
4864.39699860664  2.164009E-13
4864.44351142994  2.145403E-13
4864.4900089333  2.064687E-13
4864.53649111787  1.911216E-13
4864.58295798482  1.903597E-13
4864.62940953527  1.811523E-13
4864.67584577039  1.758716E-13
4864.72226669132  1.697293E-13
4864.76867229921  1.622544E-13
4864.8150625952  1.498435E-13
4864.86143758043  1.549826E-13
4864.90779725603  1.514856E-13
4864.95414162315  1.414768E-13
4865.00047068292  1.419417E-13
4865.04678443646  1.357688E-13
4865.09308288492  1.373173E-13
4865.13936602941  1.296995E-13
4865.18563387106  1.282345E-13
4865.231886411  1.257955E-13
4865.27812365035  1.277769E-13
4865.32434559021  1.254215E-13
4865.37055223173  1.291441E-13
4865.41674357599  1.270304E-13
4865.46291962413  1.248526E-13
4865.50908037724  1.277424E-13
4865.55522583644  1.275809E-13
4865.60135600283  1.210351E-13
4865.64747087751  1.210151E-13
4865.69357046159  1.272995E-13
4865.73965475617  1.331603E-13
4865.78572376233  1.221150E-13
4865.83177748118  1.225411E-13
4865.8778159138  1.181467E-13
4865.92383906129  1.215812E-13
4865.96984692474  1.234817E-13
4866.01583950522  1.246541E-13
4866.06181680382  1.230134E-13
4866.10777882163  1.271938E-13
4866.15372555972  1.249492E-13
4866.19965701916  1.235102E-13
4866.24557320103  1.234215E-13
4866.2914741064  1.212929E-13
4866.33735973635  1.262745E-13
4866.38323009193  1.252171E-13
4866.42908517421  1.263071E-13
4866.47492498425  1.208982E-13
4866.52074952312  1.193432E-13
4866.56655879186  1.157750E-13
4866.61235279154  1.166028E-13
4866.6581315232  1.189670E-13
4866.7038949879  1.237974E-13
4866.74964318669  1.220410E-13
4866.7953761206  1.190463E-13
4866.84109379069  1.165813E-13
4866.88679619799  1.141938E-13
4866.93248334354  1.175523E-13
4866.97815522838  1.230955E-13
4867.02381185353  1.196578E-13
4867.06945322004  1.198701E-13
4867.11507932893  1.201413E-13
4867.16069018122  1.212946E-13
4867.20628577794  1.227812E-13
4867.25186612011  1.250729E-13
4867.29743120875  1.222235E-13
4867.34298104487  1.211694E-13
4867.38851562949  1.274314E-13
4867.43403496362  1.227631E-13
4867.47953904826  1.225617E-13
4867.52502788444  1.208058E-13
4867.57050147313  1.227017E-13
4867.61595981537  1.234076E-13
4867.66140291212  1.267258E-13
4867.7068307644  1.253852E-13
4867.75224337321  1.246554E-13
4867.79764073952  1.223621E-13
4867.84302286432  1.245474E-13
4867.88838974862  1.237732E-13
4867.93374139338  1.240757E-13
4867.97907779959  1.226448E-13
4868.02439896824  1.294456E-13
4868.06970490028  1.273225E-13
4868.11499559671  1.282717E-13
4868.16027105848  1.273331E-13
4868.20553128657  1.266503E-13
4868.25077628194  1.198084E-13
4868.29600604557  1.070862E-13
4868.3412205784  1.203920E-13
4868.38641988139  1.327944E-13
4868.43160395551  1.256085E-13
4868.4767728017  1.295068E-13
4868.52192642092  1.272402E-13
4868.56706481412  1.294402E-13
4868.61218798223  1.276194E-13
4868.6572959262  1.317502E-13
4868.70238864697  1.309616E-13
4868.74746614549  1.313128E-13
4868.79252842267  1.265530E-13
4868.83757547946  1.289411E-13
4868.88260731679  1.219941E-13
4868.92762393558  1.219007E-13
4868.97262533676  1.296033E-13
4869.01761152124  1.277234E-13
4869.06258248995  1.271889E-13
4869.10753824381  1.311547E-13
4869.15247878373  1.269134E-13
4869.19740411061  1.272448E-13
4869.24231422537  1.243788E-13
4869.28720912892  1.302858E-13
4869.33208882214  1.292240E-13
4869.37695330596  1.250726E-13
4869.42180258126  1.217598E-13
4869.46663664894  1.236030E-13
4869.51145550989  1.219325E-13
4869.556259165  1.147524E-13
4869.60104761517  1.296027E-13
4869.64582086126  1.289126E-13
4869.69057890417  1.316768E-13
4869.73532174477  1.293429E-13
4869.78004938394  1.355320E-13
4869.82476182255  1.314870E-13
4869.86945906148  1.357310E-13
4869.91414110158  1.247880E-13
4869.95880794374  1.237607E-13
4870.0034595888  1.248981E-13
4870.04809603763  1.262984E-13
4870.09271729109  1.334771E-13
4870.13732335003  1.273057E-13
4870.1819142153  1.225648E-13
4870.22648988775  1.237231E-13
4870.27105036822  1.297206E-13
4870.31559565757  1.214219E-13
4870.36012575663  1.221940E-13
4870.40464066623  1.267031E-13
4870.44914038721  1.273035E-13
4870.49362492042  1.208110E-13
4870.53809426666  1.235251E-13
4870.58254842678  1.227206E-13
4870.62698740159  1.224232E-13
4870.67141119192  1.206960E-13
4870.71581979859  1.262598E-13
4870.7602132224  1.264103E-13
4870.80459146417  1.288836E-13
4870.84895452472  1.230804E-13
4870.89330240485  1.305518E-13
4870.93763510535  1.237334E-13
4870.98195262705  1.268455E-13
4871.02625497072  1.241474E-13
4871.07054213718  1.194213E-13
4871.11481412721  1.237822E-13
4871.1590709416  1.211920E-13
4871.20331258114  1.248135E-13
4871.24753904661  1.255491E-13
4871.2917503388  1.247003E-13
4871.33594645848  1.229583E-13
4871.38012740643  1.240463E-13
4871.42429318343  1.271725E-13
4871.46844379024  1.313655E-13
4871.51257922762  1.243250E-13
4871.55669949636  1.280422E-13
4871.6008045972  1.343767E-13
4871.6448945309  1.266246E-13
4871.68896929823  1.304372E-13
4871.73302889993  1.297050E-13
4871.77707333675  1.260300E-13
4871.82110260945  1.318625E-13
4871.86511671876  1.310657E-13
4871.90911566542  1.281945E-13
4871.95309945019  1.238953E-13
4871.99706807378  1.260103E-13
4872.04102153694  1.270525E-13
4872.08495984039  1.295416E-13
4872.12888298487  1.283833E-13
4872.17279097108  1.252872E-13
4872.21668379977  1.246868E-13
4872.26056147164  1.198701E-13
4872.30442398741  1.270021E-13
4872.34827134779  1.385436E-13
4872.39210355349  1.270002E-13
4872.43592060522  1.291422E-13
4872.47972250368  1.301490E-13
4872.52350924958  1.279899E-13
4872.5672808436  1.298349E-13
4872.61103728645  1.256376E-13
4872.65477857882  1.229647E-13
4872.69850472139  1.229257E-13
4872.74221571486  1.282929E-13
4872.7859115599  1.205661E-13
4872.8295922572  1.227347E-13
4872.87325780742  1.196669E-13
4872.91690821126  1.180384E-13
4872.96054346937  1.279369E-13
4873.00416358243  1.261720E-13
4873.04776855111  1.216116E-13
4873.09135837605  1.314535E-13
4873.13493305793  1.243968E-13
4873.1784925974  1.289379E-13
4873.22203699512  1.319932E-13
4873.26556625172  1.205036E-13
4873.30908036787  1.262324E-13
4873.35257934421  1.287200E-13
4873.39606318137  1.287211E-13
4873.43953188  1.298274E-13
4873.48298544074  1.194915E-13
4873.5264238642  1.069848E-13
4873.56984715104  1.233574E-13
4873.61325530186  1.251639E-13
4873.6566483173  1.282342E-13
4873.70002619797  1.294905E-13
4873.7433889445  1.278277E-13
4873.78673655749  1.273252E-13
4873.83006903757  1.291199E-13
4873.87338638533  1.218636E-13
4873.91668860139  1.337787E-13
4873.95997568634  1.284934E-13
4874.00324764079  1.273218E-13
4874.04650446533  1.185458E-13
4874.08974616056  1.193895E-13
4874.13297272707  1.191212E-13
4874.17618416544  1.149795E-13
4874.21938047626  1.220688E-13
4874.26256166011  1.198129E-13
4874.30572771757  1.246047E-13
4874.34887864921  1.297170E-13
4874.39201445561  1.327099E-13
4874.43513513734  1.239851E-13
4874.47824069496  1.295929E-13
4874.52133112904  1.281010E-13
4874.56440644013  1.201246E-13
4874.6074666288  1.229578E-13
4874.65051169559  1.317194E-13
4874.69354164107  1.263741E-13
4874.73655646577  1.315588E-13
4874.77955617025  1.349962E-13
4874.82254075504  1.252257E-13
4874.86551022068  1.249410E-13
4874.90846456771  1.237187E-13
4874.95140379666  1.267722E-13
4874.99432790807  1.225547E-13
4875.03723690246  1.306142E-13
4875.08013078035  1.225687E-13
4875.12300954226  1.303817E-13
4875.16587318871  1.261778E-13
4875.20872172022  1.243946E-13
4875.25155513729  1.258649E-13
4875.29437344044  1.336340E-13
4875.33717663017  1.298222E-13
4875.37996470699  1.313446E-13
4875.42273767138  1.320863E-13
4875.46549552385  1.240058E-13
4875.5082382649  1.329760E-13
4875.550965895  1.275981E-13
4875.59367841465  1.268069E-13
4875.63637582434  1.283344E-13
4875.67905812454  1.248029E-13
4875.72172531573  1.283664E-13
4875.76437739838  1.332922E-13
4875.80701437297  1.262816E-13
4875.84963623996  1.323939E-13
4875.89224299982  1.189471E-13
4875.93483465302  1.353398E-13
4875.9774112  1.306720E-13
4876.01997264123  1.188305E-13
4876.06251897717  1.259440E-13
4876.10505020825  1.239984E-13
4876.14756633493  1.255736E-13
4876.19006735765  1.297070E-13
4876.23255327685  1.228059E-13
4876.27502409296  1.252270E-13
4876.31747980643  1.155481E-13
4876.35992041769  1.084290E-13
4876.40234592716  1.112960E-13
4876.44475633526  1.163859E-13
4876.48715164242  1.298412E-13
4876.52953184906  1.351016E-13
4876.57189695559  1.316218E-13
4876.61424696243  1.300812E-13
4876.65658186998  1.317937E-13
4876.69890167866  1.323729E-13
4876.74120638886  1.365908E-13
4876.78349600098  1.344389E-13
4876.82577051543  1.251720E-13
4876.8680299326  1.328598E-13
4876.91027425287  1.305375E-13
4876.95250347664  1.304671E-13
4876.99471760428  1.273757E-13
4877.03691663618  1.338928E-13
4877.07910057273  1.339887E-13
4877.12126941429  1.296205E-13
4877.16342316124  1.295659E-13
4877.20556181394  1.323401E-13
4877.24768537276  1.334984E-13
4877.28979383807  1.249605E-13
4877.33188721022  1.318596E-13
4877.37396548957  1.352524E-13
4877.41602867647  1.342670E-13
4877.45807677128  1.279317E-13
4877.50010977434  1.257332E-13
4877.54212768599  1.315742E-13
4877.58413050658  1.266064E-13
4877.62611823645  1.242478E-13
4877.66809087592  1.343279E-13
4877.71004842532  1.363196E-13
4877.751990885  1.224160E-13
4877.79391825527  1.299975E-13
4877.83583053646  1.283290E-13
4877.87772772888  1.329687E-13
4877.91960983285  1.321110E-13
4877.96147684868  1.323991E-13
4878.00332877668  1.340647E-13
4878.04516561716  1.319509E-13
4878.08698737043  1.342267E-13
4878.12879403677  1.350483E-13
4878.1705856165  1.340840E-13
4878.21236210989  1.321778E-13
4878.25412351725  1.301533E-13
4878.29586983886  1.260038E-13
4878.33760107501  1.307214E-13
4878.37931722597  1.354205E-13
4878.42101829203  1.289864E-13
4878.46270427345  1.324374E-13
4878.50437517052  1.319428E-13
4878.5460309835  1.348350E-13
4878.58767171265  1.295846E-13
4878.62929735824  1.378691E-13
4878.67090792054  1.365945E-13
4878.71250339978  1.265673E-13
4878.75408379623  1.292041E-13
4878.79564911014  1.371979E-13
4878.83719934175  1.314096E-13
4878.87873449131  1.338601E-13
4878.92025455906  1.341910E-13
4878.96175954523  1.302803E-13
4879.00324945006  1.350917E-13
4879.04472427378  1.282004E-13
4879.08618401662  1.305334E-13
4879.1276286788  1.318016E-13
4879.16905826054  1.355911E-13
4879.21047276207  1.301303E-13
4879.2518721836  1.371108E-13
4879.29325652533  1.341889E-13
4879.33462578749  1.287217E-13
4879.37597997027  1.266766E-13
4879.41731907388  1.249529E-13
4879.45864309851  1.346392E-13
4879.49995204438  1.299717E-13
4879.54124591165  1.316492E-13
4879.58252470054  1.329882E-13
4879.62378841122  1.342236E-13
4879.66503704387  1.382180E-13
4879.70627059869  1.331273E-13
4879.74748907584  1.353398E-13
4879.7886924755  1.460905E-13
4879.82988079785  1.451853E-13
4879.87105404304  1.379971E-13
4879.91221221126  1.329751E-13
4879.95335530264  1.264331E-13
4879.99448331737  1.301609E-13
4880.03559625558  1.247310E-13
4880.07669411744  1.231755E-13
4880.11777690309  1.212978E-13
4880.15884461268  1.276140E-13
4880.19989724635  1.332452E-13
4880.24093480425  1.404992E-13
4880.2819572865  1.501578E-13
4880.32296469325  1.633154E-13
4880.36395702462  1.770762E-13
4880.40493428074  1.845518E-13
4880.44589646173  2.623296E-13
4880.48684356772  3.372184E-13
4880.52777559882  1.709220E-13
4880.56869255515  1.601843E-13
4880.60959443681  1.525292E-13
4880.65048124393  1.461653E-13
4880.6913529766  1.432611E-13
4880.73220963492  1.419330E-13
4880.773051219  1.427130E-13
4880.81387772892  1.316391E-13
4880.85468916479  1.347264E-13
4880.8954855267  1.339947E-13
4880.93626681472  1.358034E-13
4880.97703302894  1.391003E-13
4881.01778416944  1.264885E-13
4881.0585202363  1.369677E-13
4881.0992412296  1.245844E-13
4881.1399471494  1.301896E-13
4881.18063799577  1.398445E-13
4881.22131376878  1.366878E-13
4881.26197446848  1.309343E-13
4881.30262009494  1.329306E-13
4881.34325064821  1.379712E-13
4881.38386612835  1.377324E-13
4881.42446653539  1.289724E-13
4881.46505186939  1.326646E-13
4881.50562213039  1.380281E-13
4881.54617731844  1.257463E-13
4881.58671743355  1.379908E-13
4881.62724247578  1.343860E-13
4881.66775244514  1.313078E-13
4881.70824734167  1.412433E-13
4881.74872716539  1.374285E-13
4881.78919191632  1.306314E-13
4881.82964159447  1.284124E-13
4881.87007619987  1.236466E-13
4881.91049573252  1.299672E-13
4881.95090019243  1.369959E-13
4881.99128957961  1.388306E-13
4882.03166389406  1.340057E-13
4882.07202313577  1.281765E-13
4882.11236730475  1.383909E-13
4882.15269640098  1.274769E-13
4882.19301042446  1.342577E-13
4882.23330937517  1.338765E-13
4882.27359325309  1.252265E-13
4882.31386205821  1.357438E-13
4882.3541157905  1.307753E-13
4882.39435444994  1.287377E-13
4882.43457803649  1.295458E-13
4882.47478655012  1.413222E-13
4882.5149799908  1.295782E-13
4882.5551583585  1.326376E-13
4882.59532165316  1.306855E-13
4882.63546987474  1.096886E-13
4882.6756030232  1.288057E-13
4882.71572109848  1.296102E-13
4882.75582410054  1.344517E-13
4882.7959120293  1.237480E-13
4882.83598488472  1.289595E-13
4882.87604266673  1.212596E-13
4882.91608537526  1.313590E-13
4882.95611301024  1.185562E-13
4882.9961255716  1.259238E-13
4883.03612305927  1.214223E-13
4883.07610547316  1.371318E-13
4883.1160728132  1.284191E-13
4883.15602507929  1.359842E-13
4883.19596227136  1.342205E-13
4883.2358843893  1.393544E-13
4883.27579143302  1.372422E-13
4883.31568340244  1.364753E-13
4883.35556029743  1.397775E-13
4883.39542211791  1.359210E-13
4883.43526886377  1.372321E-13
4883.47510053489  1.450834E-13
4883.51491713116  1.466315E-13
4883.55471865247  1.369744E-13
4883.5945050987  1.378823E-13
4883.63427646972  1.442028E-13
4883.67403276541  1.253127E-13
4883.71377398564  1.395059E-13
4883.75350013028  1.474486E-13
4883.7932111992  1.431188E-13
4883.83290719225  1.414237E-13
4883.87258810931  1.384268E-13
4883.91225395021  1.417790E-13
4883.95190471482  1.412925E-13
4883.99154040298  1.257734E-13
4884.03116101455  1.284675E-13
4884.07076654937  1.323357E-13
4884.11035700727  1.298325E-13
4884.1499323881  1.299783E-13
4884.18949269169  1.265578E-13
4884.22903791787  1.333627E-13
4884.26856806647  1.250808E-13
4884.30808313732  1.406130E-13
4884.34758313023  1.323677E-13
4884.38706804504  1.290515E-13
4884.42653788155  1.317328E-13
4884.46599263957  1.359617E-13
4884.50543231892  1.359832E-13
4884.54485691941  1.337888E-13
4884.58426644084  1.371233E-13
4884.623660883  1.363022E-13
4884.66304024571  1.452391E-13
4884.70240452874  1.439902E-13
4884.7417537319  1.358755E-13
4884.78108785498  1.284888E-13
4884.82040689775  1.229360E-13
4884.85971086001  1.397741E-13
4884.89899974152  1.277680E-13
4884.93827354208  1.375515E-13
4884.97753226145  1.330224E-13
4885.0167758994  1.216653E-13
4885.0560044557  1.308785E-13
4885.09521793011  1.333422E-13
4885.13441632241  1.360572E-13
4885.17359963233  1.320966E-13
4885.21276785965  1.430000E-13
4885.2519210041  1.325145E-13
4885.29105906545  1.334860E-13
4885.33018204344  1.259025E-13
4885.36928993781  1.300098E-13
4885.4083827483  1.391381E-13
4885.44746047465  1.291908E-13
4885.48652311659  1.361266E-13
4885.52557067385  1.334190E-13
4885.56460314617  1.401521E-13
4885.60362053327  1.426587E-13
4885.64262283487  1.555902E-13
4885.68161005068  1.416809E-13
4885.72058218043  1.449965E-13
4885.75953922383  1.353689E-13
4885.79848118058  1.295180E-13
4885.83740805041  1.335020E-13
4885.876319833  1.490179E-13
4885.91521652806  1.498642E-13
4885.95409813529  1.296131E-13
4885.99296465439  1.319902E-13
4886.03181608504  1.372838E-13
4886.07065242693  1.232727E-13
4886.10947367976  1.440352E-13
4886.1482798432  1.287528E-13
4886.18707091693  1.452806E-13
4886.22584690064  1.310711E-13
4886.26460779399  1.325051E-13
4886.30335359666  1.333316E-13
4886.34208430831  1.531468E-13
4886.38079992861  1.294006E-13
4886.41950045723  1.419841E-13
4886.45818589382  1.354381E-13
4886.49685623803  1.408815E-13
4886.53551148953  1.499530E-13
4886.57415164795  1.411430E-13
4886.61277671296  1.353065E-13
4886.65138668419  1.289675E-13
4886.68998156128  1.444652E-13
4886.72856134388  1.397397E-13
4886.76712603161  1.492220E-13
4886.80567562412  1.325178E-13
4886.84421012102  1.464872E-13
4886.88272952195  1.324136E-13
4886.92123382653  1.445429E-13
4886.95972303438  1.251122E-13
4886.99819714512  1.413232E-13
4887.03665615837  1.227651E-13
4887.07510007372  1.372974E-13
4887.11352889081  1.332949E-13
4887.15194260922  1.297254E-13
4887.19034122857  1.340306E-13
4887.22872474844  1.447518E-13
4887.26709316845  1.295723E-13
4887.30544648818  1.419282E-13
4887.34378470722  1.298086E-13
4887.38210782517  1.391889E-13
4887.42041584161  1.354313E-13
4887.45870875612  1.390313E-13
4887.49698656828  1.358472E-13
4887.53524927766  1.383107E-13
4887.57349688384  1.270219E-13
4887.61172938639  1.354555E-13
4887.64994678489  1.409254E-13
4887.68814907889  1.458225E-13
4887.72633626795  1.417615E-13
4887.76450835163  1.406385E-13
4887.8026653295  1.376112E-13
4887.8408072011  1.226726E-13
4887.87893396598  1.557907E-13
4887.91704562369  1.451214E-13
4887.95514217378  1.317725E-13
4887.99322361578  1.467088E-13
4888.03128994924  1.443631E-13
4888.06934117369  1.364568E-13
4888.10737728866  1.396423E-13
4888.14539829369  1.333724E-13
4888.1834041883  1.453300E-13
4888.22139497201  1.458206E-13
4888.25937064434  1.491091E-13
4888.29733120482  1.507093E-13
4888.33527665296  1.289642E-13
4888.37320698827  1.500330E-13
4888.41112221026  1.431480E-13
4888.44902231844  1.403400E-13
4888.48690731231  1.314718E-13
4888.52477719138  1.244297E-13
4888.56263195513  1.453243E-13
4888.60047160307  1.323846E-13
4888.63829613469  1.401748E-13
4888.67610554948  1.318674E-13
4888.71389984692  1.360561E-13
4888.75167902649  1.433526E-13
4888.78944308769  1.309128E-13
4888.82719202999  1.247346E-13
4888.86492585285  1.338068E-13
4888.90264455577  1.387240E-13
4888.94034813819  1.411333E-13
4888.9780365996  1.562122E-13
4889.01570993945  1.534497E-13
4889.0533681572  1.839040E-13
4889.09101125232  1.618906E-13
4889.12863922425  1.155486E-12
4889.16625207246  1.780813E-12
4889.20384979639  1.505331E-13
4889.24143239548  1.737709E-13
4889.27899986918  1.878290E-13
4889.31655221694  1.763958E-13
4889.35408943818  1.505061E-13
4889.39161153235  1.253494E-13
4889.42911849887  1.240220E-13
4889.46661033719  1.169772E-13
4889.50408704671  1.182281E-13
4889.54154862688  1.228881E-13
4889.5789950771  1.246755E-13
4889.6164263968  1.398353E-13
4889.65384258539  1.302992E-13
4889.69124364229  1.451395E-13
4889.7286295669  1.440751E-13
4889.76600035863  1.420756E-13
4889.80335601689  1.523983E-13
4889.84069654108  1.389799E-13
4889.8780219306  1.271844E-13
4889.91533218484  1.266972E-13
4889.95262730319  1.077643E-13
4889.98990728505  1.007743E-13
4890.0271721298  1.173597E-13
4890.06442183683  1.343739E-13
4890.10165640552  1.426141E-13
4890.13887583525  1.329844E-13
4890.17608012539  1.434118E-13
4890.21326927532  1.345921E-13
4890.25044328441  1.421695E-13
4890.28760215203  1.268175E-13
4890.32474587754  1.334297E-13
4890.36187446031  1.333564E-13
4890.39898789969  1.324626E-13
4890.43608619504  1.418347E-13
4890.47316934572  1.275907E-13
4890.51023735107  1.405820E-13
4890.54729021045  1.344188E-13
4890.5843279232  1.520102E-13
4890.62135048866  1.648272E-13
4890.65835790618  1.340180E-13
4890.69535017508  1.475673E-13
4890.73232729472  1.524472E-13
4890.76928926441  1.410436E-13
4890.80623608349  1.273899E-13
4890.84316775128  1.494203E-13
4890.88008426711  1.457442E-13
4890.9169856303  1.421738E-13
4890.95387184017  1.452057E-13
4890.99074289603  1.288650E-13
4891.02759879719  1.335240E-13
4891.06443954297  1.144218E-13
4891.10126513267  1.483179E-13
4891.1380755656  1.460057E-13
4891.17487084105  1.419007E-13
4891.21165095834  1.314805E-13
4891.24841591674  1.334841E-13
4891.28516571557  1.410258E-13
4891.3219003541  1.193697E-13
4891.35861983163  1.256970E-13
4891.39532414745  1.341169E-13
4891.43201330083  1.387016E-13
4891.46868729105  1.412981E-13
4891.5053461174  1.415061E-13
4891.54198977914  1.516683E-13
4891.57861827555  1.194764E-13
4891.6152316059  1.240234E-13
4891.65182976946  1.468239E-13
4891.68841276548  1.209258E-13
4891.72498059324  1.343323E-13
4891.76153325198  1.285897E-13
4891.79807074096  1.365960E-13
4891.83459305945  1.391838E-13
4891.87110020668  1.536784E-13
4891.9075921819  1.805757E-13
4891.94406898437  1.904935E-13
4891.98053061332  1.542292E-13
4892.01697706799  1.913305E-12
4892.05340834762  1.508336E-13
4892.08982445144  1.459115E-13
4892.12622537869  1.798629E-13
4892.16261112859  1.812196E-13
4892.19898170037  1.536217E-13
4892.23533709326  1.318475E-13
4892.27167730647  1.183038E-13
4892.30800233922  1.064261E-13
4892.34431219073  1.131035E-13
4892.38060686021  1.111615E-13
4892.41688634688  1.236522E-13
4892.45315064994  1.254869E-13
4892.48939976859  1.449941E-13
4892.52563370203  1.485923E-13
4892.56185244948  1.195094E-13
4892.59805601011  1.386250E-13
4892.63424438314  1.475718E-13
4892.67041756775  1.300866E-13
4892.70657556312  1.291402E-13
4892.74271836845  1.260683E-13
4892.77884598292  1.446725E-13
4892.81495840571  1.401990E-13
4892.851055636  1.579146E-13
4892.88713767297  1.756290E-13
4892.92320451579  1.694933E-13
4892.95925616362  1.785063E-13
4892.99529261565  1.846677E-13
4893.03131387102  1.694056E-13
4893.06731992892  4.194068E-13
4893.10331078849  2.064909E-13
4893.13928644889  1.474512E-13
4893.17524690928  1.667614E-13
4893.21119216882  1.768158E-13
4893.24712222665  1.425306E-13
4893.28303708191  1.569448E-13
4893.31893673376  1.536133E-13
4893.35482118134  1.383713E-13
4893.39069042378  1.293963E-13
4893.42654446022  1.273902E-13
4893.46238328981  1.312739E-13
4893.49820691165  1.502196E-13
4893.5340153249  1.340365E-13
4893.56980852867  1.452896E-13
4893.60558652209  1.418663E-13
4893.64134930427  1.497648E-13
4893.67709687435  1.407340E-13
4893.71282923143  1.569414E-13
4893.74854637463  1.306662E-13
4893.78424830306  1.092738E-13
4893.81993501582  1.366351E-13
4893.85560651203  1.248335E-13
4893.89126279078  1.220816E-13
4893.92690385119  1.187140E-13
4893.96252969233  1.373679E-13
4893.99814031332  1.173822E-13
4894.03373571325  1.179236E-13
4894.0693158912  1.173676E-13
4894.10488084627  1.108677E-13
4894.14043057753  1.185243E-13
4894.17596508408  1.438641E-13
4894.21148436498  1.426954E-13
4894.24698841933  1.416228E-13
4894.2824772462  1.296529E-13
4894.31795084465  1.354339E-13
4894.35340921376  1.299264E-13
4894.3888523526  1.426498E-13
4894.42428026023  1.359761E-13
4894.45969293571  1.524069E-13
4894.49509037811  1.282491E-13
4894.53047258648  1.460814E-13
4894.56583955988  1.340324E-13
4894.60119129736  1.403406E-13
4894.63652779796  1.267370E-13
4894.67184906075  1.477143E-13
4894.70715508476  1.295401E-13
4894.74244586903  1.399986E-13
4894.7777214126  1.529986E-13
4894.81298171452  1.233198E-13
4894.84822677382  1.322629E-13
4894.88345658952  1.146046E-13
4894.91867116067  1.195485E-13
4894.95387048628  1.361071E-13
4894.98905456539  1.166321E-13
4895.02422339701  1.592156E-13
4895.05937698016  1.287460E-13
4895.09451531387  1.634769E-13
4895.12963839714  1.559313E-13
4895.164746229  1.315581E-13
4895.19983880844  1.405544E-13
4895.23491613448  1.470346E-13
4895.26997820612  1.592080E-13
4895.30502502237  1.918289E-13
4895.34005658222  1.298997E-13
4895.37507288468  1.441596E-13
4895.41007392874  1.306568E-13
4895.44505971338  1.398150E-13
4895.48003023761  1.260656E-13
4895.5149855004  1.211332E-13
4895.54992550075  1.358523E-13
4895.58485023763  1.400419E-13
4895.61975971004  7.373305E-14
4895.65465391693  1.796972E-13
4895.6895328573  1.655240E-13
4895.72439653011  1.468754E-13
4895.75924493434  1.705040E-13
4895.79407806894  1.684994E-13
4895.8288959329  1.548307E-13
4895.86369852517  1.813282E-13
4895.89848584471  1.312510E-13
4895.93325789047  1.263551E-13
4895.96801466143  1.427805E-13
4896.00275615653  1.509910E-13
4896.03748237471  1.637920E-13
4896.07219331494  1.412698E-13
4896.10688897615  1.389870E-13
4896.14156935729  1.233584E-13
4896.1762344573  1.576641E-13
4896.21088427512  1.751393E-13
4896.24551880968  1.226792E-13
4896.28013805993  1.649212E-13
4896.31474202479  1.530398E-13
4896.34933070318  1.532588E-13
4896.38390409405  1.357728E-13
4896.4184621963  1.329968E-13
4896.45300500887  1.282906E-13
4896.48753253068  1.333966E-13
4896.52204476063  1.284642E-13
4896.55654169765  1.216022E-13
4896.59102334065  1.367441E-13
4896.62548968853  1.216043E-13
4896.65994074021  1.300471E-13
4896.69437649458  1.641743E-13
4896.72879695057  1.411191E-13
4896.76320210705  1.705472E-13
4896.79759196294  1.371860E-13
4896.83196651712  1.556741E-13
4896.86632576849  1.431154E-13
4896.90066971595  1.571802E-13
4896.93499835837  1.627701E-13
4896.96931169464  1.279165E-13
4897.00360972366  1.243549E-13
4897.03789244429  1.201630E-13
4897.07215985542  1.437575E-13
4897.10641195593  1.354620E-13
4897.14064874469  1.616753E-13
4897.17487022056  1.390769E-13
4897.20907638243  1.708362E-13
4897.24326722916  1.509976E-13
4897.27744275961  1.489969E-13
4897.31160297264  1.303668E-13
4897.34574786712  1.435034E-13
4897.37987744189  1.262298E-13
4897.41399169583  1.568560E-13
4897.44809062777  1.339872E-13
4897.48217423658  1.423760E-13
4897.51624252109  1.605656E-13
4897.55029548016  9.667239E-14
4897.58433311262  1.720424E-13
4897.61835541732  1.343637E-13
4897.6523623931  1.528385E-13
4897.6863540388  1.457616E-13
4897.72033035324  1.740865E-13
4897.75429133526  1.661362E-13
4897.78823698369  1.434257E-13
4897.82216729736  1.667234E-13
4897.85608227508  1.557247E-13
4897.88998191569  1.250605E-13
4897.923866218  1.428228E-13
4897.95773518084  1.816901E-13
4897.991588803  1.457808E-13
4898.02542708332  1.415058E-13
4898.0592500206  1.557682E-13
4898.09305761365  1.313151E-13
4898.12684986126  1.482540E-13
4898.16062676226  1.344462E-13
4898.19438831543  1.384925E-13
4898.22813451959  1.320341E-13
4898.26186537352  1.394477E-13
4898.29558087602  1.618118E-13
4898.32928102588  1.531416E-13
4898.36296582189  1.247737E-13
4898.39663526284  1.162079E-13
4898.43028934751  1.719929E-13
4898.46392807469  1.403281E-13
4898.49755144316  1.159327E-13
4898.5311594517  1.341102E-13
4898.56475209907  1.498492E-13
4898.59832938407  1.376640E-13
4898.63189130545  1.133070E-13
4898.66543786198  1.241731E-13
4898.69896905244  1.245782E-13
4898.73248487559  1.446856E-13
4898.76598533018  1.197342E-13
4898.79947041499  1.679425E-13
4898.83294012876  1.677827E-13
4898.86639447026  1.409583E-13
4898.89983343823  1.354761E-13
4898.93325703143  1.068179E-13
4898.9666652486  1.425751E-13
4899.00005808849  1.436078E-13
4899.03343554986  1.610737E-13
4899.06679763142  1.332470E-13
4899.10014433193  1.441275E-13
4899.13347565013  1.176603E-13
4899.16679158474  1.193581E-13
4899.20009213451  1.312812E-13
4899.23337729815  1.404705E-13
4899.26664707441  1.508129E-13
4899.299901462  1.264080E-13
4899.33314045964  1.048800E-13
4899.36636406607  1.731732E-13
4899.39957228  1.443447E-13
4899.43276510014  1.064855E-13
4899.46594252521  1.193178E-13
4899.49910455392  1.332589E-13
4899.53225118498  1.432428E-13
4899.5653824171  1.255190E-13
4899.59849824899  9.485295E-14
4899.63159867934  1.396028E-13
4899.66468370687  1.354965E-13
4899.69775333026  1.566738E-13
4899.73080754821  1.092258E-13
4899.76384635942  1.222899E-13
4899.79686976258  1.157023E-13
4899.82987775638  1.352285E-13
4899.86287033951  1.238818E-13
4899.89584751064  1.547335E-13
4899.92880926848  1.286526E-13
4899.96175561169  1.350913E-13
4899.99468653895  1.522032E-13
4900.02760204894  1.077210E-13
4900.06050214033  1.391952E-13
4900.09338681181  1.387931E-13
4900.12625606202  1.143014E-13
4900.15910988965  1.282518E-13
4900.19194829335  1.336792E-13
4900.2247712718  1.217969E-13
4900.25757882364  1.139377E-13
4900.29037094755  1.022671E-13
4900.32314764216  1.572248E-13
4900.35590890615  1.326943E-13
4900.38865473816  1.310061E-13
4900.42138513684  1.317654E-13
4900.45410010083  1.438855E-13
4900.48679962878  1.332418E-13
4900.51948371934  1.144520E-13
4900.55215237115  1.270598E-13
4900.58480558283  1.303916E-13
4900.61744335304  1.541902E-13
4900.6500656804  1.488649E-13
4900.68267256354  1.431210E-13
4900.7152640011  1.147947E-13
4900.7478399917  1.322860E-13
4900.78040053397  1.236594E-13
4900.81294562652  8.505264E-14
4900.84547526798  1.140221E-13
4900.87798945697  9.962549E-14
