4659.65151275006  1.989888E-13
4659.71284873238  2.111327E-13
4659.77417113934  2.521866E-13
4659.83547996163  1.076371E-13
4659.89677518998  1.976171E-13
4659.95805681514  2.822584E-13
4660.01932482789  4.456122E-13
4660.08057921904  2.171858E-13
4660.14181997943  3.820383E-14
4660.20304709994  1.687151E-13
4660.26426057147  2.481303E-13
4660.32546038494  1.869529E-13
4660.38664653133  3.293119E-13
4660.44781900163  3.384178E-13
4660.50897778684  4.402732E-13
4660.57012287804  2.057674E-13
4660.6312542663  1.721728E-13
4660.69237194273  5.811591E-13
4660.75347589847  1.645493E-13
4660.8145661247  2.052627E-13
4660.87564261261  5.241659E-13
4660.93670535343  3.708921E-13
4660.99775433842  2.071838E-13
4661.05878955887  2.412651E-13
4661.11981100609  3.158796E-13
4661.18081867144  5.576725E-14
4661.24181254628  2.577230E-13
4661.30279262203  4.813654E-13
4661.36375889012  2.487926E-13
4661.42471134201  3.073468E-13
4661.48564996918  1.607697E-13
4661.54657476318  2.349517E-13
4661.60748571553  3.329046E-13
4661.66838281782  3.164476E-13
4661.72926606167  1.498451E-13
4661.7901354387  2.072421E-13
4661.85099094057  3.796972E-13
4661.91183255899  4.694875E-13
4661.97266028566  3.329152E-13
4662.03347411235  3.203038E-13
4662.09427403083  3.445986E-13
4662.15506003291  9.237852E-14
4662.21583211042  4.634584E-13
4662.27659025522  3.078242E-13
4662.33733445921  2.098018E-13
4662.3980647143  2.772374E-13
4662.45878101245  1.904757E-13
4662.51948334563  4.243785E-13
4662.58017170583  2.038411E-13
4662.6408460851  2.486009E-13
4662.70150647549  4.143075E-13
4662.76215286909  2.695937E-13
4662.82278525801  2.336528E-13
4662.8834036344  2.878992E-13
4662.94400799042  2.287551E-13
4663.00459831828  1.701210E-13
4663.06517461019  2.553376E-13
4663.12573685841  1.250437E-13
4663.18628505522  2.920215E-13
4663.24681919293  4.849428E-13
4663.30733926387  2.343106E-13
4663.3678452604  1.549327E-13
4663.42833717491  3.280723E-13
4663.48881499983  3.106506E-13
4663.54927872758  1.322414E-13
4663.60972835064  2.385683E-13
4663.6701638615  2.358529E-13
4663.7305852527  3.149254E-13
4663.79099251679  7.399079E-14
4663.85138564633  2.403064E-13
4663.91176463393  1.722413E-13
4663.97212947223  1.637043E-13
4664.03248015389  2.311500E-13
4664.09281667158  1.977546E-13
4664.15313901802  2.091343E-13
4664.21344718594  1.261174E-13
4664.27374116811  2.256082E-13
4664.33402095732  2.523078E-13
4664.39428654639  1.592889E-13
4664.45453792816  1.493282E-13
4664.51477509549  1.658914E-13
4664.57499804128  2.709033E-13
4664.63520675845  2.570093E-13
4664.69540123996  2.084126E-13
4664.75558147877  2.737154E-13
4664.81574746788  2.993123E-13
4664.87589920033  2.909136E-13
4664.93603666915  2.850382E-13
4664.99615986742  2.147840E-13
4665.05626878825  1.159373E-13
4665.11636342477  1.519262E-13
4665.17644377013  1.057405E-13
4665.23650981751  1.054720E-13
4665.29656156012  1.541922E-13
4665.35659899118  1.602594E-13
4665.41662210395  1.893774E-13
4665.47663089171  1.457970E-13
4665.53662534777  1.060839E-13
4665.59660546546  2.196955E-13
4665.65657123814  3.264680E-13
4665.71652265919  2.551067E-13
4665.77645972202  3.205813E-13
4665.83638242005  1.314849E-13
4665.89629074676  1.501769E-13
4665.95618469561  1.964293E-13
4666.01606426012  1.930525E-13
4666.07592943381  2.326682E-13
4666.13578021026  7.563989E-14
4666.19561658303  2.764801E-13
4666.25543854573  2.091924E-13
4666.315246092  2.804289E-13
4666.3750392155  4.592795E-14
4666.43481790989  1.919892E-13
4666.49458216889  2.364201E-13
4666.55433198622  2.124126E-13
4666.61406735564  1.788787E-13
4666.67378827093  1.163600E-13
4666.73349472589  1.693106E-13
4666.79318671434  1.479212E-13
4666.85286423014  8.658071E-14
4666.91252726716  1.650251E-13
4666.9721758193  1.727748E-13
4667.03180988049  1.666209E-13
4667.09142944466  1.828153E-13
4667.15103450579  1.869643E-13
4667.21062505788  2.237633E-13
4667.27020109495  1.638369E-13
4667.32976261103  2.697153E-13
4667.38930960019  1.738969E-13
4667.44884205653  2.389862E-13
4667.50835997415  1.645121E-13
4667.5678633472  2.131907E-13
4667.62735216983  2.677275E-13
4667.68682643623  2.147105E-13
4667.7462861406  1.558233E-13
4667.80573127718  1.529014E-13
4667.86516184023  2.386415E-13
4667.92457782401  2.275376E-13
4667.98397922283  2.162158E-13
4668.04336603102  1.677749E-13
4668.10273824291  2.031949E-13
4668.16209585289  1.657164E-13
4668.22143885534  1.708252E-13
4668.28076724468  1.970138E-13
4668.34008101536  1.935794E-13
4668.39938016182  1.915231E-13
4668.45866467857  1.190109E-13
4668.51793456009  1.543264E-13
4668.57718980094  2.045862E-13
4668.63643039565  1.291527E-13
4668.69565633881  1.689579E-13
4668.75486762501  1.831014E-13
4668.81406424888  1.761258E-13
4668.87324620505  1.522337E-13
4668.9324134882  1.525958E-13
4668.99156609302  1.613920E-13
4669.0507040142  1.643980E-13
4669.10982724649  1.601735E-13
4669.16893578465  1.560439E-13
4669.22802962344  1.858832E-13
4669.28710875767  1.996194E-13
4669.34617318217  1.940452E-13
4669.40522289177  1.857249E-13
4669.46425788134  2.125423E-13
4669.52327814577  1.778823E-13
4669.58228367997  2.467585E-13
4669.64127447887  1.800572E-13
4669.70025053743  2.005597E-13
4669.75921185061  1.924173E-13
4669.81815841343  2.186664E-13
4669.87709022088  1.543235E-13
4669.93600726803  2.276687E-13
4669.99490954992  1.503558E-13
4670.05379706164  2.306948E-13
4670.1126697983  1.863357E-13
4670.17152775502  1.398544E-13
4670.23037092696  1.777849E-13
4670.28919930927  2.197701E-13
4670.34801289715  2.384547E-13
4670.40681168582  1.958881E-13
4670.4655956705  1.748652E-13
4670.52436484645  1.997710E-13
4670.58311920895  1.857639E-13
4670.64185875329  1.800045E-13
4670.70058347478  1.775218E-13
4670.75929336878  1.966960E-13
4670.81798843062  1.353858E-13
4670.87666865571  1.733563E-13
4670.93533403943  2.102645E-13
4670.99398457721  1.662829E-13
4671.0526202645  1.869651E-13
4671.11124109674  1.737895E-13
4671.16984706944  1.422170E-13
4671.22843817809  1.580906E-13
4671.28701441821  2.178291E-13
4671.34557578536  1.851313E-13
4671.4041222751  1.641151E-13
4671.46265388302  1.834791E-13
4671.52117060471  1.835108E-13
4671.57967243582  1.720736E-13
4671.63815937198  1.831934E-13
4671.69663140887  4.827175E-13
4671.75508854217  6.567689E-13
4671.81353076759  1.520719E-13
4671.87195808085  1.542888E-13
4671.93037047772  1.417686E-13
4671.98876795394  1.717273E-13
4672.04715050532  1.529680E-13
4672.10551812766  1.959520E-13
4672.16387081678  1.650148E-13
4672.22220856854  1.551223E-13
4672.28053137881  1.295391E-13
4672.33883924346  1.420905E-13
4672.3971321584  1.401731E-13
4672.45541011957  1.896937E-13
4672.51367312291  2.009026E-13
4672.57192116438  1.868197E-13
4672.63015423997  1.709470E-13
4672.68837234569  1.816413E-13
4672.74657547755  1.906403E-13
4672.8047636316  1.801421E-13
4672.8629368039  1.928022E-13
4672.92109499054  1.698342E-13
4672.97923818761  2.081568E-13
4673.03736639124  1.862179E-13
4673.09547959756  1.622328E-13
4673.15357780274  1.723021E-13
4673.21166100295  1.653982E-13
4673.26972919438  1.801265E-13
4673.32778237326  1.835847E-13
4673.38582053582  1.438454E-13
4673.4438436783  1.424763E-13
4673.50185179699  1.631198E-13
4673.55984488818  1.965963E-13
4673.61782294816  1.342037E-13
4673.67578597328  1.893005E-13
4673.73373395988  1.671287E-13
4673.79166690432  1.486385E-13
4673.84958480298  1.649984E-13
4673.90748765228  1.790909E-13
4673.96537544863  1.871951E-13
4674.02324818847  1.742715E-13
4674.08110586826  1.988783E-13
4674.13894848447  1.880809E-13
4674.1967760336  1.691686E-13
4674.25458851217  1.885402E-13
4674.3123859167  1.754580E-13
4674.37016824375  1.964112E-13
4674.42793548987  1.801292E-13
4674.48568765166  1.816338E-13
4674.54342472572  1.748554E-13
4674.60114670866  1.783321E-13
4674.65885359714  1.573787E-13
4674.7165453878  1.521156E-13
4674.77422207733  1.429482E-13
4674.83188366241  1.627508E-13
4674.88953013976  1.802255E-13
4674.9471615061  1.836370E-13
4675.00477775818  1.851357E-13
4675.06237889276  1.934503E-13
4675.11996490663  1.567744E-13
4675.17753579659  1.663259E-13
4675.23509155944  1.844703E-13
4675.29263219203  1.905898E-13
4675.35015769121  1.497392E-13
4675.40766805384  1.828585E-13
4675.46516327681  1.921255E-13
4675.52264335703  1.884961E-13
4675.58010829141  1.650044E-13
4675.6375580769  1.745951E-13
4675.69499271044  1.757930E-13
4675.75241218902  1.748554E-13
4675.80981650961  1.812896E-13
4675.86720566923  2.115113E-13
4675.9245796649  1.958594E-13
4675.98193849366  1.756884E-13
4676.03928215257  1.737194E-13
4676.09661063869  1.765520E-13
4676.15392394914  2.032183E-13
4676.211222081  1.894953E-13
4676.2685050314  1.806820E-13
4676.3257727975  1.609102E-13
4676.38302537643  1.857213E-13
4676.44026276539  1.780917E-13
4676.49748496155  1.768415E-13
4676.55469196213  1.748903E-13
4676.61188376436  1.791872E-13
4676.66906036546  1.834484E-13
4676.72622176271  1.723137E-13
4676.78336795337  1.466695E-13
4676.84049893473  1.795591E-13
4676.89761470411  1.743071E-13
4676.95471525881  2.109201E-13
4677.01180059618  1.785637E-13
4677.06887071358  1.774587E-13
4677.12592560838  1.665606E-13
4677.18296527796  1.823858E-13
4677.23998971972  1.534775E-13
4677.29699893109  1.688086E-13
4677.3539929095  2.008138E-13
4677.4109716524  1.615890E-13
4677.46793515726  1.727307E-13
4677.52488342156  1.943393E-13
4677.5818164428  1.799954E-13
4677.6387342185  1.783766E-13
4677.69563674618  1.895723E-13
4677.75252402339  1.888886E-13
4677.80939604769  1.912299E-13
4677.86625281666  1.713220E-13
4677.92309432789  1.821778E-13
4677.97992057899  1.782488E-13
4678.03673156758  1.593708E-13
4678.09352729131  1.711061E-13
4678.15030774782  1.645029E-13
4678.20707293479  1.756102E-13
4678.2638228499  1.809104E-13
4678.32055749085  1.637969E-13
4678.37727685536  1.716921E-13
4678.43398094115  1.612919E-13
4678.49066974598  1.676385E-13
4678.54734326761  1.610621E-13
4678.60400150381  1.598534E-13
4678.66064445237  1.790823E-13
4678.71727211111  1.726856E-13
4678.77388447783  1.634161E-13
4678.83048155038  1.654126E-13
4678.88706332661  1.808970E-13
4678.94362980438  1.592803E-13
4679.00018098158  1.551315E-13
4679.0567168561  1.787823E-13
4679.11323742585  1.491672E-13
4679.16974268876  1.806480E-13
4679.22623264277  1.823946E-13
4679.28270728582  1.933414E-13
4679.33916661589  1.689980E-13
4679.39561063097  1.806904E-13
4679.45203932904  1.707289E-13
4679.50845270813  1.671291E-13
4679.56485076626  1.715838E-13
4679.62123350147  1.724361E-13
4679.67760091181  1.779168E-13
4679.73395299537  1.735923E-13
4679.79028975021  1.754353E-13
4679.84661117444  1.733516E-13
4679.90291726617  1.726857E-13
4679.95920802352  1.796219E-13
4680.01548344465  1.579960E-13
4680.0717435277  1.744330E-13
4680.12798827084  1.622589E-13
4680.18421767226  1.678189E-13
4680.24043173015  1.542747E-13
4680.29663044272  1.311855E-13
4680.3528138082  1.796578E-13
4680.40898182482  1.679797E-13
4680.46513449084  1.676866E-13
4680.52127180453  1.595589E-13
4680.57739376415  1.676925E-13
4680.63350036802  1.641558E-13
4680.68959161444  1.725153E-13
4680.74566750171  1.672779E-13
4680.80172802819  1.701456E-13
4680.85777319221  1.575615E-13
4680.91380299215  1.654316E-13
4680.96981742636  1.645153E-13
4681.02581649325  1.688206E-13
4681.08180019122  1.555866E-13
4681.13776851867  1.602537E-13
4681.19372147404  1.848387E-13
4681.24965905577  1.662154E-13
4681.30558126231  1.704519E-13
4681.36148809214  1.709536E-13
4681.41737954372  1.665845E-13
4681.47325561557  1.815637E-13
4681.52911630618  1.673914E-13
4681.58496161408  1.545435E-13
4681.6407915378  1.642294E-13
4681.69660607588  1.599143E-13
4681.75240522689  1.670550E-13
4681.80818898939  1.629131E-13
4681.86395736198  1.550610E-13
4681.91971034325  1.721431E-13
4681.97544793182  1.513516E-13
4682.03117012629  1.631628E-13
4682.08687692532  1.708821E-13
4682.14256832756  1.783049E-13
4682.19824433166  1.709189E-13
4682.25390493629  1.643731E-13
4682.30955014015  1.646769E-13
4682.36517994194  1.668251E-13
4682.42079434036  1.639240E-13
4682.47639333414  1.766928E-13
4682.53197692202  1.637179E-13
4682.58754510275  1.520967E-13
4682.64309787508  1.645026E-13
4682.6986352378  1.497831E-13
4682.7541571897  1.718960E-13
4682.80966372955  1.700893E-13
4682.86515485619  1.621269E-13
4682.92063056843  1.561001E-13
4682.97609086511  1.606001E-13
4683.03153574507  1.669435E-13
4683.08696520718  1.605337E-13
4683.1423792503  1.535647E-13
4683.19777787332  1.739850E-13
4683.25316107513  1.608776E-13
4683.30852885465  1.714144E-13
4683.36388121079  1.634243E-13
4683.41921814248  1.610504E-13
4683.47453964866  1.990216E-13
4683.5298457283  1.586395E-13
4683.58513638035  1.738427E-13
4683.64041160379  1.772851E-13
4683.69567139762  1.709833E-13
4683.75091576084  1.703196E-13
4683.80614469246  1.612468E-13
4683.8613581915  1.619546E-13
4683.916556257  1.575220E-13
4683.97173888801  1.723229E-13
4684.02690608358  1.717301E-13
4684.0820578428  1.652473E-13
4684.13719416474  1.811489E-13
4684.19231504849  1.626617E-13
4684.24742049316  1.730784E-13
4684.30251049786  1.712300E-13
4684.35758506173  1.673825E-13
4684.4126441839  1.667154E-13
4684.46768786352  1.623883E-13
4684.52271609976  1.733759E-13
4684.57772889178  1.668577E-13
4684.63272623877  1.700113E-13
4684.68770813992  1.671684E-13
4684.74267459444  1.853540E-13
4684.79762560155  1.715007E-13
4684.85256116047  1.765930E-13
4684.90748127044  1.730670E-13
4684.96238593071  1.761113E-13
4685.01727514054  1.758186E-13
4685.0721488992  1.716959E-13
4685.12700720597  1.810806E-13
4685.18185006015  1.845610E-13
4685.23667746104  1.768428E-13
4685.29148940795  1.726496E-13
4685.34628590021  1.758393E-13
4685.40106693716  1.778113E-13
4685.45583251813  1.998158E-13
4685.51058264248  1.918635E-13
4685.56531730959  1.934521E-13
4685.62003651883  2.096003E-13
4685.67474026959  2.028846E-13
4685.72942856125  2.021798E-13
4685.78410139325  2.106811E-13
4685.83875876499  2.031284E-13
4685.8934006759  2.190738E-13
4685.94802712542  2.283284E-13
4686.00263811301  2.124431E-13
4686.05723363812  2.401599E-13
4686.11181370022  2.424403E-13
4686.1663782988  2.447580E-13
4686.22092743334  2.446597E-13
4686.27546110335  2.737386E-13
4686.32997930833  2.808867E-13
4686.38448204781  2.789882E-13
4686.43896932132  2.931362E-13
4686.4934411284  2.921432E-13
4686.54789746859  3.176809E-13
4686.60233834147  3.075938E-13
4686.6567637466  3.290334E-13
4686.71117368356  3.231196E-13
4686.76556815194  3.164358E-13
4686.81994715134  3.226770E-13
4686.87431068138  3.267162E-13
4686.92865874166  3.264760E-13
4686.98299133183  3.442187E-13
4687.03730845151  3.368300E-13
4687.09161010036  3.375588E-13
4687.14589627804  3.452363E-13
4687.20016698421  3.591930E-13
4687.25442221854  3.755263E-13
4687.30866198074  3.774483E-13
4687.36288627048  3.629672E-13
4687.41709508749  3.662771E-13
4687.47128843146  3.626113E-13
4687.52546630213  3.554424E-13
4687.57962869924  3.496193E-13
4687.63377562251  3.450174E-13
4687.68790707171  3.560351E-13
4687.7420230466  3.374508E-13
4687.79612354694  3.571696E-13
4687.85020857252  4.046206E-13
4687.90427812312  3.648341E-13
4687.95833219854  3.539447E-13
4688.0123707986  3.533248E-13
4688.0663939231  3.308986E-13
4688.12040157187  3.354528E-13
4688.17439374474  3.041269E-13
4688.22837044157  3.049303E-13
4688.28233166219  2.817120E-13
4688.33627740647  2.819881E-13
4688.39020767428  2.538755E-13
4688.44412246551  2.549431E-13
4688.49802178002  2.547049E-13
4688.55190561773  2.377176E-13
4688.60577397853  2.304037E-13
4688.65962686234  2.277831E-13
4688.71346426908  2.227408E-13
4688.76728619869  2.280311E-13
4688.8210926511  2.265420E-13
4688.87488362625  2.179081E-13
4688.92865912412  2.075559E-13
4688.98241914465  2.049773E-13
4689.03616368783  2.068052E-13
4689.08989275363  2.024923E-13
4689.14360634205  2.012092E-13
4689.19730445309  2.059747E-13
4689.25098708675  2.036559E-13
4689.30465424305  2.019815E-13
4689.35830592201  1.999356E-13
4689.41194212366  1.922654E-13
4689.46556284805  1.877745E-13
4689.51916809522  1.973726E-13
4689.57275786523  1.993474E-13
4689.62633215815  1.905520E-13
4689.67989097404  1.850095E-13
4689.73343431299  1.947124E-13
4689.78696217509  1.818822E-13
4689.84047456044  1.793715E-13
4689.89397146913  1.961005E-13
4689.94745290129  1.853009E-13
4690.00091885704  1.879875E-13
4690.05436933649  1.816729E-13
4690.1078043398  1.786260E-13
4690.16122386711  1.832047E-13
4690.21462791856  1.745860E-13
4690.26801649432  1.813071E-13
4690.32138959456  1.704999E-13
4690.37474721945  1.829850E-13
4690.42808936918  1.796973E-13
4690.48141604393  1.819260E-13
4690.53472724392  1.763353E-13
4690.58802296934  1.906190E-13
4690.6413032204  1.841165E-13
4690.69456799734  1.774348E-13
4690.74781730037  1.817517E-13
4690.80105112975  1.720247E-13
4690.8542694857  1.766599E-13
4690.90747236848  1.797899E-13
4690.96065977836  1.694791E-13
4691.0138317156  1.670468E-13
4691.06698818046  1.849896E-13
4691.12012917325  1.745059E-13
4691.17325469423  1.765066E-13
4691.22636474372  1.574803E-13
4691.27945932201  1.644780E-13
4691.33253842941  1.627493E-13
4691.38560206624  1.813982E-13
4691.43865023282  1.770884E-13
4691.49168292949  1.770464E-13
4691.54470015659  1.798056E-13
4691.59770191446  1.721775E-13
4691.65068820346  1.722908E-13
4691.70365902394  1.728843E-13
4691.75661437628  1.726041E-13
4691.80955426084  1.868996E-13
4691.86247867801  1.696442E-13
4691.91538762818  1.718266E-13
4691.96828111174  1.612638E-13
4692.0211591291  1.754356E-13
4692.07402168065  1.622118E-13
4692.12686876683  1.619793E-13
4692.17970038804  1.636178E-13
4692.23251654473  1.568166E-13
4692.28531723732  1.668297E-13
4692.33810246625  1.568784E-13
4692.39087223199  1.699216E-13
4692.44362653498  1.652805E-13
4692.49636537568  1.745925E-13
4692.54908875456  1.659103E-13
4692.60179667211  1.726735E-13
4692.65448912879  1.657186E-13
4692.70716612511  1.665883E-13
4692.75982766155  1.669950E-13
4692.81247373861  1.802255E-13
4692.86510435682  1.766495E-13
4692.91771951667  1.664637E-13
4692.97031921869  1.693285E-13
4693.02290346341  1.646986E-13
4693.07547225135  1.726728E-13
4693.12802558307  1.694832E-13
4693.1805634591  1.687378E-13
4693.23308588  1.656702E-13
4693.28559284633  1.718692E-13
4693.33808435865  1.722687E-13
4693.39056041753  1.730495E-13
4693.44302102354  1.655205E-13
4693.49546617728  1.680173E-13
4693.54789587932  1.549717E-13
4693.60031013027  1.520452E-13
4693.65270893073  1.649753E-13
4693.7050922813  1.682079E-13
4693.7574601826  1.625541E-13
4693.80981263524  1.675903E-13
4693.86214963985  1.647312E-13
4693.91447119707  1.683445E-13
4693.96677730752  1.558226E-13
4694.01906797185  1.460255E-13
4694.07134319071  1.698717E-13
4694.12360296475  1.539784E-13
4694.17584729463  1.612653E-13
4694.22807618102  1.680107E-13
4694.28028962459  1.670032E-13
4694.33248762602  1.748829E-13
4694.38467018598  1.608238E-13
4694.43683730517  1.609560E-13
4694.48898898429  1.619173E-13
4694.54112522402  1.581610E-13
4694.59324602507  1.568327E-13
4694.64535138817  1.536069E-13
4694.69744131401  1.622015E-13
4694.74951580333  1.628378E-13
4694.80157485685  1.633212E-13
4694.8536184753  1.644053E-13
4694.90564665942  1.614808E-13
4694.95765940996  1.678391E-13
4695.00965672766  1.736488E-13
4695.06163861327  1.737857E-13
4695.11360506756  1.708226E-13
4695.16555609128  1.604537E-13
4695.21749168522  1.721172E-13
4695.26941185014  1.726186E-13
4695.32131658683  1.689006E-13
4695.37320589606  1.674128E-13
4695.42507977864  1.706955E-13
4695.47693823535  1.609397E-13
4695.52878126699  1.613349E-13
4695.58060887438  1.657769E-13
4695.63242105832  1.569644E-13
4695.68421781963  1.655323E-13
4695.73599915912  1.650421E-13
4695.78776507763  1.618108E-13
4695.83951557599  1.763216E-13
4695.89125065503  1.670474E-13
4695.94297031559  1.548007E-13
4695.99467455852  1.630407E-13
4696.04636338467  1.610036E-13
4696.09803679488  1.672895E-13
4696.14969479003  1.667405E-13
4696.20133737098  1.523960E-13
4696.25296453859  1.466602E-13
4696.30457629375  1.365072E-13
4696.35617263732  1.217685E-13
4696.4077535702  1.314978E-13
4696.45931909327  1.564027E-13
4696.51086920742  1.620960E-13
4696.56240391356  1.576865E-13
4696.61392321258  1.641935E-13
4696.66542710539  1.585265E-13
4696.7169155929  1.723835E-13
4696.76838867603  1.676356E-13
4696.8198463557  1.673264E-13
4696.87128863283  1.671248E-13
4696.92271550835  1.712070E-13
4696.9741269832  1.724181E-13
4697.02552305831  1.639937E-13
4697.07690373462  1.646580E-13
4697.12826901309  1.665548E-13
4697.17961889466  1.626038E-13
4697.23095338028  1.704302E-13
4697.28227247093  1.526832E-13
4697.33357616756  1.491951E-13
4697.38486447113  1.451097E-13
4697.43613738263  1.619803E-13
4697.48739490303  1.663074E-13
4697.5386370333  1.649090E-13
4697.58986377444  1.613730E-13
4697.64107512743  1.602809E-13
4697.69227109326  1.643189E-13
4697.74345167294  1.661782E-13
4697.79461686746  1.638736E-13
4697.84576667783  1.615239E-13
4697.89690110506  1.599779E-13
4697.94802015016  1.679543E-13
4697.99912381414  1.677571E-13
4698.05021209804  1.642608E-13
4698.10128500287  1.657246E-13
4698.15234252966  1.491510E-13
4698.20338467945  1.537786E-13
4698.25441145326  1.664687E-13
4698.30542285215  1.617175E-13
4698.35641887716  1.654341E-13
4698.40739952933  1.689276E-13
4698.45836480971  1.756123E-13
4698.50931471937  1.621126E-13
4698.56024925935  1.744468E-13
4698.61116843073  1.689749E-13
4698.66207223457  1.596102E-13
4698.71296067194  1.501647E-13
4698.7638337439  1.663749E-13
4698.81469145155  1.636939E-13
4698.86553379596  1.643183E-13
4698.91636077822  1.570797E-13
4698.9671723994  1.642746E-13
4699.01796866062  1.641451E-13
4699.06874956295  1.586303E-13
4699.1195151075  1.608418E-13
4699.17026529537  1.616481E-13
4699.22100012767  1.679966E-13
4699.2717196055  1.688334E-13
4699.32242372997  1.665840E-13
4699.37311250221  1.608164E-13
4699.42378592333  1.716063E-13
4699.47444399444  1.676296E-13
4699.52508671669  1.712613E-13
4699.57571409119  1.593619E-13
4699.62632611908  1.629031E-13
4699.67692280149  1.621779E-13
4699.72750413956  1.712612E-13
4699.77807013444  1.492335E-13
4699.82862078726  1.636820E-13
4699.87915609918  1.453359E-13
4699.92967607134  1.429455E-13
4699.98018070491  1.604135E-13
4700.03067000102  1.576979E-13
4700.08114396086  1.615288E-13
4700.13160258558  1.628361E-13
4700.18204587634  1.619339E-13
4700.23247383432  1.560944E-13
4700.28288646068  1.624990E-13
4700.33328375661  1.599595E-13
4700.38366572328  1.633585E-13
4700.43403236187  1.642671E-13
4700.48438367357  1.633364E-13
4700.53471965955  1.634565E-13
4700.58504032102  1.601475E-13
4700.63534565916  1.707790E-13
4700.68563567518  1.627875E-13
4700.73591037025  1.636057E-13
4700.7861697456  1.610432E-13
4700.83641380242  1.611752E-13
4700.88664254191  1.600446E-13
4700.93685596529  1.599341E-13
4700.98705407377  1.607929E-13
4701.03723686856  1.577640E-13
4701.08740435088  1.656846E-13
4701.13755652194  1.639108E-13
4701.18769338298  1.712245E-13
4701.23781493522  1.703590E-13
4701.28792117987  1.680924E-13
4701.33801211818  1.650894E-13
4701.38808775136  1.696466E-13
4701.43814808067  1.856194E-13
4701.48819310734  2.381656E-13
4701.5382228326  2.028395E-13
4701.5882372577  1.722817E-13
4701.63823638388  1.703998E-13
4701.68822021239  1.619121E-13
4701.73818874448  1.612592E-13
4701.7881419814  1.573747E-13
4701.83807992441  1.604835E-13
4701.88800257475  1.492892E-13
4701.9379099337  1.628720E-13
4701.98780200251  1.531427E-13
4702.03767878244  1.543849E-13
4702.08754027476  1.551941E-13
4702.13738648074  1.592465E-13
4702.18721740164  1.620258E-13
4702.23703303874  1.626238E-13
4702.28683339332  1.599493E-13
4702.33661846665  1.603344E-13
4702.38638826  1.597842E-13
4702.43614277467  1.642900E-13
4702.48588201192  1.575828E-13
4702.53560597305  1.525383E-13
4702.58531465935  1.518358E-13
4702.6350080721  1.592779E-13
4702.68468621259  1.629746E-13
4702.73434908211  1.653269E-13
4702.78399668197  1.599622E-13
4702.83362901345  1.582543E-13
4702.88324607787  1.591143E-13
4702.9328478765  1.582094E-13
4702.98243441067  1.613645E-13
4703.03200568167  1.624877E-13
4703.0815616908  1.621242E-13
4703.1311024394  1.588166E-13
4703.18062792874  1.529024E-13
4703.23013816016  1.533560E-13
4703.27963313496  1.681156E-13
4703.32911285446  1.631951E-13
4703.37857731997  1.647919E-13
4703.42802653282  1.611447E-13
4703.47746049432  1.669262E-13
4703.5268792058  1.633775E-13
4703.57628266858  1.625976E-13
4703.62567088399  1.677671E-13
4703.67504385335  1.691615E-13
4703.724401578  1.643853E-13
4703.77374405926  1.654634E-13
4703.82307129846  1.661265E-13
4703.87238329694  1.611725E-13
4703.92168005603  1.665558E-13
4703.97096157708  1.672916E-13
4704.02022786141  1.621226E-13
4704.06947891037  1.658980E-13
4704.1187147253  1.703613E-13
4704.16793530754  1.632117E-13
4704.21714065843  1.707175E-13
4704.26633077933  1.664835E-13
4704.31550567157  1.597883E-13
4704.36466533651  1.664584E-13
4704.41380977549  1.654235E-13
4704.46293898987  1.633281E-13
4704.512052981  1.637193E-13
4704.56115175023  1.642166E-13
4704.61023529892  1.615070E-13
4704.65930362842  1.617762E-13
4704.70835674009  1.592367E-13
4704.75739463528  1.613122E-13
4704.80641731537  1.662413E-13
4704.85542478171  1.603805E-13
4704.90441703566  1.579137E-13
4704.95339407858  1.644223E-13
4705.00235591184  1.617181E-13
4705.05130253681  1.643716E-13
4705.10023395486  1.619065E-13
4705.14915016734  1.648712E-13
4705.19805117563  1.637150E-13
4705.2469369811  1.588792E-13
4705.29580758512  1.727285E-13
4705.34466298907  1.566986E-13
4705.39350319431  1.581164E-13
4705.44232820222  1.654292E-13
4705.49113801418  1.610880E-13
4705.53993263156  1.566213E-13
4705.58871205574  1.580806E-13
4705.6374762881  1.570918E-13
4705.68622533001  1.567169E-13
4705.73495918286  1.575892E-13
4705.78367784802  1.627173E-13
4705.83238132689  1.587827E-13
4705.88106962083  1.582208E-13
4705.92974273124  1.603638E-13
4705.9784006595  1.596249E-13
4706.02704340699  1.629457E-13
4706.0756709751  1.598823E-13
4706.12428336521  1.624766E-13
4706.17288057872  1.684529E-13
4706.22146261701  1.635065E-13
4706.27002948147  1.618404E-13
4706.31858117349  1.617564E-13
4706.36711769446  1.596878E-13
4706.41563904577  1.620789E-13
4706.46414522881  1.677726E-13
4706.51263624498  1.635004E-13
4706.56111209566  1.628808E-13
4706.60957278225  1.603555E-13
4706.65801830614  1.660721E-13
4706.70644866873  1.656891E-13
4706.75486387142  1.687398E-13
4706.8032639156  1.613595E-13
4706.85164880266  1.660512E-13
4706.900018534  1.657877E-13
4706.94837311102  1.660716E-13
4706.99671253512  1.644954E-13
4707.04503680769  1.627731E-13
4707.09334593014  1.630561E-13
4707.14163990386  1.613631E-13
4707.18991873025  1.640352E-13
4707.23818241071  1.650240E-13
4707.28643094664  1.668235E-13
4707.33466433945  1.587675E-13
4707.38288259053  1.688213E-13
4707.43108570128  1.695214E-13
4707.47927367311  1.541901E-13
4707.52744650742  1.578119E-13
4707.57560420561  1.566054E-13
4707.62374676908  1.613138E-13
4707.67187419923  1.618914E-13
4707.71998649747  1.611370E-13
4707.76808366521  1.636907E-13
4707.81616570384  1.608767E-13
4707.86423261476  1.602770E-13
4707.9122843994  1.600685E-13
4707.96032105913  1.575346E-13
4708.00834259538  1.581432E-13
4708.05634900954  1.589215E-13
4708.10434030303  1.624491E-13
4708.15231647723  1.578232E-13
4708.20027753357  1.591258E-13
4708.24822347343  1.597653E-13
4708.29615429824  1.669446E-13
4708.34407000939  1.636140E-13
4708.39197060828  1.595469E-13
4708.43985609634  1.543361E-13
4708.48772647494  1.522611E-13
4708.53558174551  1.572420E-13
4708.58342190945  1.567118E-13
4708.63124696816  1.586612E-13
4708.67905692304  1.574046E-13
4708.72685177551  1.580540E-13
4708.77463152697  1.602654E-13
4708.82239617881  1.650160E-13
4708.87014573246  1.619929E-13
4708.9178801893  1.640219E-13
4708.96559955075  1.633632E-13
4709.0133038182  1.526802E-13
4709.06099299307  1.639541E-13
4709.10866707675  1.610110E-13
4709.15632607066  1.512805E-13
4709.20396997618  1.604696E-13
4709.25159879474  1.617588E-13
4709.29921252772  1.578672E-13
4709.34681117653  1.640039E-13
4709.39439474258  1.630239E-13
4709.44196322726  1.634979E-13
4709.48951663199  1.612174E-13
4709.53705495815  1.647786E-13
4709.58457820715  1.625286E-13
4709.6320863804  1.712198E-13
4709.67957947928  1.637258E-13
4709.72705750521  1.611007E-13
4709.77452045959  1.563887E-13
4709.8219683438  1.589872E-13
4709.86940115925  1.607479E-13
4709.91681890734  1.655196E-13
4709.96422158948  1.580064E-13
4710.01160920704  1.625483E-13
4710.05898176144  1.606364E-13
4710.10633925407  1.559070E-13
4710.15368168632  1.564549E-13
4710.20100905959  1.661122E-13
4710.24832137529  1.667295E-13
4710.29561863479  1.632173E-13
4710.3429008395  1.559047E-13
4710.39016799081  1.585293E-13
4710.43742009011  1.582412E-13
4710.4846571388  1.621637E-13
4710.53187913827  1.584388E-13
4710.5790860899  1.563333E-13
4710.62627799509  1.605809E-13
4710.67345485524  1.558739E-13
4710.72061667172  1.555792E-13
4710.76776344594  1.635439E-13
4710.81489517926  1.593639E-13
4710.8620118731  1.694280E-13
4710.90911352882  1.595610E-13
4710.95620014783  1.590203E-13
4711.00327173149  1.570802E-13
4711.0503282812  1.613997E-13
4711.09736979835  1.553926E-13
4711.1443962843  1.549480E-13
4711.19140774046  1.583506E-13
4711.23840416819  1.551572E-13
4711.28538556889  1.696783E-13
4711.33235194392  1.577635E-13
4711.37930329468  1.604021E-13
4711.42623962253  1.526203E-13
4711.47316092885  1.646537E-13
4711.52006721503  1.613189E-13
4711.56695848243  1.578073E-13
4711.61383473244  1.524935E-13
4711.66069596643  1.561267E-13
4711.70754218576  1.577669E-13
4711.75437339182  1.588311E-13
4711.80118958597  1.590716E-13
4711.84799076958  1.568200E-13
4711.89477694403  1.592738E-13
4711.94154811068  1.517613E-13
4711.9883042709  1.515389E-13
4712.03504542606  1.641088E-13
4712.08177157752  1.621525E-13
4712.12848272664  1.548098E-13
4712.1751788748  1.536913E-13
4712.22186002334  1.562143E-13
4712.26852617364  1.582438E-13
4712.31517732705  1.521305E-13
4712.36181348494  1.525667E-13
4712.40843464866  1.585798E-13
4712.45504081957  1.504559E-13
4712.50163199902  1.506662E-13
4712.54820818837  1.539351E-13
4712.59476938897  1.485088E-13
4712.64131560218  1.547094E-13
4712.68784682935  1.580360E-13
4712.73436307182  1.561741E-13
4712.78086433095  1.553824E-13
4712.82735060809  1.641646E-13
4712.87382190457  1.603835E-13
4712.92027822176  1.574440E-13
4712.96671956098  1.568964E-13
4713.01314592359  1.576601E-13
4713.05955731092  1.548371E-13
4713.10595372432  1.564853E-13
4713.15233516513  1.510539E-13
4713.19870163468  1.568075E-13
4713.24505313431  1.510738E-13
4713.29138966535  1.563907E-13
4713.33771122915  1.595571E-13
4713.38401782703  1.555897E-13
4713.43030946032  1.546602E-13
4713.47658613035  1.548727E-13
4713.52284783846  1.534922E-13
4713.56909458597  1.504772E-13
4713.61532637421  1.600363E-13
4713.66154320449  1.597511E-13
4713.70774507815  1.603718E-13
4713.75393199651  1.499058E-13
4713.80010396088  1.607283E-13
4713.84626097259  1.532500E-13
4713.89240303295  1.575857E-13
4713.93853014328  1.522464E-13
4713.98464230489  1.602456E-13
4714.0307395191  1.590318E-13
4714.07682178721  1.476443E-13
4714.12288911054  1.552702E-13
4714.1689414904  1.593304E-13
4714.2149789281  1.484953E-13
4714.26100142493  1.552041E-13
4714.30700898221  1.476279E-13
4714.35300160123  1.523043E-13
4714.39897928329  1.511715E-13
4714.44494202971  1.487980E-13
4714.49088984177  1.559986E-13
4714.53682272076  1.576749E-13
4714.58274066799  1.565998E-13
4714.62864368475  1.580568E-13
4714.67453177233  1.469251E-13
4714.72040493201  1.477216E-13
4714.7662631651  1.517822E-13
4714.81210647286  1.575056E-13
4714.85793485659  1.598628E-13
4714.90374831757  1.602997E-13
4714.94954685709  1.657210E-13
4714.99533047641  1.505341E-13
4715.04109917683  1.349787E-13
4715.08685295961  1.520075E-13
4715.13259182603  1.601407E-13
4715.17831577737  1.578389E-13
4715.22402481488  1.568120E-13
4715.26971893985  1.642510E-13
4715.31539815355  1.652747E-13
4715.36106245723  1.616045E-13
4715.40671185216  1.665327E-13
4715.4523463396  1.583810E-13
4715.49796592082  1.645688E-13
4715.54357059707  1.634776E-13
4715.58916036961  1.566495E-13
4715.63473523969  1.644546E-13
4715.68029520858  1.708257E-13
4715.7258402775  1.605360E-13
4715.77137044773  1.565674E-13
4715.8168857205  1.677754E-13
4715.86238609706  1.628379E-13
4715.90787157866  1.612525E-13
4715.95334216653  1.639106E-13
4715.99879786193  1.577418E-13
4716.04423866607  1.590320E-13
4716.08966458021  1.583967E-13
4716.13507560557  1.573904E-13
4716.18047174339  1.608167E-13
4716.2258529949  1.546225E-13
4716.27121936132  1.588443E-13
4716.31657084389  1.597458E-13
4716.36190744382  1.631891E-13
4716.40722916234  1.553911E-13
4716.45253600068  1.449828E-13
4716.49782796004  1.351585E-13
4716.54310504164  1.567080E-13
4716.58836724671  1.564266E-13
4716.63361457645  1.607593E-13
4716.67884703206  1.555398E-13
4716.72406461477  1.568243E-13
4716.76926732578  1.523617E-13
4716.81445516629  1.503606E-13
4716.8596281375  1.547866E-13
4716.90478624061  1.576378E-13
4716.94992947682  1.632922E-13
4716.99505784733  1.590928E-13
4717.04017135333  1.551144E-13
4717.08526999601  1.896156E-13
4717.13035377657  2.086182E-13
4717.17542269618  3.793391E-13
4717.22047675604  2.200101E-13
4717.26551595732  2.042168E-13
4717.31054030121  2.027460E-13
4717.35554978889  1.851210E-13
4717.40054442153  1.714799E-13
4717.44552420031  1.573985E-13
4717.4904891264  1.450807E-13
4717.53543920096  1.432641E-13
4717.58037442518  1.438561E-13
4717.62529480021  1.408054E-13
4717.67020032721  1.358418E-13
4717.71509100735  1.326646E-13
4717.75996684179  1.508334E-13
4717.80482783168  1.639121E-13
4717.84967397818  1.644835E-13
4717.89450528244  1.644472E-13
4717.9393217456  1.538147E-13
4717.98412336883  1.545167E-13
4718.02891015325  1.494381E-13
4718.07368210002  1.448231E-13
4718.11843921027  1.487212E-13
4718.16318148515  1.458893E-13
4718.20790892579  1.522697E-13
4718.25262153331  1.441153E-13
4718.29731930887  1.714811E-13
4718.34200225357  1.554046E-13
4718.38667036856  1.498474E-13
4718.43132365495  1.539437E-13
4718.47596211387  1.496944E-13
4718.52058574643  1.488512E-13
4718.56519455376  1.487295E-13
4718.60978853696  1.558657E-13
4718.65436769716  1.543906E-13
4718.69893203545  1.440551E-13
4718.74348155295  1.519621E-13
4718.78801625076  1.531834E-13
4718.83253612999  1.510683E-13
4718.87704119173  1.539109E-13
4718.92153143709  1.525840E-13
4718.96600686715  1.590543E-13
4719.01046748302  1.456377E-13
4719.05491328577  1.494109E-13
4719.09934427651  1.502815E-13
4719.14376045631  1.286365E-13
4719.18816182626  1.158288E-13
4719.23254838744  1.365896E-13
4719.27692014093  1.535288E-13
4719.32127708779  1.570808E-13
4719.36561922911  1.462406E-13
4719.40994656596  1.557287E-13
4719.4542590994  1.557625E-13
4719.4985568305  1.521857E-13
4719.54283976032  1.451386E-13
4719.58710788993  1.549737E-13
4719.63136122037  1.589106E-13
4719.67559975271  1.533698E-13
4719.71982348799  1.448531E-13
4719.76403242728  1.455702E-13
4719.8082265716  1.484391E-13
4719.85240592202  1.522430E-13
4719.89657047957  1.504982E-13
4719.94072024529  1.530349E-13
4719.98485522023  1.487360E-13
4720.0289754054  1.525255E-13
4720.07308080185  1.567088E-13
4720.1171714106  1.472139E-13
4720.16124723268  1.511918E-13
4720.20530826912  1.449255E-13
4720.24935452093  1.575624E-13
4720.29338598914  1.419722E-13
4720.33740267476  1.496503E-13
4720.3814045788  1.451319E-13
4720.42539170228  1.497661E-13
4720.4693640462  1.517480E-13
4720.51332161156  1.544420E-13
4720.55726439938  1.516009E-13
4720.60119241065  1.544725E-13
4720.64510564636  1.546340E-13
4720.68900410752  1.535280E-13
4720.7328877951  1.485253E-13
4720.77675671011  1.541742E-13
4720.82061085353  1.560046E-13
4720.86445022634  1.506944E-13
4720.90827482952  1.594954E-13
4720.95208466406  1.516133E-13
4720.99587973091  1.574444E-13
4721.03966003107  1.536362E-13
4721.08342556549  1.498511E-13
4721.12717633515  1.518577E-13
4721.17091234101  1.607472E-13
4721.21463358403  1.637498E-13
4721.25834006517  1.559460E-13
4721.30203178538  1.586866E-13
4721.34570874563  1.571121E-13
4721.38937094684  1.561540E-13
4721.43301838999  1.636664E-13
4721.47665107601  1.582742E-13
4721.52026900583  1.553150E-13
4721.56387218041  1.547545E-13
4721.60746060067  1.508191E-13
4721.65103426756  1.542360E-13
4721.694593182  1.493042E-13
4721.73813734491  1.541016E-13
4721.78166675722  1.623020E-13
4721.82518141986  1.564490E-13
4721.86868133375  1.475850E-13
4721.91216649979  1.429437E-13
4721.9556369189  1.593755E-13
4721.999092592  1.575262E-13
4722.04253351999  1.545430E-13
4722.08595970378  1.543364E-13
4722.12937114426  1.514533E-13
4722.17276784233  1.600253E-13
4722.2161497989  1.575525E-13
4722.25951701485  1.575833E-13
4722.30286949107  1.595622E-13
4722.34620722846  1.582359E-13
4722.38953022789  1.611790E-13
4722.43283849025  1.623345E-13
4722.47613201641  1.586491E-13
4722.51941080725  1.561437E-13
4722.56267486364  1.463511E-13
4722.60592418645  1.353430E-13
4722.64915877656  1.490517E-13
4722.69237863481  1.513694E-13
4722.73558376207  1.571041E-13
4722.77877415921  1.606189E-13
4722.82194982706  1.541330E-13
4722.8651107665  1.584637E-13
4722.90825697835  1.539769E-13
4722.95138846348  1.592958E-13
4722.99450522272  1.507158E-13
4723.03760725691  1.529516E-13
4723.08069456688  1.574511E-13
4723.12376715348  1.579127E-13
4723.16682501753  1.582147E-13
4723.20986815986  1.569218E-13
4723.25289658129  1.519699E-13
4723.29591028265  1.550662E-13
4723.33890926475  1.586322E-13
4723.38189352841  1.600543E-13
4723.42486307444  1.561010E-13
4723.46781790365  1.582239E-13
4723.51075801684  1.548148E-13
4723.55368341483  1.544023E-13
4723.5965940984  1.595869E-13
4723.63949006836  1.578072E-13
4723.68237132551  1.608616E-13
4723.72523787062  1.584302E-13
4723.76808970449  1.513119E-13
4723.81092682791  1.502576E-13
4723.85374924165  1.578916E-13
4723.89655694649  1.572779E-13
4723.93934994321  1.561035E-13
4723.98212823259  1.568356E-13
4724.02489181538  1.654313E-13
4724.06764069236  1.624703E-13
4724.11037486429  1.535762E-13
4724.15309433193  1.584165E-13
4724.19579909603  1.592772E-13
4724.23848915735  1.573991E-13
4724.28116451664  1.562690E-13
4724.32382517465  1.627533E-13
4724.36647113212  1.620582E-13
4724.4091023898  1.525248E-13
4724.45171894841  1.574304E-13
4724.49432080869  1.602360E-13
4724.53690797139  1.600869E-13
4724.57948043721  1.601639E-13
4724.6220382069  1.581219E-13
4724.66458128117  1.538382E-13
4724.70710966073  1.566140E-13
4724.74962334632  1.519076E-13
4724.79212233863  1.485599E-13
4724.83460663838  1.575011E-13
4724.87707624628  1.661115E-13
4724.91953116303  1.615285E-13
4724.96197138932  1.594496E-13
4725.00439692585  1.615073E-13
4725.04680777332  1.585257E-13
4725.08920393242  1.682322E-13
4725.13158540384  1.645390E-13
4725.17395218825  1.542333E-13
4725.21630428634  1.567023E-13
4725.25864169878  1.583169E-13
4725.30096442626  1.584534E-13
4725.34327246944  1.590732E-13
4725.38556582898  1.519333E-13
4725.42784450556  1.656133E-13
4725.47010849984  1.626436E-13
4725.51235781246  1.606153E-13
4725.5545924441  1.616115E-13
4725.59681239539  1.525050E-13
4725.63901766699  1.601863E-13
4725.68120825954  1.578860E-13
4725.72338417369  1.612757E-13
4725.76554541006  1.619276E-13
4725.80769196931  1.611791E-13
4725.84982385205  1.589145E-13
4725.89194105893  1.582338E-13
4725.93404359055  1.558970E-13
4725.97613144755  1.518159E-13
4726.01820463055  1.588733E-13
4726.06026314016  1.649658E-13
4726.10230697699  1.478345E-13
4726.14433614165  1.555652E-13
4726.18635063475  1.612234E-13
4726.22835045689  1.629048E-13
4726.27033560867  1.551296E-13
4726.31230609069  1.616782E-13
4726.35426190353  1.508709E-13
4726.39620304779  1.477472E-13
4726.43812952405  1.508438E-13
4726.4800413329  1.526103E-13
4726.52193847492  1.600093E-13
4726.56382095068  1.570869E-13
4726.60568876075  1.591863E-13
4726.6475419057  1.480648E-13
4726.68938038611  1.568088E-13
4726.73120420253  1.631193E-13
4726.77301335552  1.574564E-13
4726.81480784564  1.575975E-13
4726.85658767344  1.606369E-13
4726.89835283947  1.501777E-13
4726.94010334428  1.463557E-13
4726.98183918841  1.528250E-13
4727.02356037241  1.538192E-13
4727.06526689679  1.611539E-13
4727.10695876211  1.634419E-13
4727.14863596888  1.607434E-13
4727.19029851764  1.601029E-13
4727.23194640891  1.581877E-13
4727.2735796432  1.441820E-13
4727.31519822104  1.439248E-13
4727.35680214293  1.492236E-13
4727.39839140939  1.482820E-13
4727.43996602092  1.485208E-13
4727.48152597802  1.489229E-13
4727.5230712812  1.557121E-13
4727.56460193095  1.552556E-13
4727.60611792775  1.563462E-13
4727.64761927212  1.599361E-13
4727.68910596451  1.576269E-13
4727.73057800543  1.545771E-13
4727.77203539535  1.582527E-13
4727.81347813474  1.588127E-13
4727.85490622408  1.559608E-13
4727.89631966383  1.645576E-13
4727.93771845447  1.644603E-13
4727.97910259645  1.669492E-13
4728.02047209024  1.551234E-13
4728.06182693628  1.544487E-13
4728.10316713503  1.524203E-13
4728.14449268694  1.600088E-13
4728.18580359246  1.635790E-13
4728.22709985202  1.593848E-13
4728.26838146606  1.598752E-13
4728.30964843503  1.615098E-13
4728.35090075935  1.620573E-13
4728.39213843945  1.552183E-13
4728.43336147575  1.565068E-13
4728.47456986868  1.570389E-13
4728.51576361865  1.604249E-13
4728.55694272609  1.595765E-13
4728.59810719139  1.581179E-13
4728.63925701497  1.550241E-13
4728.68039219723  1.566378E-13
4728.72151273858  1.526738E-13
4728.76261863941  1.628761E-13
4728.80370990011  1.606944E-13
4728.84478652108  1.475351E-13
4728.8858485027  1.609025E-13
4728.92689584537  1.627442E-13
4728.96792854945  1.562073E-13
4729.00894661532  1.525000E-13
4729.04995004337  1.326672E-13
4729.09093883395  1.294484E-13
4729.13191298744  1.452715E-13
4729.1728725042  1.615335E-13
4729.21381738459  1.610816E-13
4729.25474762896  1.591607E-13
4729.29566323767  1.575637E-13
4729.33656421108  1.637343E-13
4729.37745054952  1.608693E-13
4729.41832225333  1.556757E-13
4729.45917932286  1.597267E-13
4729.50002175845  1.577204E-13
4729.54084956042  1.631992E-13
4729.58166272911  1.638192E-13
4729.62246126484  1.572615E-13
4729.66324516793  1.570562E-13
4729.7040144387  1.636476E-13
4729.74476907747  1.566455E-13
4729.78550908455  1.673563E-13
4729.82623446025  1.571056E-13
4729.86694520487  1.710221E-13
4729.90764131871  1.645018E-13
4729.94832280207  1.515892E-13
4729.98898965525  1.619965E-13
4730.02964187854  1.618322E-13
4730.07027947222  1.616366E-13
4730.11090243659  1.668025E-13
4730.15151077192  1.611398E-13
4730.19210447848  1.702385E-13
4730.23268355655  1.714507E-13
4730.27324800641  1.597844E-13
4730.31379782832  1.663883E-13
4730.35433302254  1.564248E-13
4730.39485358934  1.586917E-13
4730.43535952896  1.453892E-13
4730.47585084167  1.465190E-13
4730.51632752771  1.631911E-13
4730.55678958734  1.718074E-13
4730.59723702078  1.699042E-13
4730.63766982829  1.856623E-13
4730.6780880101  1.892786E-13
4730.71849156644  1.875747E-13
4730.75888049753  1.884131E-13
4730.79925480361  3.484261E-13
4730.8396144849  1.647045E-13
4730.87995954162  1.748342E-13
4730.92028997398  1.660077E-13
4730.96060578219  1.642547E-13
4731.00090696646  1.681467E-13
4731.041193527  1.595680E-13
4731.08146546401  1.631821E-13
4731.12172277769  1.591401E-13
4731.16196546823  1.691396E-13
4731.20219353581  1.590668E-13
4731.24240698064  1.620507E-13
4731.28260580289  1.602369E-13
4731.32279000275  1.663054E-13
4731.36295958038  1.563172E-13
4731.40311453597  1.616702E-13
4731.44325486969  1.565749E-13
4731.4833805817  1.596382E-13
4731.52349167217  1.550752E-13
4731.56358814125  1.687845E-13
4731.6036699891  1.707864E-13
4731.64373721588  1.683355E-13
4731.68378982174  1.659251E-13
4731.72382780681  1.642081E-13
4731.76385117125  1.553980E-13
4731.8038599152  1.685138E-13
4731.84385403878  1.376545E-13
4731.88383354213  1.508288E-13
4731.92379842538  1.484029E-13
4731.96374868866  1.545227E-13
4732.00368433209  1.594036E-13
4732.04360535578  1.549855E-13
4732.08351175985  1.722140E-13
4732.12340354441  1.865121E-13
4732.16328070958  1.846451E-13
4732.20314325545  1.812520E-13
4732.24299118212  1.759570E-12
4732.2828244897  1.650837E-13
4732.32264317828  1.827770E-13
4732.36244724795  1.750651E-13
4732.40223669879  1.722929E-13
4732.4420115309  1.683630E-13
4732.48177174434  1.653317E-13
4732.52151733921  1.498238E-13
4732.56124831557  1.504617E-13
4732.60096467349  1.603319E-13
4732.64066641303  1.507811E-13
4732.68035353427  1.741688E-13
4732.72002603726  1.623255E-13
4732.75968392206  1.651432E-13
4732.79932718872  1.614954E-13
4732.8389558373  1.578225E-13
4732.87856986782  1.632444E-13
4732.91816928035  1.597000E-13
4732.95775407492  1.573421E-13
4732.99732425155  1.607609E-13
4733.0368798103  1.559332E-13
4733.07642075118  1.582659E-13
4733.11594707423  1.651039E-13
4733.15545877945  1.451400E-13
4733.19495586688  1.550462E-13
4733.23443833652  1.517993E-13
4733.27390618839  1.652052E-13
4733.3133594225  1.656536E-13
4733.35279803885  1.732284E-13
4733.39222203744  1.486602E-13
4733.43163141827  1.593745E-13
4733.47102618134  1.582602E-13
4733.51040632663  1.630153E-13
4733.54977185413  1.617643E-13
4733.58912276384  1.563234E-13
4733.62845905572  1.617410E-13
4733.66778072976  1.633296E-13
4733.70708778593  1.586154E-13
4733.74638022419  1.577256E-13
4733.78565804453  1.612126E-13
4733.8249212469  1.589919E-13
4733.86416983126  1.556096E-13
4733.90340379757  1.731593E-13
4733.94262314578  1.564445E-13
4733.98182787584  1.504018E-13
4734.0210179877  1.611630E-13
4734.06019348131  1.606327E-13
4734.09935435659  1.567859E-13
4734.13850061349  1.608580E-13
4734.17763225195  1.659733E-13
4734.21674927188  1.645898E-13
4734.25585167323  1.623019E-13
4734.2949394559  1.599524E-13
4734.33401261982  1.489298E-13
4734.3730711649  1.471069E-13
4734.41211509107  1.591343E-13
4734.45114439822  1.667552E-13
4734.49015908626  1.742407E-13
4734.5291591551  1.574621E-13
4734.56814460463  1.653789E-13
4734.60711543475  1.576655E-13
4734.64607164536  1.546754E-13
4734.68501323633  1.651240E-13
4734.72394020756  1.560726E-13
4734.76285255893  1.726580E-13
4734.80175029031  1.599542E-13
4734.84063340159  1.661593E-13
4734.87950189263  1.610472E-13
4734.9183557633  1.716471E-13
4734.95719501347  1.671933E-13
4734.99601964301  1.658681E-13
4735.03482965176  1.709017E-13
4735.07362503958  1.648048E-13
4735.11240580633  1.601231E-13
4735.15117195185  1.632755E-13
4735.18992347599  1.732362E-13
4735.22866037859  1.727345E-13
4735.26738265949  1.668116E-13
4735.30609031851  1.656490E-13
4735.34478335551  1.638394E-13
4735.38346177029  1.673954E-13
4735.4221255627  1.652530E-13
4735.46077473254  1.624612E-13
4735.49940927964  1.702427E-13
4735.53802920381  1.508003E-13
4735.57663450487  1.547743E-13
4735.61522518261  1.533763E-13
4735.65380123686  1.469034E-13
4735.6923626674  1.449127E-13
4735.73090947403  1.499633E-13
4735.76944165656  1.604160E-13
4735.80795921476  1.661301E-13
4735.84646214844  1.786722E-13
4735.88495045737  1.950388E-13
4735.92342414134  1.982068E-13
4735.96188320012  2.823400E-13
4736.00032763349  4.698333E-13
4736.03875744122  2.047173E-13
4736.07717262308  1.990922E-13
4736.11557317883  1.746578E-13
4736.15395910824  1.751188E-13
4736.19233041105  1.716476E-13
4736.23068708704  1.557587E-13
4736.26902913595  1.568669E-13
4736.30735655752  1.581826E-13
4736.34566935151  1.556922E-13
4736.38396751765  1.550933E-13
4736.42225105569  1.484729E-13
4736.46051996535  1.692188E-13
4736.49877424637  1.502934E-13
4736.53701389848  1.583112E-13
4736.5752389214  1.451711E-13
4736.61344931486  1.528033E-13
4736.65164507857  1.569881E-13
4736.68982621226  1.637858E-13
4736.72799271562  1.500513E-13
4736.76614458838  1.633431E-13
4736.80428183023  1.569781E-13
4736.84240444088  1.555768E-13
4736.88051242003  1.586411E-13
4736.91860576737  1.466426E-13
4736.95668448259  1.628945E-13
4736.9947485654  1.614740E-13
4737.03279801546  1.628596E-13
4737.07083283247  1.586122E-13
4737.1088530161  1.599453E-13
4737.14685856602  1.615872E-13
4737.18484948193  1.619313E-13
4737.22282576347  1.622549E-13
4737.26078741033  1.640013E-13
4737.29873442216  1.490554E-13
4737.33666679862  1.566744E-13
4737.37458453937  1.444090E-13
4737.41248764406  1.671385E-13
4737.45037611234  1.585406E-13
4737.48824994387  1.750437E-13
4737.52610913828  1.574056E-13
4737.56395369522  1.561463E-13
4737.60178361432  1.605440E-13
4737.63959889521  1.797232E-13
4737.67739953754  1.682562E-13
4737.71518554092  1.468416E-13
4737.75295690498  1.621804E-13
4737.79071362935  1.711702E-13
4737.82845571364  1.580065E-13
4737.86618315746  1.666148E-13
4737.90389596043  1.710917E-13
4737.94159412216  1.650000E-13
4737.97927764224  1.479307E-13
4738.0169465203  1.611471E-13
4738.05460075592  1.379984E-13
4738.0922403487  1.710245E-13
4738.12986529823  1.584162E-13
4738.16747560411  1.508745E-13
4738.20507126591  1.611401E-13
4738.24265228323  1.483650E-13
4738.28021865564  1.611608E-13
4738.31777038272  1.481162E-13
4738.35530746405  1.596877E-13
4738.39282989919  1.491249E-13
4738.43033768771  1.657070E-13
4738.46783082918  1.622092E-13
4738.50530932316  1.568447E-13
4738.54277316921  1.674326E-13
4738.58022236687  1.413707E-13
4738.61765691572  1.562852E-13
4738.65507681528  1.642531E-13
4738.69248206512  1.647372E-13
4738.72987266476  1.549523E-13
4738.76724861376  1.481500E-13
4738.80460991164  1.717604E-13
4738.84195655794  1.551370E-13
4738.8792885522  1.691432E-13
4738.91660589393  1.567835E-13
4738.95390858267  1.530044E-13
4738.99119661793  1.543356E-13
4739.02846999923  1.594175E-13
4739.06572872608  1.670237E-13
4739.102972798  1.564845E-13
4739.1402022145  1.483289E-13
4739.17741697508  1.654015E-13
4739.21461707924  1.636297E-13
4739.25180252649  1.622798E-13
4739.28897331632  1.675394E-13
4739.32612944821  1.674996E-13
4739.36327092168  1.762729E-13
4739.40039773619  1.576068E-13
4739.43750989124  1.596159E-13
4739.4746073863  1.695115E-13
4739.51169022086  1.693624E-13
4739.54875839438  1.635757E-13
4739.58581190634  1.656444E-13
4739.62285075622  1.534390E-13
4739.65987494347  1.561509E-13
4739.69688446756  1.632408E-13
4739.73387932795  1.392712E-13
4739.77085952408  1.223321E-13
4739.80782505543  1.397738E-13
4739.84477592145  1.576396E-13
4739.88171212156  1.580603E-13
4739.91863365523  1.505925E-13
4739.9555405219  1.595289E-13
4739.99243272099  1.433443E-13
4740.02931025195  1.484132E-13
4740.06617311422  1.391770E-13
4740.10302130722  1.380686E-13
4740.13985483038  1.709873E-13
4740.17667368312  1.477891E-13
4740.21347786486  1.640230E-13
4740.25026737503  1.631780E-13
4740.28704221303  1.795424E-13
4740.32380237828  1.582627E-13
4740.36054787019  1.603374E-13
4740.39727868816  1.289665E-13
4740.4339948316  1.521986E-13
4740.47069629991  1.743404E-13
4740.50738309248  1.709435E-13
4740.54405520871  1.585336E-13
4740.580712648  1.590928E-13
4740.61735540972  1.569807E-13
4740.65398349327  1.440498E-13
4740.69059689803  1.574472E-13
4740.72719562337  1.708675E-13
4740.76377966868  1.629123E-13
4740.80034903333  1.638689E-13
4740.83690371669  1.482476E-13
4740.87344371813  1.705309E-13
4740.90996903701  1.552462E-13
4740.9464796727  1.604540E-13
4740.98297562456  1.681654E-13
4741.01945689193  1.646201E-13
4741.05592347419  1.460879E-13
4741.09237537067  1.737531E-13
4741.12881258073  1.506510E-13
4741.16523510371  1.581571E-13
4741.20164293896  1.560232E-13
4741.2380360858  1.606158E-13
4741.27441454359  1.628910E-13
4741.31077831165  1.756498E-13
4741.34712738931  1.552760E-13
4741.38346177591  1.635607E-13
4741.41978147077  1.598708E-13
4741.45608647321  1.607643E-13
4741.49237678255  1.613244E-13
4741.52865239811  1.658200E-13
4741.5649133192  1.367033E-13
4741.60115954514  1.669139E-13
4741.63739107522  1.597517E-13
4741.67360790877  1.560507E-13
4741.70981004507  1.818709E-13
4741.74599748344  1.596373E-13
4741.78217022316  1.668602E-13
4741.81832826354  1.888217E-13
4741.85447160386  1.550861E-13
4741.89060024342  1.685158E-13
4741.9267141815  1.747612E-13
4741.96281341737  1.576771E-13
4741.99889795034  1.647009E-13
4742.03496777967  1.708718E-13
4742.07102290463  1.511453E-13
4742.10706332451  1.800423E-13
4742.14308903856  1.536321E-13
4742.17910004606  1.472518E-13
4742.21509634628  1.725213E-13
4742.25107793847  1.741863E-13
4742.28704482189  1.531370E-13
4742.32299699579  1.486067E-13
4742.35893445944  1.612177E-13
4742.39485721209  1.558301E-13
4742.43076525297  1.677052E-13
4742.46665858134  1.670703E-13
4742.50253719644  1.519786E-13
4742.53840109751  1.659299E-13
4742.57425028379  1.661488E-13
4742.61008475451  1.588506E-13
4742.6459045089  1.602419E-13
4742.68170954619  1.534467E-13
4742.71749986561  1.550034E-13
4742.75327546639  1.441533E-13
4742.78903634774  1.412621E-13
4742.82478250888  1.644684E-13
4742.86051394903  1.521772E-13
4742.89623066741  1.313788E-13
4742.93193266322  1.575420E-13
4742.96761993567  1.520144E-13
4743.00329248397  1.530915E-13
4743.03895030733  1.523554E-13
4743.07459340493  1.494344E-13
4743.11022177598  1.607317E-13
4743.14583541968  1.451874E-13
4743.18143433521  1.685234E-13
4743.21701852177  1.443194E-13
4743.25258797855  1.480930E-13
4743.28814270472  1.830316E-13
4743.32368269948  1.959266E-13
4743.35920796199  1.486642E-13
4743.39471849145  1.664529E-13
4743.43021428702  1.687328E-13
4743.46569534787  1.471024E-13
4743.50116167317  1.432045E-13
4743.53661326211  1.548301E-13
4743.57205011382  1.534605E-13
4743.60747222748  1.626613E-13
4743.64287960225  1.484869E-13
4743.67827223729  1.629751E-13
4743.71365013174  1.751714E-13
4743.74901328476  1.763807E-13
4743.7843616955  1.601393E-13
4743.81969536311  1.501995E-13
4743.85501428673  1.595224E-13
4743.8903184655  1.455911E-13
4743.92560789856  1.669159E-13
4743.96088258505  1.677810E-13
4743.99614252411  1.822858E-13
4744.03138771486  1.534830E-13
4744.06661815643  1.535921E-13
4744.10183384795  1.728337E-13
4744.13703478855  1.597325E-13
4744.17222097735  1.792203E-13
4744.20739241347  1.480045E-13
4744.24254909602  1.601349E-13
4744.27769102412  1.470455E-13
4744.31281819688  1.460126E-13
4744.34793061341  1.514538E-13
4744.38302827283  1.591767E-13
4744.41811117422  1.430370E-13
4744.45317931671  1.725130E-13
4744.48823269938  1.771526E-13
4744.52327132134  1.662582E-13
4744.55829518168  1.747348E-13
4744.59330427949  1.648010E-13
4744.62829861387  1.611007E-13
4744.6632781839  1.440698E-13
4744.69824298867  1.519656E-13
4744.73319302727  1.706815E-13
4744.76812829877  1.526626E-13
4744.80304880225  1.538367E-13
4744.83795453679  1.479581E-13
4744.87284550147  1.685085E-13
4744.90772169535  1.512049E-13
4744.94258311751  1.768752E-13
4744.97742976701  1.627690E-13
4745.01226164293  1.684085E-13
4745.04707874431  1.460077E-13
4745.08188107022  1.774954E-13
4745.11666861973  1.678337E-13
4745.15144139188  1.757273E-13
4745.18619938572  1.497078E-13
4745.22094260032  1.388914E-13
4745.25567103472  1.631178E-13
4745.29038468796  1.450834E-13
4745.3250835591  1.503418E-13
4745.35976764716  1.646060E-13
4745.3944369512  1.508156E-13
4745.42909147025  1.952980E-13
4745.46373120334  1.452568E-13
4745.49835614952  1.851376E-13
4745.5329663078  1.530228E-13
4745.56756167722  1.436228E-13
4745.60214225681  1.626849E-13
4745.63670804559  1.622174E-13
4745.67125904258  1.739730E-13
4745.7057952468  1.372572E-13
4745.74031665727  1.674195E-13
4745.774823273  1.687142E-13
4745.80931509301  1.555036E-13
4745.84379211631  1.494000E-13
4745.87825434191  1.582625E-13
4745.91270176882  1.933409E-13
4745.94713439603  1.403198E-13
4745.98155222256  1.578853E-13
4746.01595524741  1.579177E-13
4746.05034346956  1.956610E-13
4746.08471688802  1.656063E-13
4746.11907550178  1.454203E-13
4746.15341930983  1.735470E-13
4746.18774831117  1.717706E-13
4746.22206250478  1.706843E-13
4746.25636188965  1.783384E-13
4746.29064646475  1.436229E-13
4746.32491622908  1.861272E-13
4746.3591711816  2.005737E-13
4746.3934113213  1.854013E-13
4746.42763664716  1.632219E-13
4746.46184715814  1.691010E-13
4746.49604285322  1.839657E-13
4746.53022373137  1.832315E-13
4746.56438979154  1.845397E-13
4746.59854103272  1.776540E-13
4746.63267745385  1.442586E-13
4746.6667990539  1.760249E-13
4746.70090583184  1.796511E-13
4746.73499778661  1.538561E-13
4746.76907491717  1.653199E-13
4746.80313722248  1.347422E-13
4746.83718470148  1.887686E-13
4746.87121735312  1.879834E-13
4746.90523517635  1.641202E-13
4746.93923817012  1.919139E-13
4746.97322633337  1.435101E-13
4747.00719966503  1.811779E-13
4747.04115816405  1.529252E-13
4747.07510182937  1.845748E-13
4747.10903065991  1.743154E-13
4747.14294465461  1.679361E-13
4747.17684381241  1.897023E-13
4747.21072813223  1.717444E-13
4747.244597613  1.604761E-13
4747.27845225364  1.520979E-13
4747.31229205308  1.581785E-13
4747.34611701024  2.164716E-13
4747.37992712404  1.805722E-13
4747.41372239339  1.624875E-13
4747.44750281722  1.371509E-13
4747.48126839443  1.690165E-13
4747.51501912394  1.399895E-13
4747.54875500466  1.807726E-13
4747.58247603549  1.770825E-13
4747.61618221535  1.922398E-13
4747.64987354313  1.669363E-13
4747.68355001774  1.395980E-13
4747.71721163809  1.638787E-13
4747.75085840306  1.795646E-13
4747.78449031156  1.710321E-13
4747.81810736249  1.825647E-13
4747.85170955472  1.853392E-13
4747.88529688717  1.892432E-13
4747.91886935871  1.787972E-13
4747.95242696824  1.433768E-13
4747.98596971464  1.905309E-13
4748.0194975968  1.697721E-13
4748.0530106136  1.412162E-13
4748.08650876392  1.644915E-13
4748.11999204664  2.054744E-13
4748.15346046063  1.770844E-13
4748.18691400478  1.503342E-13
4748.22035267796  1.809705E-13
4748.25377647903  1.438167E-13
4748.28718540688  1.514312E-13
4748.32057946036  1.351530E-13
4748.35395863835  1.566833E-13
4748.38732293971  1.774625E-13
4748.42067236331  1.631592E-13
4748.45400690801  1.363501E-13
4748.48732657266  1.487767E-13
4748.52063135613  1.629087E-13
4748.55392125727  1.131759E-13
4748.58719627494  1.019980E-13
4748.620456408  6.300380E-13
4748.65370165529  1.761471E-12
4748.68693201566  8.279748E-14
4748.72014748797  1.033438E-13
4748.75334807106  1.705593E-13
4748.78653376377  1.855958E-13
4748.81970456495  1.964954E-13
4748.85286047345  1.694386E-13
4748.8860014881  1.464851E-13
4748.91912760773  1.408772E-13
4748.95223883121  1.515717E-13
4748.98533515734  1.632560E-13
4749.01841658497  1.815709E-13
4749.05148311294  2.293691E-13
4749.08453474006  1.673382E-13
4749.11757146518  1.572297E-13
4749.15059328712  1.585101E-13
4749.18360020471  1.581835E-13
4749.21659221677  2.239625E-13
4749.24956932212  1.515325E-13
4749.28253151959  1.657466E-13
4749.31547880799  2.001563E-13
4749.34841118616  1.484138E-13
4749.38132865289  1.800187E-13
4749.41423120701  1.853382E-13
4749.44711884734  1.546142E-13
4749.47999157268  1.735614E-13
4749.51284938185  1.510094E-13
4749.54569227365  1.430285E-13
4749.5785202469  1.535275E-13
4749.6113333004  1.779071E-13
4749.64413143296  2.096377E-13
4749.67691464338  1.944914E-13
4749.70968293046  2.209405E-13
4749.74243629301  1.610965E-13
4749.77517472982  1.807026E-13
4749.8078982397  1.816374E-13
4749.84060682144  1.931701E-13
4749.87330047382  2.240179E-13
4749.90597919566  1.788351E-13
4749.93864298574  2.002731E-13
4749.97129184285  1.912007E-13
4750.00392576579  1.833554E-13
4750.03654475333  1.458004E-13
4750.06914880428  1.453617E-13
4750.1017379174  1.791595E-13
4750.1343120915  1.634484E-13
4750.16687132534  1.443411E-13
4750.19941561772  1.645527E-13
4750.23194496741  2.244649E-13
4750.2644593732  1.665126E-13
4750.29695883385  1.425388E-13
4750.32944334815  1.444437E-13
4750.36191291487  1.661627E-13
4750.39436753279  1.796692E-13
4750.42680720068  1.442535E-13
4750.4592319173  1.859883E-13
4750.49164168143  1.953470E-13
4750.52403649185  1.867817E-13
4750.5564163473  1.634133E-13
4750.58878124657  1.739114E-13
4750.62113118841  1.728682E-13
4750.65346617159  1.330659E-13
4750.68578619488  1.888026E-13
4750.71809125703  1.673460E-13
4750.7503813568  1.640396E-13
4750.78265649295  1.434507E-13
4750.81491666424  1.607021E-13
4750.84716186943  1.855090E-13
4750.87939210727  1.365660E-13
4750.91160737652  1.331707E-13
4750.94380767592  1.799921E-13
4750.97599300423  1.522546E-13
4751.00816336021  1.444708E-13
4751.04031874259  1.433378E-13
4751.07245915013  1.750287E-13
4751.10458458158  1.772497E-13
4751.13669503567  1.348415E-13
4751.16879051116  1.992427E-13
4751.20087100679  1.862576E-13
4751.2329365213  1.547600E-13
4751.26498705343  1.717100E-13
4751.29702260193  1.322976E-13
4751.32904316553  2.047494E-13
4751.36104874296  1.379932E-13
4751.39303933298  2.019166E-13
4751.42501493431  2.076171E-13
4751.45697554569  1.695783E-13
4751.48892116584  1.648055E-13
4751.52085179352  1.693830E-13
4751.55276742744  1.158840E-13
4751.58466806633  1.640527E-13
4751.61655370894  1.445329E-13
4751.64842435398  1.438766E-13
4751.68028000018  1.700743E-13
4751.71212064627  1.991961E-13
4751.74394629098  1.352611E-13
4751.77575693302  2.292608E-13
4751.80755257113  1.417904E-13
4751.83933320403  1.016900E-13
4751.87109883043  1.325600E-13
4751.90284944907  1.611790E-13
4751.93458505864  1.160475E-13
4751.9663056579  1.175478E-13
4751.99801124553  1.566113E-13
4752.02970182026  1.702794E-13
4752.06137738081  2.006343E-13
4752.0930379259  1.729726E-13
4752.12468345423  1.997478E-13
4752.15631396453  1.544761E-13
4752.18792945549  1.651461E-13
4752.21952992584  1.594539E-13
4752.25111537428  1.023186E-13
4752.28268579953  1.111235E-13
4752.31424120029  1.130045E-13
4752.34578157527  1.193099E-13
