   4800.10010       3.50000011E-14
   4800.20020       3.50000011E-14
   4800.29980       3.50000011E-14
   4800.39990       3.50000011E-14
   4800.50000       3.50000011E-14
   4800.60010       3.50000011E-14
   4800.70020       3.50000011E-14
   4800.79980       3.50000011E-14
   4800.89990       3.50000011E-14
   4801.00000       3.50000011E-14
   4801.10010       3.50000011E-14
   4801.20020       3.50000011E-14
   4801.29980       3.50000011E-14
   4801.39990       3.50000011E-14
   4801.50000       3.50000011E-14
   4801.60010       3.50000011E-14
   4801.70020       3.50000011E-14
   4801.79980       3.50000011E-14
   4801.89990       3.50000011E-14
   4802.00000       3.50000011E-14
   4802.10010       3.50000011E-14
   4802.20020       3.50000011E-14
   4802.29980       3.50000011E-14
   4802.39990       3.50000011E-14
   4802.50000       3.50000011E-14
   4802.60010       3.50000011E-14
   4802.70020       3.50000011E-14
   4802.79980       3.50000011E-14
   4802.89990       3.50000011E-14
   4803.00000       3.50000011E-14
   4803.10010       3.50000011E-14
   4803.20020       3.50000011E-14
   4803.29980       3.50000011E-14
   4803.39990       3.50000011E-14
   4803.50000       3.50000011E-14
   4803.60010       3.50000011E-14
   4803.70020       3.50000011E-14
   4803.79980       3.50000011E-14
   4803.89990       3.50000011E-14
   4804.00000       3.50000011E-14
   4804.10010       3.50000011E-14
   4804.20020       3.50000011E-14
   4804.29980       3.50000011E-14
   4804.39990       3.50000011E-14
   4804.50000       3.50000011E-14
   4804.60010       3.50000011E-14
   4804.70020       3.50000011E-14
   4804.79980       3.50000011E-14
   4804.89990       3.50000011E-14
   4805.00000       3.50000011E-14
   4805.10010       3.50000011E-14
   4805.20020       3.50000011E-14
   4805.29980       3.50000011E-14
   4805.39990       3.50000011E-14
   4805.50000       3.50000011E-14
   4805.60010       3.50000011E-14
   4805.70020       3.50000011E-14
   4805.79980       3.50000011E-14
   4805.89990       3.50000011E-14
   4806.00000       3.50000011E-14
   4806.10010       3.50000011E-14
   4806.20020       3.50000011E-14
   4806.29980       3.50000011E-14
   4806.39990       3.50000011E-14
   4806.50000       3.50000011E-14
   4806.60010       3.50000011E-14
   4806.70020       3.50000011E-14
   4806.79980       3.50000011E-14
   4806.89990       3.50000011E-14
   4807.00000       3.50000011E-14
   4807.10010       3.50000011E-14
   4807.20020       3.50000011E-14
   4807.29980       3.50000011E-14
   4807.39990       3.50000011E-14
   4807.50000       3.50000011E-14
   4807.60010       3.50000011E-14
   4807.70020       3.50000011E-14
   4807.79980       3.50000011E-14
   4807.89990       3.50000011E-14
   4808.00000       3.50000011E-14
   4808.10010       3.50000011E-14
   4808.20020       3.50000011E-14
   4808.29980       3.50000011E-14
   4808.39990       3.50000011E-14
   4808.50000       3.50000011E-14
   4808.60010       3.50000011E-14
   4808.70020       3.50000011E-14
   4808.79980       3.50000011E-14
   4808.89990       3.50000011E-14
   4809.00000       3.50000011E-14
   4809.10010       3.50000011E-14
   4809.20020       3.50000011E-14
   4809.29980       3.50000011E-14
   4809.39990       3.50000011E-14
   4809.50000       3.50000011E-14
   4809.60010       3.50000011E-14
   4809.70020       3.50000011E-14
   4809.79980       3.50000011E-14
   4809.89990       3.50000011E-14
   4810.00000       3.50000011E-14
   4810.10010       3.50000011E-14
   4810.20020       3.50000011E-14
   4810.29980       3.50000011E-14
   4810.39990       3.50000011E-14
   4810.50000       3.50000011E-14
   4810.60010       3.50000011E-14
   4810.70020       3.50000011E-14
   4810.79980       3.50000011E-14
   4810.89990       3.50000011E-14
   4811.00000       3.50000011E-14
   4811.10010       3.50000011E-14
   4811.20020       3.50000011E-14
   4811.29980       3.50000011E-14
   4811.39990       3.50000011E-14
   4811.50000       3.50000011E-14
   4811.60010       3.50000011E-14
   4811.70020       3.50000011E-14
   4811.79980       3.50000011E-14
   4811.89990       3.50000011E-14
   4812.00000       3.50000011E-14
   4812.10010       3.50000011E-14
   4812.20020       3.50000011E-14
   4812.29980       3.50000011E-14
   4812.39990       3.50000011E-14
   4812.50000       3.50000011E-14
   4812.60010       3.50000011E-14
   4812.70020       3.50000011E-14
   4812.79980       3.50000011E-14
   4812.89990       3.50000011E-14
   4813.00000       3.50000011E-14
   4813.10010       3.50000011E-14
   4813.20020       3.50000011E-14
   4813.29980       3.50000011E-14
   4813.39990       3.50000011E-14
   4813.50000       3.50000011E-14
   4813.60010       3.50000011E-14
   4813.70020       3.50000011E-14
   4813.79980       3.50000011E-14
   4813.89990       3.50000011E-14
   4814.00000       3.50000011E-14
   4814.10010       3.50000011E-14
   4814.20020       3.50000011E-14
   4814.29980       3.50000011E-14
   4814.39990       3.50000011E-14
   4814.50000       3.50000011E-14
   4814.60010       3.50000011E-14
   4814.70020       3.50000011E-14
   4814.79980       3.50000011E-14
   4814.89990       3.50000011E-14
   4815.00000       3.50000011E-14
   4815.10010       3.50000011E-14
   4815.20020       3.50000011E-14
   4815.29980       3.50000011E-14
   4815.39990       3.50000011E-14
   4815.50000       3.50000011E-14
   4815.60010       3.50000011E-14
   4815.70020       3.50000011E-14
   4815.79980       3.50000011E-14
   4815.89990       3.50000011E-14
   4816.00000       3.50000011E-14
   4816.10010       3.50000011E-14
   4816.20020       3.50000011E-14
   4816.29980       3.50000011E-14
   4816.39990       3.50000011E-14
   4816.50000       3.50000011E-14
   4816.60010       3.50000011E-14
   4816.70020       3.50000011E-14
   4816.79980       3.50000011E-14
   4816.89990       3.50000011E-14
   4817.00000       3.50000011E-14
   4817.10010       3.50000011E-14
   4817.20020       3.50000011E-14
   4817.29980       3.50000011E-14
   4817.39990       3.50000011E-14
   4817.50000       3.50000011E-14
   4817.60010       3.50000011E-14
   4817.70020       3.50000011E-14
   4817.79980       3.50000011E-14
   4817.89990       3.50000011E-14
   4818.00000       3.50000011E-14
   4818.10010       3.50000011E-14
   4818.20020       3.50000011E-14
   4818.29980       3.50000011E-14
   4818.39990       3.50000011E-14
   4818.50000       3.50000011E-14
   4818.60010       3.50000011E-14
   4818.70020       3.50000011E-14
   4818.79980       3.50000011E-14
   4818.89990       3.50000011E-14
   4819.00000       3.50000011E-14
   4819.10010       3.50000011E-14
   4819.20020       3.50000011E-14
   4819.29980       3.50000011E-14
   4819.39990       3.50000011E-14
   4819.50000       3.50000011E-14
   4819.60010       3.50000011E-14
   4819.70020       3.50000011E-14
   4819.79980       3.50000011E-14
   4819.89990       3.50000011E-14
   4820.00000       3.50000011E-14
   4820.10010       3.50000011E-14
   4820.20020       3.50000011E-14
   4820.29980       3.50000011E-14
   4820.39990       3.50000011E-14
   4820.50000       3.50000011E-14
   4820.60010       3.50000011E-14
   4820.70020       3.50000011E-14
   4820.79980       3.50000011E-14
   4820.89990       3.50000011E-14
   4821.00000       3.50000011E-14
   4821.10010       3.50000011E-14
   4821.20020       3.50000011E-14
   4821.29980       3.50000011E-14
   4821.39990       3.50000011E-14
   4821.50000       3.50000011E-14
   4821.60010       3.50000011E-14
   4821.70020       3.50000011E-14
   4821.79980       3.50000011E-14
   4821.89990       3.50000011E-14
   4822.00000       3.50000011E-14
   4822.10010       3.50000011E-14
   4822.20020       3.50000011E-14
   4822.29980       3.50000011E-14
   4822.39990       3.50000011E-14
   4822.50000       3.50000011E-14
   4822.60010       3.50000011E-14
   4822.70020       3.50000011E-14
   4822.79980       3.50000011E-14
   4822.89990       3.50000011E-14
   4823.00000       3.50000011E-14
   4823.10010       3.50000011E-14
   4823.20020       3.50000011E-14
   4823.29980       3.50000011E-14
   4823.39990       3.50000011E-14
   4823.50000       3.50000011E-14
   4823.60010       3.50000011E-14
   4823.70020       3.50000011E-14
   4823.79980       3.50000011E-14
   4823.89990       3.50000011E-14
   4824.00000       3.50000011E-14
   4824.10010       3.50000011E-14
   4824.20020       3.50000011E-14
   4824.29980       3.50000011E-14
   4824.39990       3.50000011E-14
   4824.50000       3.50000011E-14
   4824.60010       3.50000011E-14
   4824.70020       3.50000011E-14
   4824.79980       3.50000011E-14
   4824.89990       3.50000011E-14
   4825.00000       3.50000011E-14
   4825.10010       3.50000011E-14
   4825.20020       3.50000011E-14
   4825.29980       3.50000011E-14
   4825.39990       3.50000011E-14
   4825.50000       3.50000011E-14
   4825.60010       3.50000011E-14
   4825.70020       3.50000011E-14
   4825.79980       3.50000011E-14
   4825.89990       3.50000011E-14
   4826.00000       3.50000011E-14
   4826.10010       3.50000011E-14
   4826.20020       3.50000011E-14
   4826.29980       3.50000011E-14
   4826.39990       3.50000011E-14
   4826.50000       3.50000011E-14
   4826.60010       3.50000011E-14
   4826.70020       3.50000011E-14
   4826.79980       3.50000011E-14
   4826.89990       3.50000011E-14
   4827.00000       3.50000011E-14
   4827.10010       3.50000011E-14
   4827.20020       3.50000011E-14
   4827.29980       3.50000011E-14
   4827.39990       3.50000011E-14
   4827.50000       3.50000011E-14
   4827.60010       3.50000011E-14
   4827.70020       3.50000011E-14
   4827.79980       3.50000011E-14
   4827.89990       3.50000011E-14
   4828.00000       3.50000011E-14
   4828.10010       3.50000011E-14
   4828.20020       3.50000011E-14
   4828.29980       3.50000011E-14
   4828.39990       3.50000011E-14
   4828.50000       3.50000011E-14
   4828.60010       3.50000011E-14
   4828.70020       3.50000011E-14
   4828.79980       3.50000011E-14
   4828.89990       3.50000011E-14
   4829.00000       3.50000011E-14
   4829.10010       3.50000011E-14
   4829.20020       3.50000011E-14
   4829.29980       3.50000011E-14
   4829.39990       3.50000011E-14
   4829.50000       3.50000011E-14
   4829.60010       3.50000011E-14
   4829.70020       3.50000011E-14
   4829.79980       3.50000011E-14
   4829.89990       3.50000011E-14
   4830.00000       3.50000011E-14
   4830.10010       3.50000011E-14
   4830.20020       3.50000011E-14
   4830.29980       3.50000011E-14
   4830.39990       3.50000011E-14
   4830.50000       3.50000011E-14
   4830.60010       3.50000011E-14
   4830.70020       3.50000011E-14
   4830.79980       3.50000011E-14
   4830.89990       3.50000011E-14
   4831.00000       3.50000011E-14
   4831.10010       3.50000011E-14
   4831.20020       3.50000011E-14
   4831.29980       3.50000011E-14
   4831.39990       3.50000011E-14
   4831.50000       3.50000011E-14
   4831.60010       3.50000011E-14
   4831.70020       3.50000011E-14
   4831.79980       3.50000011E-14
   4831.89990       3.50000011E-14
   4832.00000       3.50000011E-14
   4832.10010       3.50000011E-14
   4832.20020       3.50000011E-14
   4832.29980       3.50000011E-14
   4832.39990       3.50000011E-14
   4832.50000       3.50000011E-14
   4832.60010       3.50000011E-14
   4832.70020       3.50000011E-14
   4832.79980       3.50000011E-14
   4832.89990       3.50000011E-14
   4833.00000       3.50000011E-14
   4833.10010       3.50000011E-14
   4833.20020       3.50000011E-14
   4833.29980       3.50000011E-14
   4833.39990       3.50000011E-14
   4833.50000       3.50000011E-14
   4833.60010       3.50000011E-14
   4833.70020       3.50000011E-14
   4833.79980       3.50000011E-14
   4833.89990       3.50000011E-14
   4834.00000       3.50000011E-14
   4834.10010       3.50000011E-14
   4834.20020       3.50000011E-14
   4834.29980       3.50000011E-14
   4834.39990       3.50000011E-14
   4834.50000       3.50000011E-14
   4834.60010       3.50000011E-14
   4834.70020       3.50000011E-14
   4834.79980       3.50000011E-14
   4834.89990       3.50000011E-14
   4835.00000       3.50000011E-14
   4835.10010       3.50000011E-14
   4835.20020       3.50000011E-14
   4835.29980       3.50000011E-14
   4835.39990       3.50000011E-14
   4835.50000       3.50000011E-14
   4835.60010       3.50000011E-14
   4835.70020       3.50000011E-14
   4835.79980       3.50000011E-14
   4835.89990       3.50000011E-14
   4836.00000       3.50000011E-14
   4836.10010       3.50000011E-14
   4836.20020       3.50000011E-14
   4836.29980       3.50000011E-14
   4836.39990       3.50000011E-14
   4836.50000       3.50000011E-14
   4836.60010       3.50000011E-14
   4836.70020       3.50000011E-14
   4836.79980       3.50000011E-14
   4836.89990       3.50000011E-14
   4837.00000       3.50000011E-14
   4837.10010       3.50000011E-14
   4837.20020       3.50000011E-14
   4837.29980       3.50000011E-14
   4837.39990       3.50000011E-14
   4837.50000       3.50000011E-14
   4837.60010       3.50000011E-14
   4837.70020       3.50000011E-14
   4837.79980       3.50000011E-14
   4837.89990       3.50000011E-14
   4838.00000       3.50000011E-14
   4838.10010       3.50000011E-14
   4838.20020       3.50000011E-14
   4838.29980       3.50000011E-14
   4838.39990       3.50000011E-14
   4838.50000       3.50000011E-14
   4838.60010       3.50000011E-14
   4838.70020       3.50000011E-14
   4838.79980       3.50000011E-14
   4838.89990       3.50000011E-14
   4839.00000       3.50000011E-14
   4839.10010       3.50000011E-14
   4839.20020       3.50000011E-14
   4839.29980       3.50000011E-14
   4839.39990       3.50000011E-14
   4839.50000       3.50000011E-14
   4839.60010       3.50000011E-14
   4839.70020       3.50000011E-14
   4839.79980       3.50000011E-14
   4839.89990       3.50000011E-14
   4840.00000       3.50000011E-14
   4840.10010       3.50000011E-14
   4840.20020       3.50000011E-14
   4840.29980       3.50000011E-14
   4840.39990       3.50000011E-14
   4840.50000       3.50000011E-14
   4840.60010       3.50000011E-14
   4840.70020       3.50000011E-14
   4840.79980       3.50000011E-14
   4840.89990       3.50000011E-14
   4841.00000       3.50000011E-14
   4841.10010       3.50000045E-14
   4841.20020       3.50000045E-14
   4841.29980       3.50000045E-14
   4841.39990       3.50000079E-14
   4841.50000       3.50000079E-14
   4841.60010       3.50000112E-14
   4841.70020       3.50000180E-14
   4841.79980       3.50000214E-14
   4841.89990       3.50000316E-14
   4842.00000       3.50000417E-14
   4842.10010       3.50000587E-14
   4842.20020       3.50000790E-14
   4842.29980       3.50001095E-14
   4842.39990       3.50001468E-14
   4842.50000       3.50001976E-14
   4842.60010       3.50002687E-14
   4842.70020       3.50003602E-14
   4842.79980       3.50004788E-14
   4842.89990       3.50006414E-14
   4843.00000       3.50008515E-14
   4843.10010       3.50011293E-14
   4843.20020       3.50014919E-14
   4843.29980       3.50019628E-14
   4843.39990       3.50025727E-14
   4843.50000       3.50033621E-14
   4843.60010       3.50043752E-14
   4843.70020       3.50056728E-14
   4843.79980       3.50073228E-14
   4843.89990       3.50094303E-14
   4844.00000       3.50121001E-14
   4844.10010       3.50154679E-14
   4844.20020       3.50197031E-14
   4844.29980       3.50249750E-14
   4844.39990       3.50315785E-14
   4844.50000       3.50397879E-14
   4844.60010       3.50499455E-14
   4844.70020       3.50624715E-14
   4844.79980       3.50777689E-14
   4844.89990       3.50965662E-14
   4845.00000       3.51194734E-14
   4845.10010       3.51472730E-14
   4845.20020       3.51808867E-14
   4845.29980       3.52211411E-14
   4845.39990       3.52696455E-14
   4845.50000       3.53275894E-14
   4845.60010       3.53965412E-14
   4845.70020       3.54782562E-14
   4845.79980       3.55742081E-14
   4845.89990       3.56875242E-14
   4846.00000       3.58202102E-14
   4846.10010       3.59749496E-14
   4846.20020       3.61546628E-14
   4846.29980       3.63614473E-14
   4846.39990       3.66007341E-14
   4846.50000       3.68752338E-14
   4846.60010       3.71888189E-14
   4846.70020       3.75455587E-14
   4846.79980       3.79475809E-14
   4846.89990       3.84031660E-14
   4847.00000       3.89148789E-14
   4847.10010       3.94871683E-14
   4847.20020       4.01244115E-14
   4847.29980       4.08272625E-14
   4847.39990       4.16066412E-14
   4847.50000       4.24630288E-14
   4847.60010       4.33997795E-14
   4847.70020       4.44197393E-14
   4847.79980       4.55195404E-14
   4847.89990       4.67114852E-14
   4848.00000       4.79910843E-14
   4848.10010       4.93581040E-14
   4848.20020       5.08112805E-14
   4848.29980       5.23405375E-14
   4848.39990       5.39573066E-14
   4848.50000       5.56494785E-14
   4848.60010       5.74109309E-14
   4848.70020       5.92341998E-14
   4848.79980       6.11012773E-14
   4848.89990       6.30204371E-14
   4849.00000       6.49713505E-14
   4849.10010       6.69415559E-14
   4849.20020       6.89175076E-14
   4849.29980       7.08752176E-14
   4849.39990       7.28187042E-14
   4849.50000       7.47225497E-14
   4849.60010       7.65705452E-14
   4849.70020       7.83463599E-14
   4849.79980       8.00257348E-14
   4849.89990       8.16092257E-14
   4850.00000       8.30730070E-14
   4850.10010       8.44025032E-14
   4850.20020       8.55841954E-14
   4850.29980       8.66012855E-14
   4850.39990       8.74530347E-14
   4850.50000       8.81250165E-14
   4850.60010       8.86099869E-14
   4850.70020       8.89027079E-14
   4850.79980       8.90000015E-14
   4850.89990       8.89017592E-14
   4851.00000       8.86080895E-14
   4851.10010       8.81221772E-14
   4851.20020       8.74493146E-14
   4851.29980       8.66012855E-14
   4851.39990       8.55788151E-14
   4851.50000       8.43963706E-14
   4851.60010       8.30661833E-14
   4851.70020       8.16017853E-14
   4851.79980       8.00257348E-14
   4851.89990       7.83379031E-14
   4852.00000       7.65616954E-14
   4852.10010       7.47133814E-14
   4852.20020       7.28093123E-14
   4852.29980       7.08752176E-14
   4852.39990       6.89078785E-14
   4852.50000       6.69319201E-14
   4852.60010       6.49617757E-14
   4852.70020       6.30109910E-14
   4852.79980       6.11012773E-14
   4852.89990       5.92251739E-14
   4853.00000       5.74021760E-14
   4853.10010       5.56410522E-14
   4853.20020       5.39492360E-14
   4853.29980       5.23405375E-14
   4853.39990       5.08039859E-14
   4853.50000       4.93512227E-14
   4853.60010       4.79846299E-14
   4853.70020       4.67054577E-14
   4853.79980       4.55195404E-14
   4853.89990       4.44145588E-14
   4854.00000       4.33950090E-14
   4854.10010       4.24586581E-14
   4854.20020       4.16026568E-14
   4854.29980       4.08272625E-14
   4854.39990       4.01211420E-14
   4854.50000       3.94842206E-14
   4854.60010       3.89122396E-14
   4854.70020       3.84008113E-14
   4854.79980       3.79475809E-14
   4854.89990       3.75437054E-14
   4855.00000       3.71871892E-14
   4855.10010       3.68738040E-14
   4855.20020       3.65994839E-14
   4855.29980       3.63614473E-14
   4855.39990       3.61537209E-14
   4855.50000       3.59741364E-14
   4855.60010       3.58195122E-14
   4855.70020       3.56869279E-14
   4855.79980       3.55742081E-14
   4855.89990       3.54778259E-14
   4856.00000       3.53961753E-14
   4856.10010       3.53272811E-14
   4856.20020       3.52693881E-14
   4856.29980       3.52211411E-14
   4856.39990       3.51807071E-14
   4856.50000       3.51471239E-14
   4856.60010       3.51193514E-14
   4856.70020       3.50964680E-14
   4856.79980       3.50777689E-14
   4856.89990       3.50624037E-14
   4857.00000       3.50498913E-14
   4857.10010       3.50397439E-14
   4857.20020       3.50315446E-14
   4857.29980       3.50249750E-14
   4857.39990       3.50196793E-14
   4857.50000       3.50154510E-14
   4857.60010       3.50120865E-14
   4857.70020       3.50094269E-14
   4857.79980       3.50073635E-14
   4857.89990       3.50058761E-14
   4858.00000       3.50053577E-14
   4858.10010       3.50076447E-14
   4858.20020       3.50195642E-14
   4858.29980       3.50631220E-14
   4858.39990       3.52038040E-14
   4858.50000       3.56123415E-14
   4858.60010       3.66872534E-14
   4858.70020       3.92500939E-14
   4858.79980       4.47422420E-14
   4858.89990       5.54839920E-14
   4859.00000       7.43352726E-14
   4859.10010       1.03985139E-13
   4859.20020       1.45492423E-13
   4859.29980       1.96362444E-13
   4859.39990       2.50663964E-13
   4859.50000       2.98242171E-13
   4859.60010       3.28451377E-13
   4859.70020       3.33758086E-13
   4859.79980       3.12943492E-13
   4859.89990       2.71125922E-13
   4860.00000       2.18217453E-13
   4860.10010       1.64899317E-13
   4860.20020       1.19375958E-13
   4860.29980       8.61888211E-14
   4860.39990       6.67443328E-14
   4860.50000       6.36282070E-14
   4860.60010       8.53574413E-14
   4860.70020       1.54517837E-13
   4860.79980       3.16740422E-13
   4860.89990       6.53308625E-13
   4861.00000       1.27717715E-12
   4861.10010       2.31494229E-12
   4861.20020       3.85700890E-12
   4861.29980       5.87562551E-12
   4861.39990       8.20513449E-12
   4861.50000       1.04726297E-11
   4861.60010       1.22130379E-11
   4861.70020       1.30114357E-11
   4861.79980       1.26675051E-11
   4861.89990       1.12672094E-11
   4862.00000       9.15602403E-12
   4862.10010       6.79932933E-12
   4862.20020       4.61650856E-12
   4862.29980       2.87624243E-12
   4862.39990       1.64079340E-12
   4862.50000       8.63845996E-13
   4862.60010       4.25715480E-13
   4862.70020       2.03209303E-13
   4862.79980       1.01453148E-13
   4862.89990       5.88727675E-14
   4863.00000       4.28323589E-14
   4863.10010       3.73468482E-14
   4863.20020       3.56422147E-14
   4863.29980       3.51616285E-14
   4863.39990       3.50369080E-14
   4863.50000       3.50076989E-14
   4863.60010       3.50014681E-14
   4863.70020       3.50002552E-14
   4863.79980       3.50000417E-14
   4863.89990       3.50000079E-14
   4864.00000       3.50000011E-14
   4864.10010       3.50000011E-14
   4864.20020       3.50000011E-14
   4864.29980       3.50000011E-14
   4864.39990       3.50000011E-14
   4864.50000       3.50000011E-14
   4864.60010       3.50000011E-14
   4864.70020       3.50000011E-14
   4864.79980       3.50000011E-14
   4864.89990       3.50000011E-14
   4865.00000       3.50000011E-14
   4865.10010       3.50000011E-14
   4865.20020       3.50000011E-14
   4865.29980       3.50000011E-14
   4865.39990       3.50000011E-14
   4865.50000       3.50000011E-14
   4865.60010       3.50000011E-14
   4865.70020       3.50000011E-14
   4865.79980       3.50000011E-14
   4865.89990       3.50000011E-14
   4866.00000       3.50000011E-14
   4866.10010       3.50000011E-14
   4866.20020       3.50000011E-14
   4866.29980       3.50000011E-14
   4866.39990       3.50000011E-14
   4866.50000       3.50000011E-14
   4866.60010       3.50000011E-14
   4866.70020       3.50000011E-14
   4866.79980       3.50000011E-14
   4866.89990       3.50000011E-14
   4867.00000       3.50000011E-14
   4867.10010       3.50000011E-14
   4867.20020       3.50000011E-14
   4867.29980       3.50000011E-14
   4867.39990       3.50000011E-14
   4867.50000       3.50000011E-14
   4867.60010       3.50000011E-14
   4867.70020       3.50000011E-14
   4867.79980       3.50000011E-14
   4867.89990       3.50000011E-14
   4868.00000       3.50000011E-14
   4868.10010       3.50000011E-14
   4868.20020       3.50000011E-14
   4868.29980       3.50000011E-14
   4868.39990       3.50000011E-14
   4868.50000       3.50000011E-14
   4868.60010       3.50000011E-14
   4868.70020       3.50000011E-14
   4868.79980       3.50000011E-14
   4868.89990       3.50000011E-14
   4869.00000       3.50000011E-14
   4869.10010       3.50000011E-14
   4869.20020       3.50000011E-14
   4869.29980       3.50000011E-14
   4869.39990       3.50000011E-14
   4869.50000       3.50000011E-14
   4869.60010       3.50000011E-14
   4869.70020       3.50000011E-14
   4869.79980       3.50000011E-14
   4869.89990       3.50000011E-14
   4870.00000       3.50000011E-14
   4870.10010       3.50000011E-14
   4870.20020       3.50000011E-14
   4870.29980       3.50000011E-14
   4870.39990       3.50000011E-14
   4870.50000       3.50000011E-14
   4870.60010       3.50000011E-14
   4870.70020       3.50000011E-14
   4870.79980       3.50000011E-14
   4870.89990       3.50000011E-14
   4871.00000       3.50000011E-14
   4871.10010       3.50000011E-14
   4871.20020       3.50000011E-14
   4871.29980       3.50000011E-14
   4871.39990       3.50000011E-14
   4871.50000       3.50000011E-14
   4871.60010       3.50000011E-14
   4871.70020       3.50000011E-14
   4871.79980       3.50000011E-14
   4871.89990       3.50000011E-14
   4872.00000       3.50000011E-14
   4872.10010       3.50000011E-14
   4872.20020       3.50000011E-14
   4872.29980       3.50000011E-14
   4872.39990       3.50000011E-14
   4872.50000       3.50000011E-14
   4872.60010       3.50000011E-14
   4872.70020       3.50000011E-14
   4872.79980       3.50000011E-14
   4872.89990       3.50000011E-14
   4873.00000       3.50000011E-14
   4873.10010       3.50000011E-14
   4873.20020       3.50000011E-14
   4873.29980       3.50000011E-14
   4873.39990       3.50000011E-14
   4873.50000       3.50000011E-14
   4873.60010       3.50000011E-14
   4873.70020       3.50000011E-14
   4873.79980       3.50000011E-14
   4873.89990       3.50000011E-14
   4874.00000       3.50000011E-14
   4874.10010       3.50000011E-14
   4874.20020       3.50000011E-14
   4874.29980       3.50000011E-14
   4874.39990       3.50000011E-14
   4874.50000       3.50000011E-14
   4874.60010       3.50000011E-14
   4874.70020       3.50000011E-14
   4874.79980       3.50000011E-14
   4874.89990       3.50000011E-14
   4875.00000       3.50000011E-14
   4875.10010       3.50000011E-14
   4875.20020       3.50000011E-14
   4875.29980       3.50000011E-14
   4875.39990       3.50000011E-14
   4875.50000       3.50000011E-14
   4875.60010       3.50000011E-14
   4875.70020       3.50000011E-14
   4875.79980       3.50000011E-14
   4875.89990       3.50000011E-14
   4876.00000       3.50000011E-14
   4876.10010       3.50000011E-14
   4876.20020       3.50000011E-14
   4876.29980       3.50000011E-14
   4876.39990       3.50000011E-14
   4876.50000       3.50000011E-14
   4876.60010       3.50000011E-14
   4876.70020       3.50000011E-14
   4876.79980       3.50000011E-14
   4876.89990       3.50000011E-14
   4877.00000       3.50000011E-14
   4877.10010       3.50000011E-14
   4877.20020       3.50000011E-14
   4877.29980       3.50000011E-14
   4877.39990       3.50000011E-14
   4877.50000       3.50000011E-14
   4877.60010       3.50000011E-14
   4877.70020       3.50000011E-14
   4877.79980       3.50000011E-14
   4877.89990       3.50000011E-14
   4878.00000       3.50000011E-14
   4878.10010       3.50000011E-14
   4878.20020       3.50000011E-14
   4878.29980       3.50000011E-14
   4878.39990       3.50000011E-14
   4878.50000       3.50000011E-14
   4878.60010       3.50000011E-14
   4878.70020       3.50000011E-14
   4878.79980       3.50000011E-14
   4878.89990       3.50000011E-14
   4879.00000       3.50000011E-14
   4879.10010       3.50000011E-14
   4879.20020       3.50000011E-14
   4879.29980       3.50000011E-14
   4879.39990       3.50000011E-14
   4879.50000       3.50000011E-14
   4879.60010       3.50000011E-14
   4879.70020       3.50000011E-14
   4879.79980       3.50000011E-14
   4879.89990       3.50000011E-14
   4880.00000       3.50000011E-14
   4880.10010       3.50000011E-14
   4880.20020       3.50000011E-14
   4880.29980       3.50000011E-14
   4880.39990       3.50000011E-14
   4880.50000       3.50000011E-14
   4880.60010       3.50000011E-14
   4880.70020       3.50000011E-14
   4880.79980       3.50000011E-14
   4880.89990       3.50000011E-14
   4881.00000       3.50000011E-14
   4881.10010       3.50000011E-14
   4881.20020       3.50000011E-14
   4881.29980       3.50000011E-14
   4881.39990       3.50000011E-14
   4881.50000       3.50000011E-14
   4881.60010       3.50000011E-14
   4881.70020       3.50000011E-14
   4881.79980       3.50000011E-14
   4881.89990       3.50000011E-14
   4882.00000       3.50000011E-14
   4882.10010       3.50000011E-14
   4882.20020       3.50000011E-14
   4882.29980       3.50000011E-14
   4882.39990       3.50000011E-14
   4882.50000       3.50000011E-14
   4882.60010       3.50000011E-14
   4882.70020       3.50000011E-14
   4882.79980       3.50000011E-14
   4882.89990       3.50000011E-14
   4883.00000       3.50000011E-14
   4883.10010       3.50000011E-14
   4883.20020       3.50000011E-14
   4883.29980       3.50000011E-14
   4883.39990       3.50000011E-14
   4883.50000       3.50000011E-14
   4883.60010       3.50000011E-14
   4883.70020       3.50000011E-14
   4883.79980       3.50000011E-14
   4883.89990       3.50000011E-14
   4884.00000       3.50000011E-14
   4884.10010       3.50000011E-14
   4884.20020       3.50000011E-14
   4884.29980       3.50000011E-14
   4884.39990       3.50000011E-14
   4884.50000       3.50000011E-14
   4884.60010       3.50000011E-14
   4884.70020       3.50000011E-14
   4884.79980       3.50000011E-14
   4884.89990       3.50000011E-14
   4885.00000       3.50000011E-14
   4885.10010       3.50000011E-14
   4885.20020       3.50000011E-14
   4885.29980       3.50000011E-14
   4885.39990       3.50000011E-14
   4885.50000       3.50000011E-14
   4885.60010       3.50000011E-14
   4885.70020       3.50000011E-14
   4885.79980       3.50000011E-14
   4885.89990       3.50000011E-14
   4886.00000       3.50000011E-14
   4886.10010       3.50000011E-14
   4886.20020       3.50000011E-14
   4886.29980       3.50000011E-14
   4886.39990       3.50000011E-14
   4886.50000       3.50000011E-14
   4886.60010       3.50000011E-14
   4886.70020       3.50000011E-14
   4886.79980       3.50000011E-14
   4886.89990       3.50000011E-14
   4887.00000       3.50000011E-14
   4887.10010       3.50000011E-14
   4887.20020       3.50000011E-14
   4887.29980       3.50000011E-14
   4887.39990       3.50000011E-14
   4887.50000       3.50000011E-14
   4887.60010       3.50000011E-14
   4887.70020       3.50000011E-14
   4887.79980       3.50000011E-14
   4887.89990       3.50000011E-14
   4888.00000       3.50000011E-14
   4888.10010       3.50000011E-14
   4888.20020       3.50000011E-14
   4888.29980       3.50000011E-14
   4888.39990       3.50000011E-14
   4888.50000       3.50000011E-14
   4888.60010       3.50000011E-14
   4888.70020       3.50000011E-14
   4888.79980       3.50000011E-14
   4888.89990       3.50000011E-14
   4889.00000       3.50000011E-14
   4889.10010       3.50000011E-14
   4889.20020       3.50000011E-14
   4889.29980       3.50000011E-14
   4889.39990       3.50000011E-14
   4889.50000       3.50000011E-14
   4889.60010       3.50000011E-14
   4889.70020       3.50000011E-14
   4889.79980       3.50000011E-14
   4889.89990       3.50000011E-14
   4890.00000       3.50000011E-14
   4890.10010       3.50000011E-14
   4890.20020       3.50000011E-14
   4890.29980       3.50000011E-14
   4890.39990       3.50000011E-14
   4890.50000       3.50000011E-14
   4890.60010       3.50000011E-14
   4890.70020       3.50000011E-14
   4890.79980       3.50000011E-14
   4890.89990       3.50000011E-14
   4891.00000       3.50000011E-14
   4891.10010       3.50000011E-14
   4891.20020       3.50000011E-14
   4891.29980       3.50000011E-14
   4891.39990       3.50000011E-14
   4891.50000       3.50000011E-14
   4891.60010       3.50000011E-14
   4891.70020       3.50000011E-14
   4891.79980       3.50000011E-14
   4891.89990       3.50000011E-14
   4892.00000       3.50000011E-14
   4892.10010       3.50000011E-14
   4892.20020       3.50000011E-14
   4892.29980       3.50000011E-14
   4892.39990       3.50000011E-14
   4892.50000       3.50000011E-14
   4892.60010       3.50000011E-14
   4892.70020       3.50000011E-14
   4892.79980       3.50000011E-14
   4892.89990       3.50000011E-14
   4893.00000       3.50000011E-14
   4893.10010       3.50000011E-14
   4893.20020       3.50000011E-14
   4893.29980       3.50000011E-14
   4893.39990       3.50000011E-14
   4893.50000       3.50000011E-14
   4893.60010       3.50000011E-14
   4893.70020       3.50000011E-14
   4893.79980       3.50000011E-14
   4893.89990       3.50000011E-14
   4894.00000       3.50000011E-14
   4894.10010       3.50000011E-14
   4894.20020       3.50000011E-14
   4894.29980       3.50000011E-14
   4894.39990       3.50000011E-14
   4894.50000       3.50000011E-14
   4894.60010       3.50000011E-14
   4894.70020       3.50000011E-14
   4894.79980       3.50000011E-14
   4894.89990       3.50000011E-14
   4895.00000       3.50000011E-14
   4895.10010       3.50000011E-14
   4895.20020       3.50000011E-14
   4895.29980       3.50000011E-14
   4895.39990       3.50000011E-14
   4895.50000       3.50000011E-14
   4895.60010       3.50000011E-14
   4895.70020       3.50000011E-14
   4895.79980       3.50000011E-14
   4895.89990       3.50000011E-14
   4896.00000       3.50000011E-14
   4896.10010       3.50000011E-14
   4896.20020       3.50000011E-14
   4896.29980       3.50000011E-14
   4896.39990       3.50000011E-14
   4896.50000       3.50000011E-14
   4896.60010       3.50000011E-14
   4896.70020       3.50000011E-14
   4896.79980       3.50000011E-14
   4896.89990       3.50000011E-14
   4897.00000       3.50000011E-14
   4897.10010       3.50000011E-14
   4897.20020       3.50000011E-14
   4897.29980       3.50000011E-14
   4897.39990       3.50000011E-14
   4897.50000       3.50000011E-14
   4897.60010       3.50000011E-14
   4897.70020       3.50000011E-14
   4897.79980       3.50000011E-14
   4897.89990       3.50000011E-14
   4898.00000       3.50000011E-14
   4898.10010       3.50000011E-14
   4898.20020       3.50000011E-14
   4898.29980       3.50000011E-14
   4898.39990       3.50000011E-14
   4898.50000       3.50000011E-14
   4898.60010       3.50000011E-14
   4898.70020       3.50000011E-14
   4898.79980       3.50000011E-14
   4898.89990       3.50000011E-14
   4899.00000       3.50000011E-14
   4899.10010       3.50000011E-14
   4899.20020       3.50000011E-14
   4899.29980       3.50000011E-14
   4899.39990       3.50000011E-14
   4899.50000       3.50000011E-14
   4899.60010       3.50000011E-14
   4899.70020       3.50000011E-14
   4899.79980       3.50000011E-14
   4899.89990       3.50000011E-14
   4900.00000       3.50000011E-14
