   6500.08984       2.99999995E-14
   6500.18018       2.99999995E-14
   6500.27002       2.99999995E-14
   6500.35986       2.99999995E-14
   6500.45020       2.99999995E-14
   6500.54004       2.99999995E-14
   6500.62988       2.99999995E-14
   6500.72021       2.99999995E-14
   6500.81006       2.99999995E-14
   6500.89990       2.99999995E-14
   6500.99023       2.99999995E-14
   6501.08008       2.99999995E-14
   6501.16992       2.99999995E-14
   6501.25977       2.99999995E-14
   6501.35010       2.99999995E-14
   6501.43994       2.99999995E-14
   6501.52979       2.99999995E-14
   6501.62012       2.99999995E-14
   6501.70996       2.99999995E-14
   6501.79980       2.99999995E-14
   6501.89014       2.99999995E-14
   6501.97998       2.99999995E-14
   6502.06982       2.99999995E-14
   6502.16016       2.99999995E-14
   6502.25000       2.99999995E-14
   6502.33984       2.99999995E-14
   6502.43018       2.99999995E-14
   6502.52002       2.99999995E-14
   6502.60986       2.99999995E-14
   6502.70020       2.99999995E-14
   6502.79004       2.99999995E-14
   6502.87988       2.99999995E-14
   6502.97021       2.99999995E-14
   6503.06006       2.99999995E-14
   6503.14990       2.99999995E-14
   6503.24023       2.99999995E-14
   6503.33008       2.99999995E-14
   6503.41992       2.99999995E-14
   6503.50977       2.99999995E-14
   6503.60010       2.99999995E-14
   6503.68994       2.99999995E-14
   6503.77979       2.99999995E-14
   6503.87012       2.99999995E-14
   6503.95996       2.99999995E-14
   6504.04980       2.99999995E-14
   6504.14014       2.99999995E-14
   6504.22998       2.99999995E-14
   6504.31982       2.99999995E-14
   6504.41016       2.99999995E-14
   6504.50000       2.99999995E-14
   6504.58984       2.99999995E-14
   6504.68018       2.99999995E-14
   6504.77002       2.99999995E-14
   6504.85986       2.99999995E-14
   6504.95020       2.99999995E-14
   6505.04004       2.99999995E-14
   6505.12988       2.99999995E-14
   6505.22021       2.99999995E-14
   6505.31006       2.99999995E-14
   6505.39990       2.99999995E-14
   6505.49023       2.99999995E-14
   6505.58008       2.99999995E-14
   6505.66992       2.99999995E-14
   6505.75977       2.99999995E-14
   6505.85010       2.99999995E-14
   6505.93994       2.99999995E-14
   6506.02979       2.99999995E-14
   6506.12012       2.99999995E-14
   6506.20996       2.99999995E-14
   6506.29980       2.99999995E-14
   6506.39014       2.99999995E-14
   6506.47998       2.99999995E-14
   6506.56982       2.99999995E-14
   6506.66016       2.99999995E-14
   6506.75000       2.99999995E-14
   6506.83984       2.99999995E-14
   6506.93018       2.99999995E-14
   6507.02002       2.99999995E-14
   6507.10986       2.99999995E-14
   6507.20020       2.99999995E-14
   6507.29004       2.99999995E-14
   6507.37988       2.99999995E-14
   6507.47021       2.99999995E-14
   6507.56006       2.99999995E-14
   6507.64990       2.99999995E-14
   6507.74023       2.99999995E-14
   6507.83008       2.99999995E-14
   6507.91992       2.99999995E-14
   6508.00977       2.99999995E-14
   6508.10010       2.99999995E-14
   6508.18994       2.99999995E-14
   6508.27979       2.99999995E-14
   6508.37012       2.99999995E-14
   6508.45996       2.99999995E-14
   6508.54980       2.99999995E-14
   6508.64014       2.99999995E-14
   6508.72998       2.99999995E-14
   6508.81982       2.99999995E-14
   6508.91016       2.99999995E-14
   6509.00000       2.99999995E-14
   6509.08984       2.99999995E-14
   6509.18018       2.99999995E-14
   6509.27002       2.99999995E-14
   6509.35986       2.99999995E-14
   6509.45020       2.99999995E-14
   6509.54004       2.99999995E-14
   6509.62988       2.99999995E-14
   6509.72021       2.99999995E-14
   6509.81006       2.99999995E-14
   6509.89990       2.99999995E-14
   6509.99023       2.99999995E-14
   6510.08008       2.99999995E-14
   6510.16992       2.99999995E-14
   6510.25977       2.99999995E-14
   6510.35010       2.99999995E-14
   6510.43994       2.99999995E-14
   6510.52979       2.99999995E-14
   6510.62012       2.99999995E-14
   6510.70996       2.99999995E-14
   6510.79980       2.99999995E-14
   6510.89014       2.99999995E-14
   6510.97998       2.99999995E-14
   6511.06982       2.99999995E-14
   6511.16016       2.99999995E-14
   6511.25000       2.99999995E-14
   6511.33984       2.99999995E-14
   6511.43018       2.99999995E-14
   6511.52002       2.99999995E-14
   6511.60986       2.99999995E-14
   6511.70020       2.99999995E-14
   6511.79004       2.99999995E-14
   6511.87988       2.99999995E-14
   6511.97021       2.99999995E-14
   6512.06006       2.99999995E-14
   6512.14990       2.99999995E-14
   6512.24023       2.99999995E-14
   6512.33008       2.99999995E-14
   6512.41992       2.99999995E-14
   6512.50977       2.99999995E-14
   6512.60010       2.99999995E-14
   6512.68994       2.99999995E-14
   6512.77979       2.99999995E-14
   6512.87012       2.99999995E-14
   6512.95996       2.99999995E-14
   6513.04980       2.99999995E-14
   6513.14014       2.99999995E-14
   6513.22998       2.99999995E-14
   6513.31982       2.99999995E-14
   6513.41016       2.99999995E-14
   6513.50000       2.99999995E-14
   6513.58984       2.99999995E-14
   6513.68018       2.99999995E-14
   6513.77002       2.99999995E-14
   6513.85986       2.99999995E-14
   6513.95020       2.99999995E-14
   6514.04004       2.99999995E-14
   6514.12988       2.99999995E-14
   6514.22021       2.99999995E-14
   6514.31006       2.99999995E-14
   6514.39990       2.99999995E-14
   6514.49023       2.99999995E-14
   6514.58008       2.99999995E-14
   6514.66992       2.99999995E-14
   6514.75977       2.99999995E-14
   6514.85010       2.99999995E-14
   6514.93994       2.99999995E-14
   6515.02979       2.99999995E-14
   6515.12012       2.99999995E-14
   6515.20996       2.99999995E-14
   6515.29980       2.99999995E-14
   6515.39014       2.99999995E-14
   6515.47998       2.99999995E-14
   6515.56982       2.99999995E-14
   6515.66016       2.99999995E-14
   6515.75000       2.99999995E-14
   6515.83984       2.99999995E-14
   6515.93018       2.99999995E-14
   6516.02002       2.99999995E-14
   6516.10986       2.99999995E-14
   6516.20020       2.99999995E-14
   6516.29004       2.99999995E-14
   6516.37988       2.99999995E-14
   6516.47021       2.99999995E-14
   6516.56006       2.99999995E-14
   6516.64990       2.99999995E-14
   6516.74023       2.99999995E-14
   6516.83008       2.99999995E-14
   6516.91992       2.99999995E-14
   6517.00977       2.99999995E-14
   6517.10010       2.99999995E-14
   6517.18994       2.99999995E-14
   6517.27979       2.99999995E-14
   6517.37012       2.99999995E-14
   6517.45996       2.99999995E-14
   6517.54980       2.99999995E-14
   6517.64014       2.99999995E-14
   6517.72998       2.99999995E-14
   6517.81982       2.99999995E-14
   6517.91016       2.99999995E-14
   6518.00000       2.99999995E-14
   6518.08984       2.99999995E-14
   6518.18018       2.99999995E-14
   6518.27002       2.99999995E-14
   6518.35986       2.99999995E-14
   6518.45020       2.99999995E-14
   6518.54004       2.99999995E-14
   6518.62988       2.99999995E-14
   6518.72021       2.99999995E-14
   6518.81006       2.99999995E-14
   6518.89990       2.99999995E-14
   6518.99023       2.99999995E-14
   6519.08008       2.99999995E-14
   6519.16992       2.99999995E-14
   6519.25977       2.99999995E-14
   6519.35010       2.99999995E-14
   6519.43994       2.99999995E-14
   6519.52979       2.99999995E-14
   6519.62012       2.99999995E-14
   6519.70996       2.99999995E-14
   6519.79980       2.99999995E-14
   6519.89014       2.99999995E-14
   6519.97998       2.99999995E-14
   6520.06982       2.99999995E-14
   6520.16016       2.99999995E-14
   6520.25000       2.99999995E-14
   6520.33984       2.99999995E-14
   6520.43018       2.99999995E-14
   6520.52002       2.99999995E-14
   6520.60986       2.99999995E-14
   6520.70020       2.99999995E-14
   6520.79004       2.99999995E-14
   6520.87988       2.99999995E-14
   6520.97021       2.99999995E-14
   6521.06006       2.99999995E-14
   6521.14990       2.99999995E-14
   6521.24023       2.99999995E-14
   6521.33008       2.99999995E-14
   6521.41992       2.99999995E-14
   6521.50977       2.99999995E-14
   6521.60010       2.99999995E-14
   6521.68994       2.99999995E-14
   6521.77979       2.99999995E-14
   6521.87012       2.99999995E-14
   6521.95996       2.99999995E-14
   6522.04980       2.99999995E-14
   6522.14014       2.99999995E-14
   6522.22998       2.99999995E-14
   6522.31982       2.99999995E-14
   6522.41016       2.99999995E-14
   6522.50000       2.99999995E-14
   6522.58984       2.99999995E-14
   6522.68018       2.99999995E-14
   6522.77002       2.99999995E-14
   6522.85986       2.99999995E-14
   6522.95020       2.99999995E-14
   6523.04004       2.99999995E-14
   6523.12988       2.99999995E-14
   6523.22021       3.00000029E-14
   6523.31006       3.00000029E-14
   6523.39990       3.00000029E-14
   6523.49023       3.00000029E-14
   6523.58008       3.00000029E-14
   6523.66992       3.00000029E-14
   6523.75977       3.00000029E-14
   6523.85010       3.00000029E-14
   6523.93994       3.00000029E-14
   6524.02979       3.00000029E-14
   6524.12012       3.00000029E-14
   6524.20996       3.00000029E-14
   6524.29980       3.00000029E-14
   6524.39014       3.00000029E-14
   6524.47998       3.00000029E-14
   6524.56982       3.00000029E-14
   6524.66016       3.00000062E-14
   6524.75000       3.00000062E-14
   6524.83984       3.00000062E-14
   6524.93018       3.00000062E-14
   6525.02002       3.00000062E-14
   6525.10986       3.00000062E-14
   6525.20020       3.00000096E-14
   6525.29004       3.00000198E-14
   6525.37988       3.00000435E-14
   6525.47021       3.00001214E-14
   6525.56006       3.00003451E-14
   6525.64990       3.00009651E-14
   6525.74023       3.00026049E-14
   6525.83008       3.00067283E-14
   6525.91992       3.00166250E-14
   6526.00977       3.00393154E-14
   6526.10010       3.00892971E-14
   6526.18994       3.01930620E-14
   6526.27979       3.03991112E-14
   6526.37012       3.07917415E-14
   6526.45996       3.14960325E-14
   6526.54980       3.27028647E-14
   6526.64014       3.46824145E-14
   6526.72998       3.77321059E-14
   6526.81982       4.22081735E-14
   6526.91016       4.84691633E-14
   6527.00000       5.66528432E-14
   6527.08984       6.67759983E-14
   6527.18018       7.85859686E-14
   6527.27002       9.12738445E-14
   6527.35986       1.03886287E-13
   6527.45020       1.15243264E-13
   6527.54004       1.23948987E-13
   6527.62988       1.29003091E-13
   6527.72021       1.29745783E-13
   6527.81006       1.26071476E-13
   6527.89990       1.18474675E-13
   6527.99023       1.07842094E-13
   6528.08008       9.55212607E-14
   6528.16992       8.27320525E-14
   6528.25977       7.05780920E-14
   6528.35010       5.98027148E-14
   6528.43994       5.09612155E-14
   6528.52979       4.40961930E-14
   6528.62012       3.90410089E-14
   6528.70996       3.55570946E-14
   6528.79980       3.32659213E-14
   6528.89014       3.18292789E-14
   6528.97998       3.09826492E-14
   6529.06982       3.05047396E-14
   6529.16016       3.02469401E-14
   6529.25000       3.01159888E-14
   6529.33984       3.00521360E-14
   6529.43018       3.00223510E-14
   6529.52002       3.00092592E-14
   6529.60986       3.00037298E-14
   6529.70020       3.00014970E-14
   6529.79004       3.00006534E-14
   6529.87988       3.00003485E-14
   6529.97021       3.00002468E-14
   6530.06006       3.00002231E-14
   6530.14990       3.00002231E-14
   6530.24023       3.00002333E-14
   6530.33008       3.00002434E-14
   6530.41992       3.00002604E-14
   6530.50977       3.00002739E-14
   6530.60010       3.00002909E-14
   6530.68994       3.00003044E-14
   6530.77979       3.00003247E-14
   6530.87012       3.00003417E-14
   6530.95996       3.00003620E-14
   6531.04980       3.00003823E-14
   6531.14014       3.00004027E-14
   6531.22998       3.00004264E-14
   6531.31982       3.00004501E-14
   6531.41016       3.00004738E-14
   6531.50000       3.00005009E-14
   6531.58984       3.00005314E-14
   6531.68018       3.00005585E-14
   6531.77002       3.00005890E-14
   6531.85986       3.00006229E-14
   6531.95020       3.00006568E-14
   6532.04004       3.00006940E-14
   6532.12988       3.00007313E-14
   6532.22021       3.00007720E-14
   6532.31006       3.00008126E-14
   6532.39990       3.00008567E-14
   6532.49023       3.00009041E-14
   6532.58008       3.00009515E-14
   6532.66992       3.00010057E-14
   6532.75977       3.00010600E-14
   6532.85010       3.00011142E-14
   6532.93994       3.00011752E-14
   6533.02979       3.00012361E-14
   6533.12012       3.00013039E-14
   6533.20996       3.00013717E-14
   6533.29980       3.00014462E-14
   6533.39014       3.00015207E-14
   6533.47998       3.00016021E-14
   6533.56982       3.00016834E-14
   6533.66016       3.00017749E-14
   6533.75000       3.00018663E-14
   6533.83984       3.00019646E-14
   6533.93018       3.00020662E-14
   6534.02002       3.00021713E-14
   6534.10986       3.00022865E-14
   6534.20020       3.00024050E-14
   6534.29004       3.00025270E-14
   6534.37988       3.00026592E-14
   6534.47021       3.00027947E-14
   6534.56006       3.00029404E-14
   6534.64990       3.00030894E-14
   6534.74023       3.00032487E-14
   6534.83008       3.00034181E-14
   6534.91992       3.00035943E-14
   6535.00977       3.00037772E-14
   6535.10010       3.00039738E-14
   6535.18994       3.00041770E-14
   6535.27979       3.00043939E-14
   6535.37012       3.00046209E-14
   6535.45996       3.00048614E-14
   6535.54980       3.00051156E-14
   6535.64014       3.00053866E-14
   6535.72998       3.00056678E-14
   6535.81982       3.00059660E-14
   6535.91016       3.00062878E-14
   6536.00000       3.00066233E-14
   6536.08984       3.00069790E-14
   6536.18018       3.00073619E-14
   6536.27002       3.00077651E-14
   6536.35986       3.00081954E-14
   6536.45020       3.00086595E-14
   6536.54004       3.00091474E-14
   6536.62988       3.00096726E-14
   6536.72021       3.00102384E-14
   6536.81006       3.00108415E-14
   6536.89990       3.00114920E-14
   6536.99023       3.00121934E-14
   6537.08008       3.00129455E-14
   6537.16992       3.00137553E-14
   6537.25977       3.00146328E-14
   6537.35010       3.00155883E-14
   6537.43994       3.00166183E-14
   6537.52979       3.00177363E-14
   6537.62012       3.00189595E-14
   6537.70996       3.00202808E-14
   6537.79980       3.00217208E-14
   6537.89014       3.00233030E-14
   6537.97998       3.00250208E-14
   6538.06982       3.00268979E-14
   6538.16016       3.00289612E-14
   6538.25000       3.00312076E-14
   6538.33984       3.00336707E-14
   6538.43018       3.00363846E-14
   6538.52002       3.00393458E-14
   6538.60986       3.00425951E-14
   6538.70020       3.00461797E-14
   6538.79004       3.00500930E-14
   6538.87988       3.00543892E-14
   6538.97021       3.00591359E-14
   6539.06006       3.00643164E-14
   6539.14990       3.00700051E-14
   6539.24023       3.00762866E-14
   6539.33008       3.00831408E-14
   6539.41992       3.00906625E-14
   6539.50977       3.00989092E-14
   6539.60010       3.01080030E-14
   6539.68994       3.01179132E-14
   6539.77979       3.01287654E-14
   6539.87012       3.01407120E-14
   6539.95996       3.01537122E-14
   6540.04980       3.01679221E-14
   6540.14014       3.01835346E-14
   6540.22998       3.02004854E-14
   6540.31982       3.02189710E-14
   6540.41016       3.02392355E-14
   6540.50000       3.02611838E-14
   6540.58984       3.02850667E-14
   6540.68018       3.03111723E-14
   6540.77002       3.03393751E-14
   6540.85986       3.03699733E-14
   6540.95020       3.04033261E-14
   6541.04004       3.04392572E-14
   6541.12988       3.04781225E-14
   6541.22021       3.05203589E-14
   6541.31006       3.05657192E-14
   6541.39990       3.06146337E-14
   6541.49023       3.06676207E-14
   6541.58008       3.07243380E-14
   6541.66992       3.07853007E-14
   6541.75977       3.08507526E-14
   6541.85010       3.09213375E-14
   6541.93994       3.09965507E-14
   6542.02979       3.10770256E-14
   6542.12012       3.11635076E-14
   6542.20996       3.12553396E-14
   6542.29980       3.13532464E-14
   6542.39014       3.14580854E-14
   6542.47998       3.15690060E-14
   6542.56982       3.16868283E-14
   6542.66016       3.18125314E-14
   6542.75000       3.19450277E-14
   6542.83984       3.20852455E-14
   6542.93018       3.22342725E-14
   6543.02002       3.23907601E-14
   6543.10986       3.25557283E-14
   6543.20020       3.27303831E-14
   6543.29004       3.29130576E-14
   6543.37988       3.31048767E-14
   6543.47021       3.33071549E-14
   6543.56006       3.35178730E-14
   6543.64990       3.37382472E-14
   6543.74023       3.39696871E-14
   6543.83008       3.42097905E-14
   6543.91992       3.44598617E-14
   6544.00977       3.47199415E-14
   6544.10010       3.49915443E-14
   6544.18994       3.52717225E-14
   6544.27979       3.55618584E-14
   6544.37012       3.58635241E-14
   6544.45996       3.61733382E-14
   6544.54980       3.64927374E-14
   6544.64014       3.68233276E-14
   6544.72998       3.71612903E-14
   6544.81982       3.75080961E-14
   6544.91016       3.78653679E-14
   6545.00000       3.82288602E-14
   6545.08984       3.86000639E-14
   6545.18018       3.89805850E-14
   6545.27002       3.93658020E-14
   6545.35986       3.97571888E-14
   6545.45020       4.01563209E-14
   6545.54004       4.05582381E-14
   6545.62988       4.09643971E-14
   6545.72021       4.13763093E-14
   6545.81006       4.17887533E-14
   6545.89990       4.22031489E-14
   6545.99023       4.26209191E-14
   6546.08008       4.30366768E-14
   6546.16992       4.34517805E-14
   6546.25977       4.38653156E-14
   6546.35010       4.42785525E-14
   6546.43994       4.46860702E-14
   6546.52979       4.50891223E-14
   6546.62012       4.54888609E-14
   6546.70996       4.58799665E-14
   6546.79980       4.62636182E-14
   6546.89014       4.66408325E-14
   6546.97998       4.70065339E-14
   6547.06982       4.73617964E-14
   6547.16016       4.77074977E-14
   6547.25000       4.80389451E-14
   6547.33984       4.83571177E-14
   6547.43018       4.86627408E-14
   6547.52002       4.89516366E-14
   6547.60986       4.92246861E-14
   6547.70020       4.94824484E-14
   6547.79004       4.97214066E-14
   6547.87988       4.99423128E-14
   6547.97021       5.01455871E-14
   6548.06006       5.03284616E-14
   6548.14990       5.04915662E-14
   6548.24023       5.06351824E-14
   6548.33008       5.07573719E-14
   6548.41992       5.08586432E-14
   6548.50977       5.09387657E-14
   6548.60010       5.09978107E-14
   6548.68994       5.10350429E-14
   6548.77979       5.10508113E-14
   6548.87012       5.10450616E-14
   6548.95996       5.10179735E-14
   6549.04980       5.09697604E-14
   6549.14014       5.09002528E-14
   6549.22998       5.08105182E-14
   6549.31982       5.07006411E-14
   6549.41016       5.05703200E-14
   6549.50000       5.04214827E-14
   6549.58984       5.02540683E-14
   6549.68018       5.00676567E-14
   6549.77002       4.98649584E-14
   6549.85986       4.96457598E-14
   6549.95020       4.94095291E-14
   6550.04004       4.91596577E-14
   6550.12988       4.88957799E-14
   6550.22021       4.86172551E-14
   6550.31006       4.83280340E-14
   6550.39990       4.80276016E-14
   6550.49023       4.77152158E-14
   6550.58008       4.73952508E-14
   6550.66992       4.70670459E-14
   6550.75977       4.67316107E-14
   6550.85010       4.63880778E-14
   6550.93994       4.60411670E-14
   6551.02979       4.56900414E-14
   6551.12012       4.53337488E-14
   6551.20996       4.49771175E-14
   6551.29980       4.46191851E-14
   6551.39014       4.42589284E-14
   6551.47998       4.39011451E-14
   6551.56982       4.35447644E-14
   6551.66016       4.31887090E-14
   6551.75000       4.28376342E-14
   6551.83984       4.24903846E-14
   6551.93018       4.21458319E-14
   6552.02002       4.18084011E-14
   6552.10986       4.14768521E-14
   6552.20020       4.11500532E-14
   6552.29004       4.08320906E-14
   6552.37988       4.05216971E-14
   6552.47021       4.02177139E-14
   6552.56006       3.99238646E-14
   6552.64990       3.96388549E-14
   6552.74023       3.93615465E-14
   6552.83008       3.90952292E-14
   6552.91992       3.88386256E-14
   6553.00977       3.85919392E-14
   6553.10010       3.83540788E-14
   6553.18994       3.81277312E-14
   6553.27979       3.79116768E-14
   6553.37012       3.77048754E-14
   6553.45996       3.75095734E-14
   6553.54980       3.73246017E-14
   6553.64014       3.71489948E-14
   6553.72998       3.69845722E-14
   6553.81982       3.68302462E-14
   6553.91016       3.66851257E-14
   6554.00000       3.65506304E-14
   6554.08984       3.64257642E-14
   6554.18018       3.63097376E-14
   6554.27002       3.62035875E-14
   6554.35986       3.61064328E-14
   6554.45020       3.60175756E-14
   6554.54004       3.59377242E-14
   6554.62988       3.58661126E-14
   6554.72021       3.58021413E-14
   6554.81006       3.57462269E-14
   6554.89990       3.56977191E-14
   6554.99023       3.56561297E-14
   6555.08008       3.56216182E-14
   6555.16992       3.55936526E-14
   6555.25977       3.55719482E-14
   6555.35010       3.55561426E-14
   6555.43994       3.55461307E-14
   6555.52979       3.55415228E-14
   6555.62012       3.55420683E-14
   6555.70996       3.55474859E-14
   6555.79980       3.55575012E-14
   6555.89014       3.55719414E-14
   6555.97998       3.55904034E-14
   6556.06982       3.56127041E-14
   6556.16016       3.56387588E-14
   6556.25000       3.56680526E-14
   6556.33984       3.57005007E-14
   6556.43018       3.57360863E-14
   6556.52002       3.57742197E-14
   6556.60986       3.58148840E-14
   6556.70020       3.58581335E-14
   6556.79004       3.59033211E-14
   6556.87988       3.59504940E-14
   6556.97021       3.59997676E-14
   6557.06006       3.60504439E-14
   6557.14990       3.61026347E-14
   6557.24023       3.61564992E-14
   6557.33008       3.62113090E-14
   6557.41992       3.62672335E-14
   6557.50977       3.63241406E-14
   6557.60010       3.63822403E-14
   6557.68994       3.64407872E-14
   6557.77979       3.64999948E-14
   6557.87012       3.65600935E-14
   6557.95996       3.66203446E-14
   6558.04980       3.66810159E-14
   6558.14014       3.67424461E-14
   6558.22998       3.68041609E-14
   6558.31982       3.68671632E-14
   6558.41016       3.69338010E-14
   6558.50000       3.70085330E-14
   6558.58984       3.71044206E-14
   6558.68018       3.72519601E-14
   6558.77002       3.75146962E-14
   6558.85986       3.80282082E-14
   6558.95020       3.90653425E-14
   6559.04004       4.11094668E-14
   6559.12988       4.50249511E-14
   6559.22021       5.22729036E-14
   6559.31006       6.49441980E-14
   6559.39990       8.61363593E-14
   6559.49023       1.20076665E-13
   6559.58008       1.71127259E-13
   6559.66992       2.44252996E-13
   6559.75977       3.43380218E-13
   6559.85010       4.70974008E-13
   6559.93994       6.23702479E-13
   6560.02979       7.95506347E-13
   6560.12012       9.75673643E-13
   6560.20996       1.14635591E-12
   6560.29980       1.29064327E-12
   6560.39014       1.39203167E-12
   6560.47998       1.43668801E-12
   6560.56982       1.41947326E-12
   6560.66016       1.34210514E-12
   6560.75000       1.21538803E-12
   6560.83984       1.05455737E-12
   6560.93018       8.76683546E-13
   6561.02002       7.01273675E-13
   6561.10986       5.42059073E-13
   6561.20020       4.09336329E-13
   6561.29004       3.12490648E-13
   6561.37988       2.57993171E-13
   6561.47021       2.56452249E-13
   6561.56006       3.26676051E-13
   6561.64990       5.01543685E-13
   6561.74023       8.37360183E-13
   6561.83008       1.41189176E-12
   6561.91992       2.33861129E-12
   6562.00977       3.76003092E-12
   6562.10010       5.85411190E-12
   6562.18994       8.76683795E-12
   6562.27979       1.26486209E-11
   6562.37012       1.76039877E-11
   6562.45996       2.35450305E-11
   6562.54980       3.03163120E-11
   6562.64014       3.76160769E-11
   6562.72998       4.48703852E-11
   6562.81982       5.15199966E-11
   6562.91016       5.69646795E-11
   6563.00000       6.05861611E-11
   6563.08984       6.20237889E-11
   6563.18018       6.11053291E-11
   6563.27002       5.79437331E-11
   6563.35986       5.28874028E-11
   6563.45020       4.64268415E-11
   6563.54004       3.92531840E-11
   6563.62988       3.19461436E-11
   6563.72021       2.49916338E-11
   6563.81006       1.88444173E-11
   6563.89990       1.36803104E-11
   6563.99023       9.54379804E-12
   6564.08008       6.42517550E-12
   6564.16992       4.16898807E-12
   6564.25977       2.60980972E-12
   6564.35010       1.57487619E-12
   6564.43994       9.24601758E-13
   6564.52979       5.30559212E-13
   6564.62012       3.00753752E-13
   6564.70996       1.73663045E-13
   6564.79980       1.05745206E-13
   6564.89014       7.07749018E-14
   6564.97998       5.36806859E-14
   6565.06982       4.55912604E-14
   6565.16016       4.18959030E-14
   6565.25000       4.02867166E-14
   6565.33984       3.96011823E-14
   6565.43018       3.93118901E-14
   6565.52002       3.91875253E-14
   6565.60986       3.91268405E-14
   6565.70020       3.90894084E-14
   6565.79004       3.90599147E-14
   6565.87988       3.90322913E-14
   6565.97021       3.90043087E-14
   6566.06006       3.89755570E-14
   6566.14990       3.89456669E-14
   6566.24023       3.89144046E-14
   6566.33008       3.88820988E-14
   6566.41992       3.88485935E-14
   6566.50977       3.88139025E-14
   6566.60010       3.87778324E-14
   6566.68994       3.87408001E-14
   6566.77979       3.87026226E-14
   6566.87012       3.86631035E-14
   6566.95996       3.86226865E-14
   6567.04980       3.85811751E-14
   6567.14014       3.85383559E-14
   6567.22998       3.84947066E-14
   6567.31982       3.84500205E-14
   6567.41016       3.84040673E-14
   6567.50000       3.83573517E-14
   6567.58984       3.83096603E-14
   6567.68018       3.82607425E-14
   6567.77002       3.82111436E-14
   6567.85986       3.81606232E-14
   6567.95020       3.81089237E-14
   6568.04004       3.80566211E-14
   6568.12988       3.80034613E-14
   6568.22021       3.79491699E-14
   6568.31006       3.78943567E-14
   6568.39990       3.78387507E-14
   6568.49023       3.77820672E-14
   6568.58008       3.77249400E-14
   6568.66992       3.76670876E-14
   6568.75977       3.76085305E-14
   6568.85010       3.75489706E-14
   6568.93994       3.74890752E-14
   6569.02979       3.74285496E-14
   6569.12012       3.73670753E-14
   6569.20996       3.73053435E-14
   6569.29980       3.72430494E-14
   6569.39014       3.71798743E-14
   6569.47998       3.71165196E-14
   6569.56982       3.70526702E-14
   6569.66016       3.69880043E-14
   6569.75000       3.69232334E-14
   6569.83984       3.68580424E-14
   6569.93018       3.67920958E-14
   6570.02002       3.67261255E-14
   6570.10986       3.66598028E-14
   6570.20020       3.65927856E-14
   6570.29004       3.65258225E-14
   6570.37988       3.64585783E-14
   6570.47021       3.63907038E-14
   6570.56006       3.63229547E-14
   6570.64990       3.62549956E-14
   6570.74023       3.61864672E-14
   6570.83008       3.61181422E-14
   6570.91992       3.60496680E-14
   6571.00977       3.59810651E-14
   6571.10010       3.59119879E-14
   6571.18994       3.58431953E-14
   6571.27979       3.57743450E-14
   6571.37012       3.57050815E-14
   6571.45996       3.56361669E-14
   6571.54980       3.55672590E-14
   6571.64014       3.54979989E-14
   6571.72998       3.54291520E-14
   6571.81982       3.53603696E-14
   6571.91016       3.52912923E-14
   6572.00000       3.52226928E-14
   6572.08984       3.51542119E-14
   6572.18018       3.50855006E-14
   6572.27002       3.50173144E-14
   6572.35986       3.49493079E-14
   6572.45020       3.48811251E-14
   6572.54004       3.48135217E-14
   6572.62988       3.47461453E-14
   6572.72021       3.46786503E-14
   6572.81006       3.46117822E-14
   6572.89990       3.45451918E-14
   6572.99023       3.44785337E-14
   6573.08008       3.44125465E-14
   6573.16992       3.43468811E-14
   6573.25977       3.42815545E-14
   6573.35010       3.42162279E-14
   6573.43994       3.41516230E-14
   6573.52979       3.40873976E-14
   6573.62012       3.40232162E-14
   6573.70996       3.39597904E-14
   6573.79980       3.38967847E-14
   6573.89014       3.38338705E-14
   6573.97998       3.37717355E-14
   6574.06982       3.37100580E-14
   6574.16016       3.36485126E-14
   6574.25000       3.35877735E-14
   6574.33984       3.35275190E-14
   6574.43018       3.34674373E-14
   6574.52002       3.34081822E-14
   6574.60986       3.33494422E-14
   6574.70020       3.32909088E-14
   6574.79004       3.32332225E-14
   6574.87988       3.31760715E-14
   6574.97021       3.31191610E-14
   6575.06006       3.30631078E-14
   6575.14990       3.30076170E-14
   6575.24023       3.29523904E-14
   6575.33008       3.28980380E-14
   6575.41992       3.28442582E-14
   6575.50977       3.27910611E-14
   6575.60010       3.27381656E-14
   6575.68994       3.26861510E-14
   6575.77979       3.26347293E-14
   6575.87012       3.25836295E-14
   6575.95996       3.25334106E-14
   6576.04980       3.24837982E-14
   6576.14014       3.24345314E-14
   6576.22998       3.23861387E-14
   6576.31982       3.23383627E-14
   6576.41016       3.22909458E-14
   6576.50000       3.22444030E-14
   6576.58984       3.21984769E-14
   6576.68018       3.21529234E-14
   6576.77002       3.21082374E-14
   6576.85986       3.20641713E-14
   6576.95020       3.20204915E-14
   6577.04004       3.19776656E-14
   6577.12988       3.19354630E-14
   6577.22021       3.18936500E-14
   6577.31006       3.18526841E-14
   6577.39990       3.18123315E-14
   6577.49023       3.17723820E-14
   6577.58008       3.17332593E-14
   6577.66992       3.16947498E-14
   6577.75977       3.16568467E-14
   6577.85010       3.16193503E-14
   6577.93994       3.15826602E-14
   6578.02979       3.15465698E-14
   6578.12012       3.15108894E-14
   6578.20996       3.14759950E-14
   6578.29980       3.14416902E-14
   6578.39014       3.14077919E-14
   6578.47998       3.13746594E-14
   6578.56982       3.13421096E-14
   6578.66016       3.13099630E-14
   6578.75000       3.12785618E-14
   6578.83984       3.12477264E-14
   6578.93018       3.12172875E-14
   6579.02002       3.11875769E-14
   6579.10986       3.11584153E-14
   6579.20020       3.11296467E-14
   6579.29004       3.11015794E-14
   6579.37988       3.10740474E-14
   6579.47021       3.10469051E-14
   6579.56006       3.10204336E-14
   6579.64990       3.09944839E-14
   6579.74023       3.09689137E-14
   6579.83008       3.09439940E-14
   6579.91992       3.09195757E-14
   6580.00977       3.08956555E-14
   6580.10010       3.08721012E-14
   6580.18994       3.08491602E-14
   6580.27979       3.08267036E-14
   6580.37012       3.08045995E-14
   6580.45996       3.07830848E-14
   6580.54980       3.07620310E-14
   6580.64014       3.07413193E-14
   6580.72998       3.07211735E-14
   6580.81982       3.07014715E-14
   6580.91016       3.06820982E-14
   6581.00000       3.06632635E-14
   6581.08984       3.06448524E-14
   6581.18018       3.06267632E-14
   6581.27002       3.06091822E-14
   6581.35986       3.05920077E-14
   6581.45020       3.05751416E-14
   6581.54004       3.05587566E-14
   6581.62988       3.05427612E-14
   6581.72021       3.05270573E-14
   6581.81006       3.05118174E-14
   6581.89990       3.04969402E-14
   6581.99023       3.04823475E-14
   6582.08008       3.04681851E-14
   6582.16992       3.04543751E-14
   6582.25977       3.04409038E-14
   6582.35010       3.04276969E-14
   6582.43994       3.04148932E-14
   6582.52979       3.04024147E-14
   6582.62012       3.03901869E-14
   6582.70996       3.03783352E-14
   6582.79980       3.03667885E-14
   6582.89014       3.03554823E-14
   6582.97998       3.03445318E-14
   6583.06982       3.03338694E-14
   6583.16016       3.03234305E-14
   6583.25000       3.03133271E-14
   6583.33984       3.03034914E-14
   6583.43018       3.02938725E-14
   6583.52002       3.02845653E-14
   6583.60986       3.02755088E-14
   6583.70020       3.02666556E-14
   6583.79004       3.02580938E-14
   6583.87988       3.02497692E-14
   6583.97021       3.02416343E-14
   6584.06006       3.02337704E-14
   6584.14990       3.02261268E-14
   6584.24023       3.02186627E-14
   6584.33008       3.02114528E-14
   6584.41992       3.02044495E-14
   6584.50977       3.01976461E-14
   6584.60010       3.01910088E-14
   6584.68994       3.01845984E-14
   6584.77979       3.01783778E-14
   6584.87012       3.01723097E-14
   6584.95996       3.01664516E-14
   6585.04980       3.01607697E-14
   6585.14014       3.01552301E-14
   6585.22998       3.01498870E-14
   6585.31982       3.01447066E-14
   6585.41016       3.01396549E-14
   6585.50000       3.01347895E-14
   6585.58984       3.01300699E-14
   6585.68018       3.01254755E-14
   6585.77002       3.01210473E-14
   6585.85986       3.01167579E-14
   6585.95020       3.01125837E-14
   6586.04004       3.01085620E-14
   6586.12988       3.01046690E-14
   6586.22021       3.01008777E-14
   6586.31006       3.00972321E-14
   6586.39990       3.00937016E-14
   6586.49023       3.00902695E-14
   6586.58008       3.00869660E-14
   6586.66992       3.00837710E-14
   6586.75977       3.00806844E-14
   6586.85010       3.00776792E-14
   6586.93994       3.00747925E-14
   6587.02979       3.00720041E-14
   6587.12012       3.00692935E-14
   6587.20996       3.00666881E-14
   6587.29980       3.00641707E-14
   6587.39014       3.00617278E-14
   6587.47998       3.00593799E-14
   6587.56982       3.00571132E-14
   6587.66016       3.00549143E-14
   6587.75000       3.00528035E-14
   6587.83984       3.00507639E-14
   6587.93018       3.00487852E-14
   6588.02002       3.00468878E-14
   6588.10986       3.00450582E-14
   6588.20020       3.00432862E-14
   6588.29004       3.00415820E-14
   6588.37988       3.00399422E-14
   6588.47021       3.00383531E-14
   6588.56006       3.00368285E-14
   6588.64990       3.00353580E-14
   6588.74023       3.00339350E-14
   6588.83008       3.00325696E-14
   6588.91992       3.00312584E-14
   6589.00977       3.00299912E-14
   6589.10010       3.00287681E-14
   6589.18994       3.00275958E-14
   6589.27979       3.00264676E-14
   6589.37012       3.00253766E-14
   6589.45996       3.00243296E-14
   6589.54980       3.00233234E-14
   6589.64014       3.00223510E-14
   6589.72998       3.00214226E-14
   6589.81982       3.00205282E-14
   6589.91016       3.00196642E-14
   6590.00000       3.00188375E-14
