4611.48210645282  -2.474836E-13
4611.54291538377  3.504062E-13
4611.60371323183  6.297395E-14
4611.66449997392  1.077824E-12
4611.72527558706  7.623154E-14
4611.78604004836  4.549432E-13
4611.84679333501  -1.130141E-13
4611.9075354243  5.793489E-13
4611.96826629362  8.237816E-13
4612.02898592045  9.220760E-14
4612.08969428233  4.241848E-13
4612.15039135694  -1.414247E-13
4612.21107712201  1.934337E-14
4612.27175155538  7.129029E-13
4612.33241463497  1.931986E-13
4612.3930663388  2.302752E-13
4612.45370664498  5.405689E-13
4612.51433553169  1.530330E-12
4612.57495297722  1.167208E-12
4612.63555895993  6.676329E-13
4612.6961534583  1.661954E-12
4612.75673645086  -5.701706E-14
4612.81730791625  -1.594829E-14
4612.87786783319  3.741562E-13
4612.9384161805  7.212930E-14
4612.99895293706  5.537125E-13
4613.05947808187  -3.591810E-14
4613.11999159399  5.992756E-13
4613.18049345259  -2.344281E-13
4613.2409836369  2.116715E-13
4613.30146212625  1.319674E-13
4613.36192890007  -3.046602E-13
4613.42238393784  7.375819E-13
4613.48282721916  5.160655E-13
4613.54325872369  2.585448E-14
4613.60367843119  2.358461E-13
4613.6640863215  4.530410E-13
4613.72448237455  8.993254E-14
4613.78486657034  -1.522726E-13
4613.84523888896  3.321827E-13
4613.90559931059  3.895508E-13
4613.96594781548  -2.602300E-13
4614.02628438398  -5.775670E-13
4614.08660899652  -4.341508E-13
4614.14692163358  4.434877E-13
4614.20722227578  4.898694E-13
4614.26751090378  -2.000695E-13
4614.32778749832  1.359959E-13
4614.38805204026  2.727817E-13
4614.44830451048  4.275561E-13
4614.50854489001  2.616615E-13
4614.56877315992  1.188826E-12
4614.62898930135  3.385325E-13
4614.68919329557  6.116011E-13
4614.74938512387  1.085387E-13
4614.80956476766  -4.967268E-13
4614.86973220842  2.137102E-13
4614.92988742771  5.430620E-13
4614.99003040716  4.585852E-13
4615.05016112849  -4.695140E-13
4615.11027957351  4.745149E-14
4615.17038572407  1.279248E-13
4615.23047956213  6.375653E-13
4615.29056106973  1.297438E-13
4615.35063022896  3.868311E-13
4615.41068702203  5.854779E-14
4615.47073143118  -2.088975E-14
4615.53076343877  6.133138E-13
4615.5907830272  1.375331E-13
4615.65079017897  -1.242153E-13
4615.71078487666  1.720168E-13
4615.77076710291  -6.495324E-14
4615.83073684043  3.218766E-13
4615.89069407204  2.957420E-13
4615.95063878061  6.306204E-13
4616.01057094908  -7.489377E-14
4616.07049056048  1.620388E-13
4616.13039759791  1.580313E-13
4616.19029204455  6.868785E-13
4616.25017388364  3.895466E-13
4616.31004309851  4.247390E-13
4616.36989967255  7.591238E-14
4616.42974358924  2.822492E-13
4616.48957483212  1.739384E-13
4616.54939338481  8.581564E-15
4616.609199231  -6.749999E-14
4616.66899235445  -2.027521E-13
4616.728772739  3.310302E-13
4616.78854036857  1.385384E-13
4616.84829522713  1.701562E-15
4616.90803729874  1.247379E-14
4616.96776656753  2.807581E-14
4617.02748301768  2.916012E-13
4617.08718663347  1.230977E-13
4617.14687739924  3.168934E-13
4617.20655529941  2.219029E-13
4617.26622031844  3.132450E-14
4617.3258724409  3.021949E-13
4617.38551165141  -3.886862E-15
4617.44513793466  9.119111E-14
4617.50475127541  -1.123389E-14
4617.5643516585  1.822733E-13
4617.62393906882  4.451439E-14
4617.68351349136  1.812139E-13
4617.74307491114  9.313315E-14
4617.80262331328  1.123709E-15
4617.86215868296  5.826439E-14
4617.92168100542  1.563048E-13
4617.98119026597  1.062836E-13
4618.04068645001  3.161469E-14
4618.10016954297  5.349732E-14
4618.15963953038  3.083854E-13
4618.21909639783  2.495840E-13
4618.27854013096  2.829394E-13
4618.33797071549  3.002063E-13
4618.39738813722  2.537795E-15
4618.45679238198  7.153127E-13
4618.51618343571  2.150401E-12
4618.57556128438  3.252158E-13
4618.63492591406  1.576602E-13
4618.69427731084  8.761154E-15
4618.75361546093  9.407525E-14
4618.81294035056  2.094593E-13
4618.87225196605  9.408334E-15
4618.93155029377  -1.221942E-14
4618.99083532017  1.417527E-13
4619.05010703175  -1.048231E-13
4619.10936541509  -1.156024E-13
4619.16861045682  -3.681962E-14
4619.22784214364  -2.033628E-14
4619.28706046231  7.656387E-14
4619.34626539966  2.943132E-13
4619.40545694258  2.249615E-13
4619.46463507802  1.997459E-13
4619.523799793  1.785350E-13
4619.58295107459  -2.848178E-14
4619.64208890994  2.559314E-14
4619.70121328625  8.691656E-14
4619.76032419078  1.560110E-13
4619.81942161086  2.310070E-13
4619.87850553389  2.067911E-13
4619.9375759473  1.442075E-13
4619.99663283861  2.805118E-13
4620.0556761954  3.009404E-14
4620.11470600529  1.992808E-13
4620.17372225599  1.473340E-14
4620.23272493525  1.833355E-14
4620.29171403087  1.386283E-13
4620.35068953075  5.423126E-14
4620.4096514228  9.140771E-15
4620.46859969504  1.254970E-13
4620.5275343355  -3.326411E-14
4620.58645533232  1.268215E-13
4620.64536267365  -8.493885E-14
4620.70425634773  -1.214148E-14
4620.76313634286  1.574832E-13
4620.82200264737  -2.515865E-15
4620.88085524969  3.943567E-14
4620.93969413827  3.521993E-14
4620.99851930164  1.814550E-13
4621.05733072838  -9.421256E-15
4621.11612840714  -1.510614E-14
4621.1749123266  8.967675E-14
4621.23368247552  1.842009E-14
4621.29243884271  6.494327E-14
4621.35118141705  1.029003E-13
4621.40991018746  -4.053165E-14
4621.46862514291  -3.148058E-14
4621.52732627245  -3.842791E-14
4621.58601356517  1.247908E-13
4621.64468701021  9.277201E-14
4621.7033465968  -2.335041E-15
4621.76199231418  1.321161E-13
4621.82062415167  7.984881E-15
4621.87924209865  4.175442E-14
4621.93784614455  2.477304E-13
4621.99643627883  5.813553E-14
4622.05501249105  6.378711E-14
4622.11357477079  2.197018E-14
4622.1721231077  2.494887E-14
4622.23065749147  8.764012E-15
4622.28917791187  1.174017E-13
4622.34768435869  -2.994988E-14
4622.4061768218  -1.326297E-14
4622.46465529111  -1.533998E-14
4622.52311975659  8.478278E-14
4622.58157020826  1.055384E-13
4622.64000663619  6.919946E-14
4622.69842903051  4.837018E-14
4622.7568373814  -1.290895E-14
4622.81523167909  1.290938E-13
4622.87361191387  1.298189E-13
4622.93197807605  3.707833E-14
4622.99033015604  3.272965E-14
4623.04866814427  3.643956E-15
4623.10699203124  6.675948E-14
4623.16530180747  -4.531080E-14
4623.22359746357  7.111255E-14
4623.28187899018  4.586329E-15
4623.34014637799  8.464445E-17
4623.39839961775  -1.426140E-13
4623.45663870024  1.799288E-13
4623.51486361633  7.147183E-14
4623.57307435689  1.080078E-14
4623.63127091289  6.221090E-14
4623.6894532753  7.803064E-14
4623.74762143518  9.171660E-14
4623.80577538361  1.750224E-13
4623.86391511175  2.700455E-14
4623.92204061078  -2.032853E-15
4623.98015187195  1.341695E-13
4624.03824888655  2.742065E-14
4624.0963316459  4.406287E-14
4624.1544001414  7.017574E-14
4624.21245436449  5.326611E-14
4624.27049430664  1.326179E-14
4624.32851995938  -2.376643E-14
4624.38653131431  -1.215758E-14
4624.44452836303  2.581406E-14
4624.50251109722  3.177268E-14
4624.5604795086  6.508880E-14
4624.61843358894  4.916894E-14
4624.67637333006  9.387521E-14
4624.73429872381  8.705702E-14
4624.7922097621  1.496000E-14
4624.85010643688  -6.572815E-15
4624.90798874016  4.103517E-14
4624.96585666398  -1.776489E-16
4625.02371020043  4.006745E-14
4625.08154934164  3.372605E-14
4625.13937407981  2.917924E-14
4625.19718440716  1.636842E-15
4625.25498031596  9.239800E-15
4625.31276179852  -4.290259E-16
4625.37052884723  6.585261E-14
4625.42828145447  5.785705E-14
4625.48601961271  3.319344E-14
4625.54374331444  6.358208E-14
4625.6014525522  5.107500E-14
4625.65914731858  -3.992692E-15
4625.71682760621  5.140302E-14
4625.77449340776  -2.643767E-14
4625.83214471594  6.509534E-14
4625.88978152352  3.258948E-14
4625.9474038233  6.865293E-14
4626.00501160812  4.436546E-14
4626.06260487088  1.849809E-14
4626.1201836045  -5.461224E-14
4626.17774780197  1.895288E-14
4626.2352974563  6.663767E-15
4626.29283256054  -2.287836E-15
4626.35035310781  -1.970997E-14
4626.40785909124  2.753249E-14
4626.46535050403  8.050265E-15
4626.52282733939  -1.750513E-14
4626.5802895906  6.414834E-14
4626.63773725097  5.437230E-14
4626.69517031384  2.108255E-14
4626.75258877262  -6.403160E-15
4626.80999262074  -5.086326E-15
4626.86738185167  7.639644E-15
4626.92475645892  3.171656E-14
4626.98211643606  4.939791E-14
4627.03946177668  4.854461E-14
4627.09679247441  1.065899E-14
4627.15410852293  8.232987E-14
4627.21140991597  -2.491992E-14
4627.26869664727  6.735402E-14
4627.32596871062  -1.685156E-14
4627.38322609988  -1.264755E-14
4627.4404688089  9.327986E-14
4627.49769683161  -7.676962E-15
4627.55491016196  -3.399283E-14
4627.61210879393  4.823751E-14
4627.66929272156  5.271169E-14
4627.72646193892  2.167152E-14
4627.78361644012  6.263022E-14
4627.84075621929  -2.968781E-15
4627.89788127063  7.569427E-14
4627.95499158836  1.127442E-15
4628.01208716673  6.368908E-14
4628.06916800005  -7.599336E-15
4628.12623408264  -3.844506E-15
4628.18328540889  1.939586E-14
4628.2403219732  -1.232054E-15
4628.29734377001  -1.515526E-14
4628.35435079381  2.727077E-14
4628.41134303912  6.821742E-14
4628.4683205005  2.997944E-14
4628.52528317255  -1.771114E-16
4628.58223104989  -3.987570E-15
4628.63916412718  2.192852E-14
4628.69608239914  2.234939E-14
4628.75298586049  1.157251E-14
4628.80987450602  6.674317E-15
4628.86674833054  8.996368E-16
4628.92360732888  1.246895E-14
4628.98045149594  3.685185E-14
4629.03728082662  -1.648371E-15
4629.09409531589  2.269079E-14
4629.15089495871  3.877405E-14
4629.20767975013  1.715478E-14
4629.2644496852  1.450399E-14
4629.32120475899  5.972354E-16
4629.37794496665  -2.951069E-15
4629.43467030333  2.254489E-14
4629.49138076422  7.094721E-15
4629.54807634455  -3.699253E-15
4629.60475703959  2.344644E-14
4629.66142284463  1.496241E-14
4629.71807375499  4.629683E-15
4629.77470976604  -1.454830E-14
4629.83133087319  1.620781E-14
4629.88793707185  -5.448921E-15
4629.94452835749  -7.143707E-16
4630.00110472561  -1.065388E-14
4630.05766617173  3.879506E-14
4630.11421269141  2.308125E-14
4630.17074428026  -5.689934E-15
4630.22726093389  3.328428E-14
4630.28376264796  4.439950E-14
4630.34024941817  3.842220E-14
4630.39672124023  2.303212E-14
4630.4531781099  3.661388E-14
4630.50962002298  4.547298E-15
4630.56604697527  1.704679E-14
4630.62245896263  8.891490E-15
4630.67885598093  1.183085E-14
4630.7352380261  4.215174E-14
4630.79160509407  7.507936E-15
4630.84795718081  1.552641E-14
4630.90429428234  3.643542E-14
4630.96061639469  4.540266E-14
4631.01692351393  3.563915E-14
4631.07321563615  -8.230726E-15
4631.12949275749  2.250086E-14
4631.18575487409  3.747267E-14
4631.24200198215  -1.863312E-14
4631.2982340779  2.588861E-15
4631.35445115756  9.080762E-15
4631.41065321743  2.015609E-14
4631.46684025381  -1.175416E-14
4631.52301226304  1.532155E-14
4631.57916924149  4.896516E-14
4631.63531118554  1.682508E-14
4631.69143809163  2.152304E-14
4631.74754995621  1.406203E-14
4631.80364677576  4.228252E-14
4631.85972854679  9.209815E-15
4631.91579526585  -1.359313E-15
4631.9718469295  2.339967E-14
4632.02788353434  1.265124E-14
4632.083905077  1.583328E-14
4632.13991155412  1.963635E-14
4632.1959029624  -2.064993E-15
4632.25187929854  2.461951E-14
4632.30784055927  1.019184E-15
4632.36378674137  -7.380282E-15
4632.41971784163  1.653301E-14
4632.47563385686  9.005933E-15
4632.53153478392  -5.419097E-15
4632.58742061967  4.834148E-15
4632.64329136102  7.027435E-15
4632.69914700491  2.390829E-14
4632.75498754827  5.887062E-16
4632.81081298811  3.030690E-14
4632.86662332142  -8.122988E-15
4632.92241854524  6.127873E-14
4632.97819865664  2.890403E-14
4633.0339636527  1.398293E-14
4633.08971353053  3.130732E-14
4633.14544828729  -6.109680E-16
4633.20116792012  -1.154133E-14
4633.25687242624  3.578000E-14
4633.31256180284  6.721059E-15
4633.36823604718  -1.546492E-14
4633.42389515653  6.948013E-15
4633.47953912818  3.643973E-15
4633.53516795944  2.064569E-14
4633.59078164768  -3.702676E-17
4633.64638019024  2.156085E-14
4633.70196358454  1.508668E-15
4633.75753182799  6.261962E-16
4633.81308491802  5.978907E-15
4633.86862285212  6.880232E-15
4633.92414562778  1.530402E-14
4633.9796532425  -6.277405E-15
4634.03514569385  1.314496E-14
4634.09062297937  2.744453E-15
4634.14608509666  -1.653531E-14
4634.20153204333  1.254413E-15
4634.25696381703  3.721606E-15
4634.31238041541  3.878771E-15
4634.36778183616  3.452434E-15
4634.42316807699  1.499662E-14
4634.47853913562  1.713763E-15
4634.53389500982  1.130718E-14
4634.58923569736  9.620735E-15
4634.64456119604  1.264301E-14
4634.6998715037  1.901085E-14
4634.75516661817  3.417543E-16
4634.81044653732  1.713220E-15
4634.86571125905  9.697019E-15
4634.92096078127  2.806798E-14
4634.97619510193  1.225285E-14
4635.03141421897  -1.966841E-15
4635.08661813039  1.181286E-15
4635.14180683418  7.819042E-15
4635.19698032838  1.119407E-14
4635.25213861102  1.790984E-14
4635.30728168019  2.197825E-14
4635.36240953396  1.887947E-14
4635.41752217047  8.040628E-15
4635.47261958783  1.918155E-14
4635.52770178421  1.061861E-14
4635.58276875778  1.298346E-14
4635.63782050674  5.278898E-15
4635.69285702931  1.034906E-14
4635.74787832374  3.169024E-15
4635.80288438827  2.002450E-15
4635.85787522121  1.290199E-14
4635.91285082084  1.586287E-14
4635.96781118549  2.104313E-14
4636.0227563135  -5.131594E-16
4636.07768620325  1.324554E-14
4636.13260085311  -3.258700E-15
4636.18750026149  -3.991083E-15
4636.24238442681  1.698144E-14
4636.29725334752  2.923650E-14
4636.35210702209  2.465123E-14
4636.40694544899  1.126480E-14
4636.46176862673  3.339071E-14
4636.51657655384  6.805230E-15
4636.57136922886  1.996613E-14
4636.62614665035  2.595894E-14
4636.6809088169  4.950469E-15
4636.7356557271  2.499302E-14
4636.79038737957  -1.504308E-14
4636.84510377296  7.359383E-15
4636.89980490593  -1.426477E-15
4636.95449077714  1.142827E-14
4637.0091613853  -2.243834E-15
4637.06381672912  4.313784E-15
4637.11845680733  9.039519E-15
4637.17308161869  5.889357E-16
4637.22769116196  -3.138239E-15
4637.28228543593  1.153729E-14
4637.33686443942  9.979463E-15
4637.39142817124  1.760499E-14
4637.44597663023  -2.267059E-14
4637.50050981526  1.945161E-14
4637.55502772521  2.361037E-14
4637.60953035897  3.310338E-16
4637.66401771545  5.842963E-15
4637.71848979358  1.851909E-15
4637.77294659232  1.243572E-15
4637.82738811062  8.060664E-15
4637.88181434748  3.255024E-15
4637.93622530189  1.405792E-15
4637.99062097287  -5.815815E-15
4638.04500135945  4.682410E-16
4638.09936646069  4.749424E-15
4638.15371627565  -2.282800E-15
4638.20805080341  2.818391E-15
4638.26237004309  1.395483E-14
4638.3166739938  2.153435E-14
4638.37096265466  1.288902E-15
4638.42523602483  1.655466E-14
4638.47949410349  3.837636E-15
4638.53373688981  3.027243E-14
4638.58796438299  1.402866E-14
4638.64217658224  1.983656E-14
4638.6963734868  -1.470979E-15
4638.75055509593  2.700424E-15
4638.80472140886  6.087330E-15
4638.8588724249  4.298167E-15
4638.91300814333  6.656723E-16
4638.96712856345  3.921401E-15
4639.02123368461  9.399813E-15
4639.07532350613  6.801325E-15
4639.12939802738  5.855459E-16
4639.18345724772  9.567217E-17
4639.23750116654  6.728281E-15
4639.29152978324  2.299696E-15
4639.34554309724  3.561252E-15
4639.39954110797  1.477540E-14
4639.45352381487  1.217761E-14
4639.50749121741  4.466329E-15
4639.56144331506  -7.060008E-17
4639.61538010731  2.019667E-15
4639.66930159366  2.384784E-14
4639.72320777364  3.686697E-15
4639.77709864676  3.207492E-15
4639.83097421259  3.529818E-15
4639.88483447069  2.091264E-14
4639.93867942062  7.973227E-15
4639.99250906197  1.403104E-14
4640.04632339436  2.092830E-14
4640.10012241739  6.380148E-15
4640.1539061307  8.385972E-15
4640.20767453394  6.033334E-15
4640.26142762674  8.286423E-15
4640.3151654088  8.998319E-15
4640.3688878798  1.902724E-14
4640.42259503942  -2.084187E-15
4640.47628688739  8.284478E-15
4640.52996342343  1.541165E-14
4640.58362464728  7.439644E-15
4640.63727055868  -4.252653E-16
4640.69090115739  8.398054E-16
4640.74451644321  3.641162E-15
4640.79811641591  2.377794E-15
4640.85170107529  -3.669497E-16
4640.90527042118  2.012374E-14
4640.95882445339  1.441393E-14
4641.01236317178  1.542413E-14
4641.06588657618  -3.213622E-15
4641.11939466647  -5.607233E-15
4641.17288744252  -8.246534E-16
4641.22636490422  -3.532831E-15
4641.27982705147  7.189282E-15
4641.33327388418  1.468278E-14
4641.38670540229  9.214582E-15
4641.44012160572  1.163440E-14
4641.49352249442  3.836998E-15
4641.54690806837  -4.857408E-15
4641.60027832752  7.415444E-15
4641.65363327186  1.667184E-14
4641.70697290139  1.442143E-15
4641.76029721611  1.106927E-14
4641.81360621605  9.557226E-15
4641.86689990123  1.088952E-14
4641.92017827169  -3.316256E-15
4641.97344132749  3.040110E-15
4642.02668906869  9.303904E-15
4642.07992149537  1.102312E-14
4642.1331386076  -7.790319E-16
4642.18634040549  1.408053E-14
4642.23952688914  1.905975E-16
4642.29269805867  3.929530E-15
4642.34585391421  6.220831E-15
4642.3989944559  1.692199E-14
4642.45211968389  3.758180E-15
4642.50522959834  1.354273E-15
4642.55832419942  6.143114E-15
4642.61140348731  1.921203E-14
4642.6644674622  2.938024E-15
4642.7175161243  1.312656E-14
4642.77054947382  3.072333E-15
4642.82356751098  6.269505E-15
4642.876570236  2.802493E-15
4642.92955764914  3.623668E-15
4642.98252975065  1.459858E-14
4643.03548654078  7.733245E-15
4643.08842801982  1.583120E-14
4643.14135418803  4.056921E-15
4643.19426504571  5.569929E-15
4643.24716059318  -2.446577E-15
4643.30004083072  3.049913E-16
4643.35290575866  1.588314E-14
4643.40575537734  2.865778E-16
4643.45858968709  5.928882E-15
4643.51140868825  3.278026E-15
4643.56421238119  1.134397E-14
4643.61700076627  1.612888E-14
4643.66977384387  4.127116E-15
4643.72253161437  1.058503E-14
4643.77527407816  -3.552647E-15
4643.82800123564  7.890613E-15
4643.88071308724  5.996229E-15
4643.93340963336  1.134058E-14
4643.98609087443  5.348565E-15
4644.0387568109  5.452978E-15
4644.0914074432  -1.859516E-16
4644.1440427718  2.575877E-15
4644.19666279715  4.753643E-15
4644.24926751972  7.294649E-15
4644.30185694  1.202531E-14
4644.35443105847  4.872708E-15
4644.40698987563  2.920341E-15
4644.45953339198  -1.671159E-15
4644.51206160804  2.097744E-15
4644.56457452432  1.445986E-15
4644.61707214135  7.988058E-15
4644.66955445968  -2.727580E-15
4644.72202147984  5.463655E-15
4644.77447320238  6.816828E-15
4644.82690962787  9.048205E-15
4644.87933075687  1.274305E-14
4644.93173658996  1.119071E-14
4644.98412712772  -3.413602E-15
4645.03650237075  -5.037604E-16
4645.08886231963  1.127552E-14
4645.14120697497  9.178166E-16
4645.19353633739  5.825938E-15
4645.24585040751  1.234564E-14
4645.29814918595  2.590133E-15
4645.35043267335  -7.660346E-16
4645.40270087035  2.893193E-15
4645.45495377759  -1.641780E-15
4645.50719139574  5.926232E-15
4645.55941372545  -9.803196E-18
4645.6116207674  -2.045249E-15
4645.66381252227  1.686772E-14
4645.71598899072  -2.567854E-15
4645.76815017346  2.548848E-15
4645.82029607119  7.524901E-15
4645.8724266846  -3.842432E-15
4645.9245420144  9.547024E-15
4645.97664206132  3.687381E-16
4646.02872682607  2.706104E-15
4646.08079630939  1.032713E-14
4646.132850512  -4.177306E-15
4646.18488943466  1.432630E-14
4646.23691307811  -3.968311E-15
4646.28892144311  2.765231E-15
4646.34091453041  1.522644E-15
4646.39289234079  -5.946258E-16
4646.44485487502  1.041563E-15
4646.49680213388  -1.994139E-15
4646.54873411814  1.151526E-14
4646.60065082861  5.118808E-15
4646.65255226609  -8.016463E-16
4646.70443843136  1.482098E-15
4646.75630932525  7.169732E-15
4646.80816494857  8.224764E-15
4646.86000530213  1.028348E-14
4646.91183038677  1.068857E-14
4646.96364020331  -2.011389E-16
4647.0154347526  7.521892E-15
4647.06721403547  1.383377E-14
4647.11897805278  1.815011E-15
4647.17072680537  1.193242E-14
4647.2224602941  -1.551785E-15
4647.27417851985  -3.004846E-15
4647.32588148347  1.005421E-14
4647.37756918585  8.423854E-15
4647.42924162786  5.947153E-15
4647.48089881039  5.000768E-15
4647.53254073433  8.304842E-15
4647.58416740057  -3.257222E-15
4647.63577881002  -2.199219E-15
4647.68737496357  -2.419079E-15
4647.73895586214  7.398281E-16
4647.79052150664  9.532775E-15
4647.842071898  -2.640787E-15
4647.89360703714  1.070454E-14
4647.94512692497  1.523360E-14
4647.99663156245  8.816515E-15
4648.04812095051  1.387059E-15
4648.09959509008  7.528807E-15
4648.15105398213  2.420537E-15
4648.20249762759  3.666791E-15
4648.25392602744  1.725021E-15
4648.30533918261  5.288745E-15
4648.35673709409  5.901288E-15
4648.40811976284  1.256195E-14
4648.45948718984  1.025684E-15
4648.51083937606  2.151941E-15
4648.56217632249  2.172894E-15
4648.61349803011  6.630060E-15
4648.66480449991  1.595149E-15
4648.7160957329  -4.265822E-15
4648.76737173005  6.687098E-16
4648.81863249238  8.039033E-15
4648.8698780209  1.112535E-14
4648.92110831661  9.279541E-15
4648.97232338054  1.602562E-15
4649.02352321369  1.211230E-14
4649.07470781708  8.429216E-15
4649.12587719176  6.229128E-15
4649.17703133874  6.668121E-15
4649.22817025905  3.203827E-15
4649.27929395375  2.527173E-15
4649.33040242385  1.531384E-15
4649.38149567041  2.918282E-15
4649.43257369447  4.134294E-15
4649.4836364971  3.990914E-15
4649.53468407933  1.270297E-14
4649.58571644223  -4.561920E-15
4649.63673358686  5.061900E-15
4649.68773551427  8.578747E-16
4649.73872222555  1.367603E-14
4649.78969372176  1.665023E-15
4649.84065000398  -9.828242E-16
4649.89159107327  6.447984E-16
4649.94251693073  4.513625E-15
4649.99342757743  2.474318E-15
4650.04432301447  7.714920E-15
4650.09520324292  6.692117E-15
4650.14606826389  1.181794E-14
4650.19691807846  2.642162E-15
4650.24775268774  7.498136E-16
4650.29857209283  -4.737563E-15
4650.34937629483  5.992257E-15
4650.40016529484  3.154057E-15
4650.45093909399  3.602592E-15
4650.50169769337  7.510811E-15
4650.55244109411  1.242236E-14
4650.60316929731  -6.086849E-15
4650.65388230411  -1.481756E-15
4650.70458011563  1.046442E-14
4650.75526273298  1.547080E-14
4650.8059301573  1.994182E-15
4650.85658238972  -2.641933E-15
4650.90721943137  4.401040E-15
4650.95784128338  1.235853E-14
4651.0084479469  -1.199656E-15
4651.05903942305  3.288876E-15
4651.109615713  7.824311E-15
4651.16017681787  -1.391293E-17
4651.21072273882  2.447991E-15
4651.26125347699  8.673966E-15
4651.31176903354  5.254768E-15
4651.36226940962  9.993935E-15
4651.41275460638  2.543689E-15
4651.46322462499  -2.956632E-15
4651.5136794666  1.460606E-15
4651.56411913237  2.988941E-16
4651.61454362346  -2.282734E-15
4651.66495294105  7.056943E-15
4651.7153470863  2.412523E-15
4651.76572606038  7.829472E-15
4651.81608986446  6.575200E-15
4651.86643849971  7.878882E-16
4651.91677196731  -1.236996E-15
4651.96709026843  2.809469E-15
4652.01739340426  3.888523E-15
4652.06768137597  5.039378E-15
4652.11795418475  -6.408541E-15
4652.16821183178  1.238067E-15
4652.21845431823  1.254572E-14
4652.26868164532  3.358792E-15
4652.31889381421  6.767557E-15
4652.36909082609  1.027324E-14
4652.41927268217  5.812114E-15
4652.46943938363  7.576297E-15
4652.51959093167  8.132669E-15
4652.56972732749  1.039830E-14
4652.61984857227  6.832076E-15
4652.66995466722  -7.003087E-16
4652.72004561354  2.765171E-15
4652.77012141243  7.071297E-15
4652.82018206509  1.389147E-14
4652.87022757273  3.913784E-15
4652.92025793655  2.283939E-16
4652.97027315776  -2.648925E-15
4653.02027323756  1.347925E-14
4653.07025817717  9.355892E-15
4653.12022797779  -2.404351E-15
4653.17018264063  8.260344E-15
4653.22012216691  9.698648E-15
4653.27004655783  3.572000E-15
4653.31995581462  3.928346E-15
4653.36984993849  7.139658E-15
4653.41972893065  -6.554325E-16
4653.46959279232  -2.211829E-15
4653.51944152472  5.188523E-15
4653.56927512907  6.324180E-16
4653.61909360658  2.712827E-15
4653.66889695849  9.758440E-15
4653.71868518599  -1.079431E-15
4653.76845829033  1.466800E-15
4653.81821627273  1.797942E-15
4653.8679591344  5.585144E-15
4653.91768687657  6.869413E-15
4653.96739950047  2.206823E-15
4654.01709700732  3.266752E-15
4654.06677939835  2.235905E-15
4654.11644667478  -2.933327E-15
4654.16609883785  1.051667E-14
4654.21573588878  -5.793379E-16
4654.2653578288  5.331041E-15
4654.31496465914  2.848817E-15
4654.36455638103  5.066762E-15
4654.4141329957  1.978492E-16
4654.46369450438  7.867910E-15
4654.5132409083  3.743378E-15
4654.5627722087  1.135192E-14
4654.6122884068  3.466446E-15
4654.66178950384  7.887473E-15
4654.71127550106  -1.675965E-15
4654.76074639968  -6.656156E-16
4654.81020220093  7.827419E-15
4654.85964290606  3.973819E-15
4654.9090685163  9.705627E-15
4654.95847903288  -2.016441E-15
4655.00787445704  7.778010E-15
4655.05725479  1.055489E-14
4655.10662003302  3.985921E-15
4655.15597018731  5.701262E-15
4655.20530525412  6.761537E-15
4655.25462523469  -2.543787E-15
4655.30393013024  8.233535E-15
4655.35321994201  -9.437624E-16
4655.40249467125  2.675030E-15
4655.45175431919  1.227982E-15
4655.50099888705  3.493023E-15
4655.55022837609  8.228422E-15
4655.59944278752  3.430909E-15
4655.6486421226  -2.664250E-15
4655.69782638256  7.384383E-15
4655.74699556863  7.941135E-15
4655.79614968205  2.341376E-15
4655.84528872405  1.264651E-14
4655.89441269588  -5.375667E-15
4655.94352159875  2.805506E-16
4655.99261543392  4.757327E-15
4656.04169420262  1.262885E-15
4656.09075790608  1.398431E-14
4656.13980654553  3.813908E-15
4656.18884012222  2.003994E-15
4656.23785863738  6.182350E-15
4656.28686209223  7.597885E-15
4656.33585048802  4.010729E-15
4656.38482382598  8.455163E-15
4656.43378210734  -1.452986E-15
4656.48272533333  -3.508642E-15
4656.53165350519  8.398909E-15
4656.58056662416  7.984585E-15
4656.62946469145  6.705070E-15
4656.67834770831  8.732328E-15
4656.72721567596  3.234765E-15
4656.77606859565  7.096915E-15
4656.82490646858  -5.005289E-15
4656.87372929601  4.935570E-15
4656.92253707915  5.616166E-15
4656.97132981924  -3.930202E-15
4657.02010751751  6.471928E-16
4657.06887017517  1.800409E-16
4657.11761779347  1.132629E-14
4657.16635037362  6.166760E-15
4657.21506791686  3.347215E-15
4657.26377042441  1.271422E-14
4657.3124578975  -1.424365E-15
4657.36113033735  2.810123E-15
4657.40978774518  3.444664E-16
4657.45843012222  2.045780E-15
4657.5070574697  4.631890E-15
4657.55566978883  4.736590E-15
4657.60426708083  7.459967E-15
4657.65284934693  5.706692E-16
4657.70141658835  4.492751E-15
4657.74996880631  -4.654187E-15
4657.79850600203  9.567163E-15
4657.84702817672  2.873597E-15
4657.8955353316  6.631523E-15
4657.9440274679  2.557359E-15
4657.99250458681  9.921394E-15
4658.04096668957  3.156107E-16
4658.08941377739  -1.352123E-15
4658.13784585147  5.821050E-15
4658.18626291304  5.935023E-15
4658.2346649633  5.090211E-15
4658.28305200347  6.282915E-15
4658.33142403475  1.350708E-14
4658.37978105836  6.668827E-15
4658.42812307551  -3.152405E-17
4658.47645008739  4.128821E-15
4658.52476209523  6.863228E-16
4658.57305910022  4.588285E-17
4658.62134110357  1.075055E-15
4658.66960810649  5.130032E-15
4658.71786011018  7.192199E-13
4658.76609711584  -8.395614E-16
4658.81431912467  1.591560E-15
4658.86252613787  1.410486E-14
4658.91071815664  5.365331E-16
4658.95889518219  2.555777E-15
4659.0070572157  2.812786E-15
4659.05520425837  3.460789E-15
4659.10333631142  3.014893E-15
4659.15145337601  1.141544E-14
4659.19955545335  4.126704E-15
4659.24764254463  -1.320651E-15
4659.29571465104  5.733201E-15
4659.34377177378  2.839291E-15
4659.39181391402  -3.320460E-15
4659.43984107297  4.287702E-15
4659.48785325181  1.122243E-15
4659.53585045171  1.274082E-14
4659.58383267388  1.352927E-14
4659.63179991948  -1.368640E-15
4659.67975218971  -2.768366E-15
4659.72768948574  3.652069E-15
4659.77561180876  7.231348E-15
4659.82351915995  5.930516E-15
4659.87141154048  5.614540E-16
4659.91928895152  7.514046E-15
4659.96715139427  1.011164E-14
4660.01499886988  -3.133425E-16
4660.06283137954  5.363511E-15
4660.11064892441  2.567000E-15
4660.15845150567  7.514676E-15
4660.20623912448  1.005077E-14
4660.25401178202  -2.425019E-15
4660.30176947945  6.902822E-15
4660.34951221794  -4.124926E-15
4660.39723999865  9.543391E-15
4660.44495282275  1.800417E-15
4660.4926506914  9.173108E-15
4660.54033360576  2.237966E-15
4660.58800156698  -3.704328E-16
4660.63565457624  4.673810E-15
4660.68329263468  3.647819E-15
4660.73091574346  -8.544367E-16
4660.77852390373  1.784633E-14
4660.82611711666  8.311346E-15
4660.87369538339  3.851869E-15
4660.92125870507  7.628672E-17
4660.96880708285  9.097939E-15
4661.01634051788  4.299157E-15
4661.0638590113  7.628639E-15
4661.11136256427  5.850474E-15
4661.15885117792  2.395623E-15
4661.2063248534  4.975798E-15
4661.25378359186  5.060783E-15
4661.30122739442  2.246626E-15
4661.34865626223  6.829176E-15
4661.39607019642  1.009683E-15
4661.44346919814  4.306049E-15
4661.49085326851  7.732845E-15
4661.53822240868  1.268324E-14
4661.58557661976  6.843968E-15
4661.63291590289  6.796733E-15
4661.68024025921  1.243337E-14
4661.72754968984  7.492653E-15
4661.7748441959  7.639686E-15
4661.82212377851  1.408857E-15
4661.86938843882  1.000077E-14
4661.91663817792  -9.067562E-17
4661.96387299695  8.373594E-16
4662.01109289703  2.066184E-15
4662.05829787926  4.438992E-15
4662.10548794478  1.144964E-14
4662.15266309469  5.101225E-15
4662.19982333011  4.542986E-15
4662.24696865214  5.896322E-15
4662.2940990619  8.537010E-15
4662.34121456051  6.597229E-15
4662.38831514905  -3.781488E-16
4662.43540082865  5.196126E-15
4662.48247160041  9.769677E-15
4662.52952746543  6.880126E-15
4662.5765684248  6.072508E-15
4662.62359447964  1.184391E-14
4662.67060563104  3.297013E-15
4662.7176018801  6.954880E-15
4662.76458322791  -1.708944E-15
4662.81154967557  1.093362E-14
4662.85850122418  4.296591E-15
4662.90543787481  1.915260E-15
4662.95235962857  1.616466E-15
4662.99926648654  1.450259E-14
4663.04615844981  4.462204E-15
4663.09303551946  -2.748329E-16
4663.13989769658  7.694117E-15
4663.18674498225  5.005539E-15
4663.23357737756  5.590432E-15
4663.28039488357  6.068711E-15
4663.32719750137  2.797930E-15
4663.37398523204  1.108486E-14
4663.42075807665  3.687873E-15
4663.46751603627  3.707301E-15
4663.51425911198  3.980880E-15
4663.56098730485  4.012852E-15
4663.60770061594  -1.996437E-15
4663.65439904633  6.024693E-15
4663.70108259708  8.242164E-15
4663.74775126925  3.270820E-15
4663.7944050639  3.621345E-15
4663.84104398211  -7.241418E-16
4663.88766802492  -2.658139E-15
4663.9342771934  1.471577E-15
4663.98087148861  4.982448E-15
4664.02745091159  8.705829E-15
4664.07401546341  -2.469501E-15
4664.12056514511  2.899330E-15
4664.16709995775  4.976363E-15
4664.21361990238  2.900186E-15
4664.26012498003  6.342535E-15
4664.30661519177  3.151245E-15
4664.35309053864  1.205723E-14
4664.39955102167  7.179830E-15
4664.44599664191  9.543150E-16
4664.49242740041  1.039639E-14
4664.53884329819  1.176333E-15
4664.5852443363  2.842050E-15
4664.63163051576  2.212050E-15
4664.67800183763  8.379337E-15
4664.72435830293  7.969549E-15
4664.77069991268  7.786059E-15
4664.81702666793  9.145009E-15
4664.86333856969  9.560892E-15
4664.909635619  -3.096698E-16
4664.95591781688  7.963008E-15
4665.00218516435  1.119777E-14
4665.04843766243  1.607497E-15
4665.09467531216  7.242477E-15
4665.14089811454  1.570062E-14
4665.18710607059  7.407290E-15
4665.23329918133  8.996932E-15
4665.27947744777  4.886002E-15
4665.32564087093  2.057584E-15
4665.37178945183  -7.587879E-16
4665.41792319145  3.723698E-15
4665.46404209083  6.441153E-15
4665.51014615096  3.756396E-15
4665.55623537285  5.811095E-15
4665.60230975751  9.383703E-16
4665.64836930593  5.722678E-17
4665.69441401912  1.171668E-14
4665.74044389807  5.799025E-15
4665.7864589438  -3.945942E-16
4665.83245915728  4.255695E-15
4665.87844453952  7.703994E-15
4665.92441509152  7.368123E-15
4665.97037081425  2.777850E-15
4666.01631170873  2.338752E-15
4666.06223777592  6.508041E-17
4666.10814901683  -1.615436E-15
4666.15404543243  4.009982E-15
4666.19992702372  4.631530E-15
4666.24579379167  1.676050E-15
4666.29164573727  1.838596E-15
4666.3374828615  6.061883E-15
4666.38330516534  6.560237E-15
4666.42911264976  2.795162E-15
4666.47490531575  -4.372963E-15
4666.52068316427  -4.354027E-17
4666.5664461963  3.727300E-16
4666.61219441281  8.727866E-15
4666.65792781478  3.032894E-15
4666.70364640316  5.253894E-16
4666.74935017893  -8.759774E-16
4666.79503914306  1.257064E-15
4666.8407132965  1.143836E-14
4666.88637264023  9.935306E-15
4666.9320171752  1.283386E-15
4666.97764690237  6.149656E-15
4667.02326182271  6.081948E-15
4667.06886193717  -2.679462E-15
4667.1144472467  8.968597E-15
4667.16001775227  5.324129E-15
4667.20557345482  1.462335E-14
4667.25111435531  6.222232E-15
4667.29664045468  3.330546E-15
4667.34215175389  1.091889E-14
4667.38764825388  9.031191E-15
4667.43312995561  4.160932E-15
4667.47859686  5.833322E-15
4667.52404896802  2.404660E-15
4667.5694862806  1.114397E-14
4667.61490879868  3.780106E-15
4667.6603165232  1.178155E-14
4667.7057094551  5.560326E-15
4667.75108759532  1.892893E-14
4667.79645094478  1.077881E-14
4667.84179950444  6.140126E-15
4667.88713327521  4.848009E-15
4667.93245225803  9.687479E-15
4667.97775645383  7.937055E-15
4668.02304586353  3.217162E-15
4668.06832048808  -3.201426E-15
4668.11358032838  -2.862014E-15
4668.15882538537  2.791225E-15
4668.20405565997  1.297138E-14
4668.2492711531  -4.198516E-15
4668.29447186568  2.407695E-15
4668.33965779863  4.141449E-16
4668.38482895287  4.161848E-15
4668.42998532932  3.839904E-16
4668.47512692889  2.662571E-15
4668.5202537525  1.187559E-14
4668.56536580105  2.212121E-15
4668.61046307547  -6.024995E-16
4668.65554557665  1.226069E-14
4668.70061330552  -4.913493E-16
4668.74566626297  7.020191E-15
4668.79070444992  5.594315E-15
4668.83572786727  -1.098355E-15
4668.88073651591  8.526179E-15
4668.92573039677  7.195243E-15
4668.97070951073  1.045256E-14
4669.01567385871  7.014501E-15
4669.06062344159  6.316316E-15
4669.10555826027  2.858301E-15
4669.15047831566  8.117805E-15
4669.19538360864  1.145230E-14
4669.24027414011  6.176239E-16
4669.28514991097  6.661106E-15
4669.3300109221  3.540523E-15
4669.3748571744  1.212942E-15
4669.41968866875  -5.934669E-15
4669.46450540605  3.745457E-15
4669.50930738718  3.839480E-15
4669.55409461303  9.818902E-15
4669.59886708448  2.329937E-15
4669.64362480241  -1.097282E-15
4669.6883677677  2.188551E-15
4669.73309598125  5.880683E-15
4669.77780944392  6.823379E-15
4669.8225081566  4.630401E-15
4669.86719212017  5.019269E-15
4669.91186133549  6.585369E-15
4669.95651580345  3.591880E-15
4670.00115552492  8.301485E-15
4670.04578050077  4.085619E-15
4670.09039073188  3.453114E-15
4670.13498621912  1.498576E-15
4670.17956696335  7.048772E-15
4670.22413296544  -4.821086E-15
4670.26868422627  8.514923E-15
4670.31322074669  3.666099E-15
4670.35774252758  4.404175E-15
4670.4022495698  -2.829964E-15
4670.4467418742  1.344073E-15
4670.49121944166  -2.923857E-15
4670.53568227304  9.719828E-15
4670.58013036919  5.302211E-15
4670.62456373097  1.844382E-15
4670.66898235924  5.796828E-16
4670.71338625486  6.207322E-15
4670.75777541869  1.152324E-14
4670.80214985157  4.067861E-16
4670.84650955436  7.487301E-15
4670.89085452792  6.337862E-15
4670.9351847731  3.148786E-15
4670.97950029074  2.192700E-15
4671.0238010817  5.061599E-15
4671.06808714682  1.128280E-14
4671.11235848696  1.619903E-14
4671.15661510295  3.792522E-15
4671.20085699565  1.867766E-15
4671.2450841659  4.564036E-15
4671.28929661455  -4.481578E-15
4671.33349434242  -2.320176E-15
4671.37767735038  -1.912200E-15
4671.42184563926  1.033117E-14
4671.46599920989  -4.092839E-15
4671.51013806312  -6.857183E-16
4671.55426219979  9.442170E-15
4671.59837162073  -3.597078E-15
4671.64246632677  5.738262E-15
4671.68654631876  4.153148E-15
4671.73061159753  1.154256E-14
4671.77466216391  2.527074E-15
4671.81869801873  2.825553E-15
4671.86271916282  1.206538E-14
4671.90672559702  3.644316E-16
4671.95071732216  3.625586E-15
4671.99469433906  -5.415283E-16
4672.03865664855  6.370034E-15
4672.08260425146  1.367054E-15
4672.12653714862  9.234292E-15
4672.17045534084  3.847043E-15
4672.21435882896  6.423691E-15
4672.2582476138  1.006665E-15
4672.30212169618  7.401874E-15
4672.34598107692  5.772157E-15
4672.38982575685  -8.591471E-17
4672.43365573678  -2.639453E-15
4672.47747101753  7.042357E-16
4672.52127159992  1.290683E-14
4672.56505748478  -5.258262E-15
4672.60882867291  9.877523E-15
4672.65258516513  5.941708E-15
4672.69632696226  5.364737E-15
4672.74005406512  9.484024E-16
4672.78376647451  2.434516E-15
4672.82746419125  8.884781E-15
4672.87114721615  2.569385E-15
4672.91481555002  7.732480E-15
4672.95846919368  -6.021589E-16
4673.00210814793  8.121999E-16
4673.04573241359  8.710129E-15
4673.08934199145  1.066904E-14
4673.13293688233  2.269011E-15
4673.17651708704  5.024094E-15
4673.22008260638  2.109526E-15
4673.26363344116  1.156118E-14
4673.30716959218  5.007678E-15
4673.35069106024  5.470794E-15
4673.39419784616  5.346187E-15
4673.43768995072  5.169896E-15
4673.48116737474  3.586120E-15
4673.52463011901  7.293722E-15
4673.56807818434  3.001778E-15
4673.61151157152  5.065098E-15
4673.65493028135  8.343380E-15
4673.69833431464  6.448979E-15
4673.74172367218  -5.661571E-15
4673.78509835476  1.509583E-14
4673.82845836319  3.352182E-15
4673.87180369826  1.153711E-15
4673.91513436076  5.167556E-15
4673.95845035149  1.448005E-14
4674.00175167124  9.875788E-15
4674.0450383208  -5.449783E-16
4674.08831030098  2.522266E-15
4674.13156761255  8.030605E-15
4674.17481025632  1.279858E-15
4674.21803823307  3.373861E-15
4674.26125154359  -3.308366E-16
4674.30445018867  3.599891E-15
4674.3476341691  1.435408E-14
4674.39080348567  8.002421E-15
4674.43395813917  4.641315E-15
4674.47709813038  4.718959E-15
4674.52022346009  5.243020E-15
4674.56333412908  4.111113E-15
4674.60643013815  3.911945E-15
4674.64951148807  1.051991E-14
4674.69257817963  -1.315176E-15
4674.73563021362  4.508604E-15
4674.77866759082  1.294617E-14
4674.821690312  -3.539855E-15
4674.86469837795  7.446290E-15
4674.90769178946  4.296096E-15
4674.9506705473  3.011652E-15
4674.99363465225  1.532197E-14
4675.03658410511  7.221330E-15
4675.07951890663  -1.763686E-15
4675.1224390576  5.013170E-15
4675.16534455881  -5.178055E-15
4675.20823541103  1.227891E-14
4675.25111161503  8.603864E-15
4675.29397317159  -1.150157E-15
4675.33682008149  -2.728759E-15
4675.37965234551  -1.054315E-15
4675.42246996442  2.950651E-15
4675.46527293899  9.023793E-15
4675.50806127  7.958693E-15
4675.55083495822  4.608652E-15
4675.59359400444  1.599353E-14
4675.63633840941  2.076028E-15
4675.67906817391  -3.486612E-15
4675.72178329872  2.532249E-15
4675.76448378461  4.176240E-15
4675.80716963233  1.126158E-16
4675.84984084269  1.091818E-14
4675.89249741642  8.661382E-15
4675.93513935432  6.461745E-15
4675.97776665714  2.172098E-15
4676.02037932566  1.128401E-14
4676.06297736064  1.959684E-15
4676.10556076285  -1.424501E-15
4676.14812953307  1.684666E-15
4676.19068367206  -7.524059E-15
4676.23322318058  -1.965901E-15
4676.2757480594  -1.565448E-16
4676.31825830928  1.691749E-15
4676.360753931  1.199797E-14
4676.40323492532  1.483275E-15
4676.445701293  3.716749E-15
4676.48815303481  7.970478E-15
4676.53059015151  2.391306E-15
4676.57301264387  1.112738E-14
4676.61542051264  4.669241E-16
4676.6578137586  1.032266E-14
4676.7001923825  7.071592E-15
4676.7425563851  7.338659E-15
4676.78490576717  4.507893E-16
4676.82724052948  -8.485514E-16
4676.86956067277  5.552225E-15
4676.91186619781  8.464443E-15
4676.95415710537  1.057632E-14
4676.99643339619  8.740323E-15
4677.03869507105  2.611084E-15
4677.0809421307  5.461772E-15
4677.1231745759  1.606890E-15
4677.1653924074  1.861183E-15
4677.20759562597  2.344353E-16
4677.24978423237  3.327896E-15
4677.29195822735  4.019350E-15
4677.33411761166  -2.772860E-15
4677.37626238608  1.733874E-14
4677.41839255134  -1.782706E-15
4677.46050810822  1.103734E-14
4677.50260905745  -3.266633E-15
4677.54469539981  7.492471E-15
4677.58676713605  6.799404E-15
4677.62882426691  1.144003E-14
4677.67086679316  9.190476E-15
4677.71289471555  6.263373E-16
4677.75490803483  4.570233E-15
4677.79690675176  2.378700E-15
4677.83889086709  4.400003E-15
4677.88086038157  5.632019E-15
4677.92281529596  1.385670E-14
4677.96475561101  2.316028E-15
4678.00668132747  1.148276E-14
4678.04859244609  1.350153E-14
4678.09048896763  2.545623E-15
4678.13237089283  1.291374E-14
4678.17423822245  3.311010E-15
4678.21609095724  4.464172E-15
4678.25792909795  5.249546E-15
4678.29975264532  7.922962E-15
4678.34156160011  6.012862E-15
4678.38335596306  2.224896E-15
4678.42513573494  8.871058E-15
4678.46690091647  2.466595E-15
4678.50865150843  6.057479E-15
4678.55038751154  1.267256E-15
4678.59210892657  4.651336E-15
4678.63381575425  -1.246743E-15
4678.67550799534  8.439676E-16
4678.71718565058  -2.668963E-15
4678.75884872072  6.150089E-15
4678.8004972065  2.500043E-15
4678.84213110868  5.372486E-15
4678.883750428  4.307216E-15
4678.9253551652  4.076914E-15
4678.96694532103  7.258698E-15
4679.00852089623  5.053114E-15
4679.05008189156  2.545571E-16
4679.09162830775  2.198108E-15
4679.13316014555  4.849813E-15
4679.1746774057  1.173779E-14
4679.21618008895  1.500824E-14
4679.25766819603  -4.252642E-15
4679.2991417277  4.687554E-15
4679.3406006847  1.439660E-15
4679.38204506776  4.514812E-15
4679.42347487764  7.884449E-15
4679.46489011507  5.434145E-15
4679.50629078079  4.311526E-15
4679.54767687555  -1.347126E-16
4679.58904840009  -2.434427E-15
4679.63040535514  5.767308E-15
4679.67174774146  3.076533E-15
4679.71307555977  7.776322E-15
4679.75438881082  1.697013E-15
4679.79568749535  -2.033923E-15
4679.8369716141  -3.115192E-15
4679.87824116781  1.204657E-16
4679.91949615721  -2.793642E-15
4679.96073658305  7.430290E-16
4680.00196244606  6.876520E-15
4680.04317374698  6.392138E-15
4680.08437048655  -5.947684E-16
4680.12555266551  1.025581E-14
4680.16672028459  1.105615E-14
4680.20787334452  -2.247412E-17
4680.24901184605  6.818677E-15
4680.29013578992  -6.390327E-15
4680.33124517685  5.114159E-16
4680.37234000758  -2.031044E-15
4680.41342028285  9.252670E-16
4680.45448600339  9.584552E-15
4680.49553716994  4.668599E-15
4680.53657378324  7.490670E-15
4680.577595844  -7.872289E-15
4680.61860335297  -8.624506E-15
4680.65959631089  1.950882E-14
4680.70057471848  7.006614E-15
4680.74153857647  6.421651E-15
4680.7824878856  9.999417E-15
4680.82342264661  4.467740E-15
4680.86434286021  -2.180678E-15
4680.90524852715  1.349782E-14
4680.94613964814  2.580075E-14
4680.98701622393  2.452142E-15
4681.02787825525  7.144748E-16
4681.06872574281  1.122475E-14
4681.10955868736  2.282161E-15
4681.15037708962  5.936080E-15
4681.19118095031  6.734709E-16
4681.23197027017  -3.700886E-15
4681.27274504993  -2.404154E-15
4681.3135052903  1.363872E-15
4681.35425099203  4.456917E-15
4681.39498215583  1.156773E-14
4681.43569878242  -2.275085E-16
4681.47640087255  2.770349E-16
4681.51708842692  9.250489E-15
4681.55776144627  -3.197700E-15
4681.59841993132  1.289148E-14
4681.63906388279  -2.863945E-15
4681.67969330141  2.220457E-14
4681.7203081879  2.436331E-15
4681.76090854298  1.260987E-14
4681.80149436737  -5.807967E-15
4681.8420656618  -4.036457E-15
4681.88262242699  6.404921E-15
4681.92316466365  -2.111161E-15
4681.96369237252  -3.364664E-15
4682.0042055543  -3.883944E-15
4682.04470420971  -1.159862E-14
4682.08518833948  1.303248E-14
4682.12565794433  -6.989532E-15
4682.16611302496  9.401460E-15
4682.2065535821  2.139773E-15
4682.24697961647  8.037687E-15
4682.28739112878  4.099948E-15
4682.32778811974  3.631728E-15
4682.36817059008  -3.728337E-15
4682.4085385405  6.912106E-15
4682.44889197172  1.294548E-15
4682.48923088446  -1.958128E-15
4682.52955527942  1.107904E-15
4682.56986515732  1.035446E-14
4682.61016051886  1.391926E-14
4682.65044136478  3.013789E-15
4682.69070769575  4.713859E-16
4682.73095951252  7.358599E-15
4682.77119681577  8.868837E-15
4682.81141960622  1.164012E-14
4682.85162788458  6.484256E-15
4682.89182165155  6.104791E-17
4682.93200090785  1.067712E-14
4682.97216565417  -6.046628E-15
4683.01231589122  7.921173E-15
4683.05245161971  2.319159E-15
4683.09257284034  1.611963E-14
4683.13267955382  1.000545E-14
4683.17277176085  -3.626166E-16
4683.21284946212  2.801028E-14
4683.25291265835  4.551375E-15
4683.29296135022  2.736045E-15
4683.33299553845  8.274944E-15
4683.37301522373  1.087679E-14
4683.41302040675  5.279934E-15
4683.45301108822  8.713943E-16
4683.49298726884  1.365563E-14
4683.53294894929  5.740291E-15
4683.57289613028  2.440889E-15
4683.61282881249  1.057298E-14
4683.65274699663  1.139572E-15
4683.69265068339  4.299243E-15
4683.73253987344  3.979414E-15
4683.7724145675  6.531840E-15
4683.81227476624  1.674050E-14
4683.85212047037  1.064585E-14
4683.89195168056  1.582005E-15
4683.9317683975  7.076915E-15
4683.97157062188  1.116772E-14
4684.01135835439  7.084818E-15
4684.05113159572  1.065962E-14
4684.09089034653  1.765171E-14
4684.13063460753  3.950640E-14
4684.17036437939  3.264677E-11
4684.21007966278  4.632870E-11
4684.24978045841  1.980249E-13
4684.28946676693  -2.673598E-16
4684.32913858903  7.887096E-16
4684.36879592539  5.526028E-16
4684.40843877668  2.207616E-15
4684.44806714358  -2.264884E-15
4684.48768102677  -6.258617E-15
4684.52728042691  2.378308E-14
4684.56686534467  4.208895E-15
4684.60643578074  -3.467354E-15
4684.64599173577  8.895269E-15
4684.68553321044  1.504925E-14
4684.72506020542  3.127831E-16
4684.76457272136  -4.055608E-15
4684.80407075895  -1.223635E-15
4684.84355431883  -2.208865E-15
4684.88302340168  -2.082168E-15
4684.92247800815  2.972730E-15
4684.96191813891  -2.984686E-15
4685.00134379461  -4.203300E-15
4685.04075497592  5.185007E-15
4685.08015168349  -1.270755E-15
4685.11953391797  2.060725E-14
4685.15890168003  2.406306E-15
4685.19825497031  2.147892E-14
4685.23759378946  1.331157E-14
4685.27691813814  -1.868688E-15
4685.31622801699  7.416742E-15
4685.35552342667  -7.292915E-16
4685.39480436781  8.946723E-16
4685.43407084107  1.390002E-14
4685.47332284709  -5.539930E-15
4685.51256038651  1.787729E-14
4685.55178345997  6.472805E-15
4685.5909920681  1.512481E-14
4685.63018621156  1.638580E-14
4685.66936589097  7.742716E-15
4685.70853110697  1.016539E-14
4685.74768186019  6.032939E-15
4685.78681815126  1.138668E-14
4685.82593998082  2.109428E-16
4685.8650473495  1.222361E-14
4685.90414025791  2.799890E-14
4685.94321870669  -4.917524E-16
4685.98228269646  -6.341427E-15
4686.02133222785  1.405097E-14
4686.06036730146  -2.122245E-14
4686.09938791793  4.860602E-16
4686.13839407787  7.858645E-15
4686.1773857819  1.379625E-15
4686.21636303062  3.832840E-15
4686.25532582466  -4.808412E-15
4686.29427416462  1.389208E-14
4686.3332080511  2.939630E-15
4686.37212748473  8.560083E-15
4686.4110324661  -2.304262E-15
4686.44992299582  1.315654E-15
4686.48879907448  -5.088054E-16
4686.52766070269  1.181154E-14
4686.56650788105  1.221929E-14
4686.60534061014  1.044966E-14
4686.64415889057  1.550655E-14
4686.68296272292  -4.192448E-15
4686.7217521078  -5.751370E-15
4686.76052704577  2.309357E-14
4686.79928753744  1.520808E-14
4686.83803358338  9.143750E-15
4686.87676518418  2.194958E-15
4686.91548234041  1.527250E-14
4686.95418505265  4.161442E-15
4686.99287332149  -1.593479E-15
4687.03154714748  1.480888E-14
4687.07020653121  -1.297510E-14
4687.10885147325  1.669127E-14
4687.14748197415  -4.471196E-15
4687.18609803449  1.955245E-14
4687.22469965482  -4.962959E-15
4687.26328683572  -1.353457E-14
4687.30185957772  6.561257E-15
4687.3404178814  1.948641E-14
4687.37896174731  -4.869362E-15
4687.41749117599  1.368538E-14
4687.45600616799  2.775930E-15
4687.49450672386  -9.774709E-15
4687.53299284415  2.211991E-15
4687.57146452939  1.963301E-14
4687.60992178013  2.526007E-14
4687.64836459689  2.964222E-14
4687.68679298022  -1.034899E-15
4687.72520693065  1.264161E-14
4687.7636064487  7.082969E-15
4687.8019915349  1.051834E-14
4687.84036218978  -3.319133E-15
4687.87871841385  4.830184E-15
4687.91706020764  2.545357E-15
4687.95538757166  1.256512E-14
4687.99370050642  3.213514E-15
4688.03199901243  4.179738E-15
4688.0702830902  3.718230E-16
4688.10855274024  1.072256E-16
4688.14680796304  4.183873E-15
4688.18504875911  1.751360E-14
4688.22327512894  -9.114992E-16
4688.26148707303  1.737443E-14
4688.29968459186  -5.206121E-16
4688.33786768592  3.274292E-15
4688.37603635571  2.387168E-14
4688.41419060169  1.481550E-14
4688.45233042435  -6.669375E-15
4688.49045582416  1.047404E-14
4688.5285668016  1.250469E-14
4688.56666335713  -1.443920E-14
4688.60474549122  1.649202E-14
4688.64281320434  5.740504E-15
4688.68086649694  7.065082E-16
4688.71890536949  7.756602E-15
4688.75692982242  5.447935E-15
4688.79493985621  5.314139E-15
4688.83293547127  2.009151E-14
4688.87091666808  1.799943E-14
4688.90888344706  -9.357557E-16
4688.94683580865  4.411330E-14
4688.98477375329  6.900824E-15
4689.0226972814  -1.116312E-14
4689.06060639341  2.579502E-14
4689.09850108974  2.126450E-15
4689.13638137082  -5.449102E-15
4689.17424723706  -2.183752E-15
4689.21209868887  8.576002E-17
4689.24993572666  1.273760E-15
4689.28775835084  2.526201E-15
4689.3255665618  8.935612E-15
4689.36336035995  5.778483E-15
4689.40113974567  2.356354E-14
4689.43890471937  -3.399042E-15
4689.47665528142  3.162688E-14
4689.5143914322  7.094523E-15
4689.55211317211  -1.443223E-14
4689.5898205015  1.276954E-14
4689.62751342076  1.138868E-14
4689.66519193024  1.252848E-14
4689.70285603032  2.104969E-16
4689.74050572135  4.725496E-15
4689.77814100369  5.995819E-15
4689.81576187768  1.339698E-14
4689.85336834367  1.813683E-14
4689.89096040201  2.252681E-14
4689.92853805303  1.181578E-14
4689.96610129707  1.931157E-15
4690.00365013446  1.015155E-14
4690.04118456552  -3.328607E-15
4690.07870459058  1.999518E-14
4690.11621020995  -2.020748E-15
4690.15370142394  -5.640835E-15
4690.19117823286  1.597043E-14
4690.22864063702  5.522651E-15
4690.26608863671  1.809681E-14
4690.30352223223  1.889043E-15
4690.34094142387  3.565092E-14
4690.37834621191  -7.341976E-15
4690.41573659664  2.870721E-14
4690.45311257833  7.355762E-15
4690.49047415726  1.867498E-14
4690.52782133368  1.491158E-14
4690.56515410786  1.644417E-14
4690.60247248006  2.276560E-15
4690.63977645054  8.382516E-15
4690.67706601952  -2.559908E-15
4690.71434118727  7.994075E-15
4690.75160195402  1.271661E-14
4690.78884831999  4.797867E-14
4690.82608028543  3.702680E-15
4690.86329785054  3.551641E-15
4690.90050101555  -4.030057E-15
4690.93768978067  2.532784E-14
4690.9748641461  2.200496E-14
4691.01202411205  -3.619946E-15
4691.04916967871  2.075127E-14
4691.08630084627  2.692828E-14
4691.12341761493  -1.120885E-15
4691.16051998485  1.462578E-14
4691.19760795622  2.304373E-16
4691.23468152921  2.198165E-14
4691.27174070397  -2.630687E-14
4691.30878548067  3.930555E-14
4691.34581585946  1.664456E-14
4691.38283184048  1.402365E-15
4691.41983342388  2.597303E-14
4691.4568206098  5.130679E-15
4691.49379339836  9.356982E-15
4691.53075178969  2.550139E-14
4691.5676957839  1.179581E-14
4691.60462538111  2.262664E-14
4691.64154058143  1.327508E-14
4691.67844138495  1.031712E-15
4691.71532779177  3.648691E-15
4691.75219980198  -1.173016E-14
4691.78905741566  3.270584E-15
4691.82590063289  1.987764E-14
4691.86272945374  1.608316E-14
4691.89954387827  7.944236E-15
4691.93634390654  1.058513E-14
4691.97312953859  4.489446E-15
4692.00990077449  1.299430E-14
4692.04665761426  5.140955E-15
4692.08340005794  1.019831E-15
4692.12012810555  1.695362E-14
4692.15684175711  2.351495E-14
4692.19354101264  -5.264343E-15
4692.23022587214  4.484250E-14
4692.26689633561  3.084992E-14
4692.30355240304  3.405683E-15
4692.34019407441  1.756774E-14
4692.37682134972  6.679277E-16
4692.41343422893  7.908486E-15
4692.45003271201  1.713888E-14
4692.4866167989  2.308202E-15
4692.52318648958  1.431355E-14
4692.55974178397  4.801451E-15
4692.59628268203  -1.425816E-15
4692.63280918367  3.453105E-14
4692.66932128882  6.659171E-15
4692.7058189974  3.964097E-14
4692.74230230931  1.987294E-14
4692.77877122447  -1.398471E-14
4692.81522574275  2.969672E-14
4692.85166586405  4.153966E-14
4692.88809158825  3.048578E-14
4692.92450291522  -9.926894E-15
4692.96089984483  -6.634995E-15
4692.99728237692  2.834810E-15
4693.03365051135  1.444655E-15
4693.07000424796  5.032923E-14
4693.10634358658  7.822975E-15
4693.14266852704  2.775981E-14
4693.17897906915  3.618764E-14
4693.21527521274  4.879280E-15
4693.25155695759  7.061056E-15
4693.2878243035  1.917082E-14
4693.32407725026  1.203849E-14
4693.36031579765  -3.701505E-15
4693.39653994543  2.709940E-14
4693.43274969336  3.197970E-14
4693.46894504121  9.056460E-15
4693.50512598871  -3.631884E-16
4693.5412925356  2.262435E-14
4693.57744468161  3.979825E-15
4693.61358242646  -3.014394E-15
4693.64970576986  -1.335075E-14
4693.6858147115  4.604439E-14
4693.7219092511  -4.745462E-16
4693.75798938832  6.274446E-15
4693.79405512285  1.675476E-14
4693.83010645436  7.612483E-15
4693.8661433825  -8.038575E-15
4693.90216590692  2.324198E-14
4693.93817402726  1.160531E-14
4693.97416774316  1.835619E-14
4694.01014705424  1.992868E-14
4694.04611196011  3.202677E-16
4694.08206246038  1.593139E-14
4694.11799855464  3.160117E-14
4694.15392024248  1.246987E-14
4694.18982752347  1.149226E-14
4694.22572039718  9.897556E-15
4694.26159886317  -1.008061E-15
4694.29746292099  3.133160E-14
4694.33331257017  5.284399E-14
4694.36914781025  2.111801E-14
4694.40496864075  -4.087603E-15
4694.44077506117  2.807360E-15
4694.47656707101  1.354729E-14
4694.51234466977  2.223510E-15
4694.54810785692  1.197823E-14
4694.58385663193  -2.213259E-14
4694.61959099427  2.701545E-14
4694.65531094338  2.312365E-14
4694.6910164787  1.993812E-14
4694.72670759967  8.401051E-15
4694.76238430569  2.134548E-14
4694.79804659619  3.284315E-14
4694.83369447056  2.246305E-14
4694.86932792819  2.562888E-14
4694.90494696844  6.412771E-16
4694.9405515907  1.035385E-14
4694.97614179432  -3.857732E-15
4695.01171757864  4.590745E-14
4695.047278943  3.189344E-15
4695.08282588672  9.105783E-15
4695.11835840912  3.614686E-14
4695.15387650949  1.181957E-14
4695.18938018713  1.973014E-14
4695.22486944132  1.493443E-14
4695.26034427133  -3.675860E-15
4695.29580467641  3.727470E-14
4695.33125065581  2.358246E-14
4695.36668220877  3.281293E-14
4695.4020993345  1.104363E-15
4695.43750203223  1.588079E-14
4695.47289030115  -1.545055E-15
4695.50826414045  4.781299E-14
4695.54362354932  4.430870E-15
4695.5789685269  2.880013E-14
4695.61429907237  4.161170E-14
4695.64961518485  2.703745E-14
4695.68491686349  2.144534E-14
4695.72020410739  2.801351E-14
4695.75547691566  4.761708E-14
4695.79073528741  8.186978E-14
4695.82597922171  6.057881E-15
4695.86120871763  1.848091E-14
4695.89642377422  5.309237E-16
4695.93162439053  1.829220E-14
4695.9668105656  6.940650E-15
4696.00198229845  2.856862E-14
4696.03713958807  1.210350E-14
4696.07228243347  6.089908E-14
4696.10741083363  -8.347478E-15
4696.14252478751  -2.626435E-15
4696.17762429408  1.707749E-14
4696.21270935227  1.905164E-14
4696.24777996102  -3.579371E-15
4696.28283611924  3.482699E-14
4696.31787782584  -6.133081E-15
4696.3529050797  3.185707E-15
4696.38791787971  1.345704E-14
4696.42291622473  6.707672E-15
4696.45790011361  1.039147E-14
4696.49286954519  -4.240050E-15
4696.52782451829  -1.562124E-15
4696.56276503171  2.905971E-14
4696.59769108427  1.343892E-14
4696.63260267473  1.579560E-14
4696.66749980187  -4.495030E-17
4696.70238246445  1.349224E-15
4696.73725066119  3.846721E-14
4696.77210439084  1.580965E-14
4696.80694365209  3.920994E-14
4696.84176844366  2.487907E-14
4696.87657876422  3.751798E-14
4696.91137461244  3.778656E-14
4696.94615598698  -1.237491E-14
4696.98092288648  2.256475E-14
4697.01567530956  3.913162E-14
4697.05041325483  3.690432E-15
4697.0851367209  1.880392E-14
4697.11984570634  3.154330E-14
4697.15454020972  1.713627E-14
4697.18922022958  -1.969239E-14
4697.22388576448  -1.886643E-14
4697.25853681293  1.274446E-14
4697.29317337342  1.250103E-14
4697.32779544447  4.305049E-14
4697.36240302453  1.621702E-14
4697.39699611208  2.846263E-14
4697.43157470555  1.262919E-14
4697.46613880338  1.381095E-15
4697.50068840397  5.994485E-14
4697.53522350573  1.193138E-12
4697.56974410703  1.857478E-15
4697.60425020624  6.489326E-15
4697.63874180172  -6.726445E-15
4697.67321889179  -2.000811E-13
4697.70768147477  3.573215E-14
4697.74212954897  4.557091E-14
4697.77656311266  6.461748E-14
4697.81098216412  2.064542E-14
4697.8453867016  2.562448E-14
4697.87977672332  -7.794573E-15
4697.91415222753  -8.649998E-15
4697.9485132124  -1.130129E-14
4697.98285967614  2.265053E-14
4698.01719161689  -2.675203E-14
4698.05150903283  8.301749E-14
4698.08581192208  6.423716E-14
4698.12010028276  -4.599631E-15
4698.15437411296  -1.055267E-14
4698.18863341077  3.223705E-14
4698.22287817427  3.369611E-14
4698.25710840147  -3.422961E-15
4698.29132409044  2.851829E-14
4698.32552523917  2.111801E-14
4698.35971184565  4.447467E-14
4698.39388390787  4.019245E-14
4698.42804142379  6.672534E-14
4698.46218439134  2.432222E-15
4698.49631280844  3.104148E-14
4698.53042667301  7.372706E-14
4698.56452598292  8.755324E-14
4698.59861073605  1.415073E-14
4698.63268093024  1.304186E-14
4698.66673656332  3.565012E-15
4698.70077763311  -3.735407E-15
4698.7348041374  2.671106E-14
4698.76881607396  -1.009065E-15
4698.80281344056  -6.113182E-15
4698.83679623492  8.100880E-14
4698.87076445476  3.028250E-14
4698.90471809779  -4.223444E-14
4698.93865716167  6.661943E-14
4698.97258164408  -1.376786E-14
4699.00649154265  2.878223E-14
4699.040386855  2.691946E-14
4699.07426757873  8.241950E-14
4699.10813371143  7.289649E-14
4699.14198525066  6.772489E-14
4699.17582219395  1.039275E-13
4699.20964453884  2.869129E-14
4699.24345228281  3.660621E-14
4699.27724542336  1.748005E-14
4699.31102395795  3.479430E-14
4699.34478788401  1.218157E-13
4699.37853719896  -9.844899E-17
4699.41227190022  2.387583E-14
4699.44599198514  2.963345E-15
4699.47969745111  7.711280E-14
4699.51338829544  7.420818E-14
4699.54706451546  6.039276E-14
4699.58072610847  -1.527099E-14
4699.61437307174  -1.042760E-14
4699.64800540252  4.264748E-14
4699.68162309805  5.325226E-14
4699.71522615553  1.713254E-14
4699.74881457216  8.142305E-14
4699.78238834509  4.649687E-14
4699.81594747149  7.251245E-15
4699.84949194847  6.032217E-14
4699.88302177314  4.020245E-14
4699.91653694257  6.773999E-14
4699.95003745383  -1.132438E-14
4699.98352330394  -2.194663E-15
4700.01699448993  -1.541518E-14
4700.05045100878  1.760408E-13
4700.08389285747  2.704631E-14
4700.11732003293  2.648094E-14
4700.1507325321  1.887531E-14
4700.18413035188  6.540378E-14
4700.21751348913  5.315301E-15
4700.25088194072  5.736928E-15
4700.28423570349  2.373313E-14
4700.31757477423  2.910539E-14
4700.35089914973  -6.158691E-15
4700.38420882676  5.407104E-14
4700.41750380205  1.602251E-14
4700.45078407231  2.931828E-14
4700.48404963425  1.045939E-13
4700.51730048452  9.810699E-14
4700.55053661978  4.852936E-15
4700.58375803663  8.450358E-15
4700.61696473168  9.925387E-14
4700.65015670148  3.507819E-14
4700.68333394261  5.728562E-14
4700.71649645156  9.834662E-14
4700.74964422485  -4.987690E-14
4700.78277725895  -3.241584E-14
4700.81589555029  8.610667E-14
4700.84899909532  4.792861E-14
4700.88208789041  8.508945E-14
4700.91516193196  -1.557641E-14
4700.9482212163  6.395668E-14
4700.98126573976  1.361309E-14
4701.01429549864  1.019987E-13
4701.0473104892  4.420688E-14
4701.0803107077  1.202880E-13
4701.11329615036  1.045822E-14
4701.14626681336  1.131629E-14
4701.17922269289  2.850950E-14
4701.21216378507  1.831960E-14
4701.24509008604  4.752694E-14
4701.27800159187  8.523018E-14
4701.31089829863  1.154434E-13
4701.34378020237  -2.502866E-14
4701.37664729908  -6.572407E-15
4701.40949958476  4.597571E-14
4701.44233705536  4.978371E-14
4701.47515970682  1.224738E-13
4701.50796753502  4.123296E-14
4701.54076053586  5.412319E-14
4701.57353870518  -1.136560E-14
4701.6063020388  6.556601E-15
4701.63905053252  1.444871E-13
4701.67178418209  -8.976844E-14
4701.70450298327  -6.403469E-14
4701.73720693175  4.867191E-15
4701.76989602323  1.499654E-13
4701.80257025336  8.537198E-14
4701.83522961776  6.376083E-14
4701.86787411203  4.999455E-15
4701.90050373174  1.595035E-14
4701.93311847244  6.535504E-14
4701.96571832962  6.372389E-14
4701.99830329879  8.549330E-14
4702.03087337539  -9.558754E-15
4702.06342855485  7.775806E-14
4702.09596883256  -3.247735E-14
4702.12849420389  9.277165E-14
4702.16100466418  7.024967E-14
4702.19350020874  9.865902E-14
4702.22598083285  -1.033625E-14
4702.25844653175  8.313128E-14
4702.29089730067  4.713211E-16
4702.32333313479  4.140149E-14
4702.35575402927  3.288677E-14
4702.38815997925  1.702447E-14
4702.42055097981  -1.589666E-14
4702.45292702603  2.702371E-14
4702.48528811295  -2.153715E-14
4702.51763423556  9.788755E-15
4702.54996538886  2.565621E-15
4702.58228156778  2.573661E-14
4702.61458276723  7.541034E-15
4702.6468689821  1.976230E-14
4702.67914020725  5.280267E-14
4702.71139643748  5.142318E-14
4702.74363766759  9.583968E-14
4702.77586389233  7.493314E-14
4702.80807510644  1.149528E-13
4702.84027130459  9.964838E-14
4702.87245248146  -6.484940E-14
4702.90461863167  8.404869E-14
4702.93676974981  2.137745E-14
4702.96890583046  1.874063E-13
4703.00102686814  3.004099E-14
4703.03313285734  8.538112E-14
4703.06522379255  6.523886E-14
4703.09729966818  7.671033E-14
4703.12936047864  7.259366E-14
4703.16140621829  5.332684E-15
4703.19343688147  3.072742E-14
4703.22545246248  -3.774788E-14
4703.25745295558  -2.758603E-14
4703.289438355  3.111432E-14
4703.32140865495  5.747362E-14
4703.35336384957  1.621616E-13
4703.38530393302  6.581388E-15
4703.41722889938  -7.540783E-15
4703.44913874271  4.254794E-15
4703.48103345704  2.178639E-14
4703.51291303637  1.313869E-13
4703.54477747464  2.158674E-13
4703.57662676578  2.095474E-15
4703.60846090369  -6.229225E-14
4703.6402798822  7.508916E-15
4703.67208369514  1.410529E-13
4703.7038723363  -2.581812E-14
4703.73564579941  9.692385E-14
4703.76740407818  1.109487E-13
4703.79914716629  1.274621E-13
4703.83087505738  2.903487E-14
4703.86258774505  -1.885082E-14
4703.89428522286  -1.018894E-14
4703.92596748435  -1.447620E-14
4703.957634523  2.616339E-15
4703.98928633228  3.588223E-14
4704.0209229056  6.235128E-14
4704.05254423634  -4.322654E-15
4704.08415031785  4.880497E-14
4704.11574114344  2.065335E-13
4704.14731670638  -8.788235E-14
4704.1788769999  3.160342E-13
4704.21042201719  3.342386E-14
4704.24195175141  8.964566E-15
4704.27346619569  1.728269E-14
4704.3049653431  1.647262E-13
4704.3364491867  -1.374325E-13
4704.36791771947  2.863152E-14
4704.39937093439  1.862786E-13
4704.43080882438  1.096239E-13
4704.46223138234  1.213336E-13
4704.49363860112  4.503140E-14
4704.52503047352  -6.215797E-14
4704.55640699232  3.487824E-14
4704.58776815025  8.879188E-14
4704.61911394  6.662880E-14
4704.65044435422  1.006655E-14
4704.68175938553  4.429624E-14
4704.71305902651  6.270564E-14
4704.74434326968  3.381947E-14
4704.77561210753  1.384493E-14
4704.80686553253  -3.592017E-15
4704.83810353708  2.242847E-15
