6495.8949345429  5.678979E-15
6495.98077137754  -2.442858E-15
6496.06658901757  -2.196811E-15
6496.15238744402  6.127367E-15
6496.23816663802  -4.760111E-16
6496.32392658084  1.147272E-14
6496.40966725382  2.607494E-14
6496.49538863841  -9.602467E-16
6496.58109071618  -4.812513E-17
6496.66677346879  9.418136E-15
6496.75243687799  9.673258E-15
6496.83808092564  2.831810E-16
6496.92370559372  9.676435E-15
6497.00931086429  1.680788E-14
6497.09489671951  2.456528E-14
6497.18046314165  3.254243E-14
6497.26601011307  1.334645E-14
6497.35153761623  3.741691E-15
6497.43704563371  -5.265192E-15
6497.52253414816  1.849289E-14
6497.60800314234  3.973764E-14
6497.69345259912  -1.356943E-14
6497.77888250144  2.705864E-14
6497.86429283235  -1.624338E-15
6497.94968357502  7.762611E-15
6498.03505471269  1.507926E-14
6498.12040622869  9.889796E-15
6498.20573810647  -9.456547E-15
6498.29105032955  1.234546E-14
6498.37634288158  2.384069E-15
6498.46161574627  6.453135E-15
6498.54686890744  4.383629E-17
6498.632102349  1.593526E-15
6498.71731605496  2.850721E-14
6498.80251000942  2.298232E-14
6498.88768419657  6.519511E-15
6498.97283860069  6.974037E-15
6499.05797320617  7.089955E-15
6499.14308799746  5.123224E-15
6499.22818295914  2.352540E-14
6499.31325807585  -1.504393E-14
6499.39831333234  7.636217E-15
6499.48334871344  2.017651E-14
6499.56836420408  1.481924E-14
6499.65335978927  1.515953E-14
6499.7383354541  -1.255151E-14
6499.82329118379  -4.565709E-15
6499.9082269636  1.916281E-14
6499.99314277892  1.330719E-14
6500.07803861519  4.125536E-15
6500.16291445797  -2.829417E-16
6500.24777029288  3.445957E-14
6500.33260610566  6.282331E-15
6500.41742188211  1.160766E-14
6500.50221760812  1.530399E-14
6500.58699326968  6.941880E-15
6500.67174885286  -2.863314E-15
6500.75648434381  2.109793E-14
6500.84119972876  1.467964E-14
6500.92589499405  7.782810E-15
6501.01057012607  2.496480E-15
6501.09522511133  8.050432E-15
6501.1798599364  -3.582265E-15
6501.26447458794  6.620400E-15
6501.34906905269  2.506240E-15
6501.43364331749  -7.743995E-15
6501.51819736923  2.161064E-14
6501.60273119493  -3.302664E-15
6501.68724478163  3.858630E-15
6501.77173811652  9.031552E-15
6501.85621118681  3.038764E-15
6501.94066397983  1.344979E-14
6502.02509648299  1.940178E-14
6502.10950868375  -9.050121E-15
6502.19390056969  7.676324E-15
6502.27827212844  -2.611929E-16
6502.36262334771  -6.024709E-16
6502.44695421532  9.403828E-16
6502.53126471914  2.612317E-16
6502.61555484712  1.018032E-14
6502.6998245873  1.407046E-15
6502.7840739278  1.102103E-14
6502.8683028568  1.709940E-14
6502.95251136257  1.690335E-15
6503.03669943346  4.262285E-15
6503.12086705789  -5.436194E-15
6503.20501422436  6.109108E-15
6503.28914092145  6.969770E-15
6503.3732471378  -5.557967E-15
6503.45733286214  -6.833863E-15
6503.54139808328  7.013633E-15
6503.62544279008  -3.554837E-15
6503.70946697151  6.980407E-15
6503.79347061658  8.972307E-15
6503.87745371441  8.443575E-15
6503.96141625415  -1.232193E-15
6504.04535822506  -2.529686E-17
6504.12927961646  1.618507E-14
6504.21318041774  1.166079E-14
6504.29706061837  1.024753E-16
6504.38092020789  1.440720E-14
6504.4647591759  -1.820842E-16
6504.54857751209  3.677765E-15
6504.63237520622  1.570045E-15
6504.7161522481  4.197103E-15
6504.79990862763  1.457126E-14
6504.88364433478  1.544988E-14
6504.96735935958  8.849024E-15
6505.05105369214  1.535055E-14
6505.13472732264  6.936341E-15
6505.21838024132  2.738940E-16
6505.3020124385  -3.286283E-15
6505.38562390455  1.119132E-14
6505.46921462993  9.198917E-15
6505.55278460517  1.692336E-14
6505.63633382084  4.749795E-15
6505.71986226761  3.071472E-15
6505.80336993619  5.385331E-16
6505.88685681738  2.506134E-14
6505.97032290203  8.710583E-15
6506.05376818107  6.095461E-15
6506.13719264549  6.903883E-15
6506.22059628634  3.170680E-15
6506.30397909475  1.365010E-14
6506.3873410619  9.545442E-15
6506.47068217904  3.615440E-15
6506.55400243749  1.125873E-14
6506.63730182864  7.808544E-15
6506.72058034392  2.302413E-15
6506.80383797486  1.066419E-14
6506.88707471301  -8.143042E-16
6506.97029055003  -2.003873E-16
6507.0534854776  -1.120562E-15
6507.1366594875  1.785262E-16
6507.21981257155  1.158696E-14
6507.30294472164  2.365007E-15
6507.38605592972  -2.786862E-15
6507.4691461878  1.172496E-14
6507.55221548796  4.524986E-17
6507.63526382234  4.673945E-16
6507.71829118312  1.430166E-14
6507.80129756257  1.278901E-14
6507.884282953  -5.035940E-15
6507.9672473468  -4.872024E-16
6508.05019073641  1.074512E-14
6508.13311311431  -1.227298E-15
6508.21601447308  -2.452157E-15
6508.29889480531  6.529803E-15
6508.38175410371  1.742055E-14
6508.46459236098  5.977274E-15
6508.54740956995  -9.674898E-15
6508.63020572344  7.723685E-15
6508.71298081437  4.624356E-15
6508.79573483571  1.887269E-15
6508.87846778048  1.010097E-14
6508.96117964177  1.116981E-14
6509.04387041271  1.053545E-14
6509.1265400865  1.495780E-14
6509.2091886564  8.494313E-15
6509.2918161157  2.480634E-15
6509.37442245777  -2.269003E-15
6509.45700767603  5.843907E-15
6509.53957176396  3.070318E-15
6509.62211471509  6.535684E-17
6509.70463652299  1.484513E-14
6509.78713718132  9.963325E-15
6509.86961668376  1.490933E-14
6509.95207502407  -4.595078E-15
6510.03451219604  8.849256E-15
6510.11692819352  1.352923E-15
6510.19932301045  3.209147E-15
6510.28169664076  4.033150E-15
6510.36404907847  5.436370E-15
6510.44638031766  6.357130E-15
6510.52869035245  6.104802E-15
6510.610979177  8.383088E-15
6510.69324678554  6.739674E-15
6510.77549317235  8.049220E-15
6510.85771833176  6.800631E-15
6510.93992225814  4.419018E-15
6511.02210494592  2.708958E-15
6511.10426638959  -4.262249E-15
6511.18640658367  2.339937E-15
6511.26852552275  1.127380E-15
6511.35062320145  1.055570E-15
6511.43269961447  -1.202440E-15
6511.51475475652  9.411502E-16
6511.59678862239  8.537798E-15
6511.67880120691  3.181053E-15
6511.76079250496  -4.385106E-15
6511.84276251146  1.200745E-14
6511.92471122138  3.081802E-15
6512.00663862976  8.371548E-15
6512.08854473166  1.125099E-14
6512.1704295222  -6.342212E-16
6512.25229299654  1.225745E-14
6512.33413514991  5.787723E-15
6512.41595597755  -4.764477E-16
6512.49775547478  3.454097E-16
6512.57953363696  3.161830E-15
6512.66129045947  3.701154E-16
6512.74302593778  3.436840E-15
6512.82474006736  9.074909E-15
6512.90643284375  9.810839E-15
6512.98810426255  -3.599325E-15
6513.06975431938  1.333994E-14
6513.15138300991  -1.139814E-15
6513.23299032986  4.290216E-15
6513.31457627499  5.389809E-15
6513.39614084112  2.381878E-15
6513.47768402408  -2.320052E-16
6513.55920581978  8.333970E-15
6513.64070622415  -2.059016E-15
6513.72218523318  9.207322E-15
6513.80364284289  -5.580603E-15
6513.88507904935  8.065095E-15
6513.96649384866  -1.172087E-15
6514.047887237  9.148799E-15
6514.12925921054  -4.375345E-15
6514.21060976553  2.538905E-15
6514.29193889826  1.218293E-16
6514.37324660502  8.736439E-16
6514.45453288221  -5.404340E-16
6514.53579772621  -1.922329E-15
6514.61704113347  9.818497E-15
6514.69826310048  1.474586E-16
6514.77946362378  5.394010E-15
6514.86064269991  -7.618226E-16
6514.9418003255  6.358905E-15
6515.02293649718  1.487373E-15
6515.10405121166  3.693338E-15
6515.18514446565  5.079553E-15
6515.26621625592  1.189825E-15
6515.34726657927  3.932411E-15
6515.42829543257  2.796851E-15
6515.50930281267  5.789755E-15
6515.59028871652  1.123455E-14
6515.67125314106  8.053898E-15
6515.7521960833  2.754288E-15
6515.83311754028  5.150243E-16
6515.91401750906  -1.455349E-15
6515.99489598677  7.164757E-16
6516.07575297055  7.325399E-15
6516.15658845758  6.866019E-16
6516.2374024451  3.667805E-15
6516.31819493036  3.741095E-15
6516.39896591066  6.958289E-15
6516.47971538333  -2.137098E-15
6516.56044334574  4.815215E-15
6516.6411497953  -7.776437E-16
6516.72183472945  2.309024E-16
6516.80249814566  5.453041E-15
6516.88314004146  8.778317E-15
6516.96376041438  5.366334E-15
6517.044359262  1.014041E-14
6517.12493658196  1.943189E-17
6517.20549237189  -7.089977E-15
6517.28602662949  9.781376E-15
6517.36653935248  5.938843E-15
6517.4470305386  1.757675E-15
6517.52750018566  1.734135E-15
6517.60794829146  -3.978905E-15
6517.68837485388  1.543889E-14
6517.76877987079  2.211120E-15
6517.84916334012  8.199633E-15
6517.92952525983  2.402757E-15
6518.0098656279  2.734241E-16
6518.09018444235  3.935975E-15
6518.17048170124  3.583519E-15
6518.25075740266  1.205358E-14
6518.33101154471  -1.362392E-15
6518.41124412555  -3.481435E-15
6518.49145514335  9.739050E-16
6518.57164459634  2.731981E-17
6518.65181248276  2.781500E-15
6518.73195880087  -3.454653E-16
6518.81208354899  1.509163E-15
6518.89218672544  7.923936E-15
6518.97226832861  5.451973E-16
6519.05232835688  -2.250550E-15
6519.13236680868  2.545969E-16
6519.21238368247  -1.485099E-15
6519.29237897674  2.244278E-15
6519.37235269  2.074022E-15
6519.4523048208  9.746019E-16
6519.53223536771  5.126313E-15
6519.61214432935  2.674203E-16
6519.69203170434  -1.551342E-15
6519.77189749135  2.747308E-15
6519.85174168906  6.353764E-15
6519.9315642962  -1.038518E-15
6520.01136531152  1.963916E-15
6520.09114473379  2.230271E-15
6520.17090256182  6.811811E-15
6520.25063879443  5.824193E-15
6520.33035343049  4.841112E-15
6520.41004646889  1.799240E-15
6520.48971790853  1.045597E-15
6520.56936774837  1.670306E-15
6520.64899598736  2.086805E-15
6520.72860262451  3.999055E-15
6520.80818765883  8.501993E-15
6520.88775108937  5.337997E-15
6520.96729291521  2.971159E-15
6521.04681313545  5.873755E-15
6521.12631174921  3.127835E-15
6521.20578875564  5.905767E-15
6521.28524415394  1.470825E-15
6521.36467794328  4.603516E-15
6521.44409012291  4.787974E-15
6521.52348069208  7.105418E-15
6521.60284965007  6.070268E-15
6521.68219699618  6.295011E-15
6521.76152272974  9.878730E-15
6521.8408268501  -1.838051E-15
6521.92010935663  1.499181E-16
6521.99937024875  2.358504E-15
6522.07860952587  -8.035247E-18
6522.15782718745  2.490256E-15
6522.23702323295  -2.498296E-15
6522.31619766187  4.691624E-15
6522.39535047374  6.126969E-15
6522.47448166809  7.686406E-15
6522.55359124449  6.922516E-15
6522.63267920253  1.794905E-15
6522.71174554182  5.644117E-15
6522.790790262  -6.202573E-16
6522.86981336272  5.744193E-15
6522.94881484366  2.996679E-15
6523.02779470452  1.491069E-15
6523.10675294503  -7.979513E-17
6523.18568956494  -1.509602E-15
6523.264604564  6.548214E-15
6523.34349794201  2.812289E-15
6523.42236969877  9.935664E-15
6523.50121983412  1.181465E-15
6523.58004834792  6.212639E-15
6523.65885524002  -6.622846E-15
6523.73764051034  -1.256495E-15
6523.81640415877  2.762456E-15
6523.89514618527  4.037665E-15
6523.97386658978  3.932061E-15
6524.05256537228  1.095819E-16
6524.13124253277  7.479124E-16
6524.20989807126  -7.305619E-17
6524.28853198779  2.023860E-15
6524.36714428242  1.840147E-15
6524.44573495521  2.168448E-15
6524.52430400627  5.273256E-15
6524.60285143571  -1.164902E-15
6524.68137724366  5.035354E-15
6524.75988143028  4.488773E-15
6524.83836399573  4.229053E-15
6524.91682494021  3.383991E-15
6524.99526426392  5.228310E-16
6525.0736819671  1.507887E-15
6525.15207804997  4.150125E-15
6525.23045251282  -2.849301E-16
6525.30880535592  2.861292E-15
6525.38713657956  6.547112E-15
6525.46544618408  1.972013E-15
6525.54373416979  1.046796E-14
6525.62200053706  -4.121085E-15
6525.70024528625  4.048019E-15
6525.77846841775  6.341594E-15
6525.85666993197  4.431306E-17
6525.93484982932  4.963067E-15
6526.01300811024  2.460403E-15
6526.09114477519  4.811942E-15
6526.16925982463  4.300845E-15
6526.24735325906  4.123961E-15
6526.32542507898  1.752301E-15
6526.40347528491  4.482517E-15
6526.48150387738  2.605793E-15
6526.55951085695  -3.581122E-16
6526.63749622419  2.798874E-15
6526.71545997967  2.615409E-15
6526.793402124  2.661317E-15
6526.87132265779  4.613824E-15
6526.94922158168  -5.286288E-16
6527.0270988963  4.279205E-15
6527.10495460231  2.921719E-15
6527.1827887004  5.667522E-15
6527.26060119125  2.683906E-15
6527.33839207556  1.801343E-15
6527.41616135406  2.737524E-15
6527.49390902748  -9.384133E-16
6527.57163509656  5.770761E-15
6527.64933956208  4.277005E-15
6527.72702242479  3.129689E-15
6527.8046836855  1.362212E-15
6527.88232334501  4.250358E-15
6527.95994140414  2.708434E-15
6528.03753786372  6.137683E-15
6528.11511272458  2.450142E-15
6528.1926659876  1.305055E-15
6528.27019765364  2.005009E-15
6528.34770772359  4.021494E-15
6528.42519619834  4.388420E-15
6528.50266307881  7.862595E-15
6528.58010836591  2.286535E-15
6528.65753206059  3.459241E-15
6528.7349341638  3.478957E-15
6528.81231467649  -1.244252E-15
6528.88967359963  -2.168860E-15
6528.96701093422  1.756600E-15
6529.04432668125  7.559993E-16
6529.12162084174  3.255397E-15
6529.19889341669  1.161958E-15
6529.27614440716  3.517134E-15
6529.35337381417  -3.279659E-15
6529.4305816388  2.416394E-15
6529.5077678821  7.370504E-15
6529.58493254515  7.219374E-15
6529.66207562906  3.862233E-15
6529.73919713491  3.205566E-15
6529.81629706383  6.577105E-16
6529.89337541693  -2.226878E-16
6529.97043219536  5.901203E-15
6530.04746740025  -1.245627E-15
6530.12448103277  1.678446E-15
6530.20147309407  2.499548E-15
6530.27844358535  -9.484936E-16
6530.35539250777  8.855530E-16
6530.43231986255  2.203637E-15
6530.50922565089  5.846307E-15
6530.586109874  1.008181E-15
6530.66297253312  1.726995E-15
6530.73981362948  4.162205E-15
6530.81663316432  1.492818E-16
6530.89343113892  6.077523E-15
6530.97020755452  6.565374E-15
6531.04696241241  6.564904E-15
6531.12369571387  3.289597E-15
6531.2004074602  -8.352892E-17
6531.27709765269  2.546497E-16
6531.35376629266  3.014097E-15
6531.43041338144  3.578002E-15
6531.50703892034  1.367074E-15
6531.58364291072  3.508331E-15
6531.66022535391  4.628159E-16
6531.73678625127  4.162766E-15
6531.81332560416  1.909399E-15
6531.88984341397  4.731011E-15
6531.96633968206  2.410508E-15
6532.04281440982  3.188908E-15
6532.11926759866  -2.556643E-15
6532.19569924997  3.615878E-15
6532.27210936517  8.119457E-16
6532.34849794569  -2.388905E-15
6532.42486499294  1.836329E-15
6532.50121050836  5.871562E-15
6532.57753449339  1.668018E-15
6532.6538369495  4.549981E-15
6532.73011787812  5.584434E-15
6532.80637728073  1.881691E-15
6532.8826151588  5.103238E-15
6532.95883151381  1.069427E-14
6533.03502634724  1.556638E-14
6533.11119966059  1.062455E-14
6533.18735145535  2.991611E-15
6533.26348173303  3.377301E-15
6533.33959049515  1.237996E-15
6533.41567774322  -1.984198E-15
6533.49174347878  2.299748E-15
6533.56778770334  -4.027103E-16
6533.64381041845  4.500727E-15
6533.71981162565  2.595858E-15
6533.7957913265  2.054848E-16
6533.87174952255  1.490796E-15
6533.94768621536  7.467563E-17
6534.0236014065  5.168372E-15
6534.09949509755  6.031955E-16
6534.17536729008  7.606163E-16
6534.25121798568  3.033913E-15
6534.32704718595  7.129752E-16
6534.40285489246  -8.735202E-16
6534.47864110684  4.778253E-15
6534.55440583068  1.387513E-15
6534.63014906559  8.050099E-15
6534.7058708132  4.617623E-15
6534.78157107512  5.746075E-16
6534.85724985299  -5.326347E-17
6534.93290714843  9.175030E-16
6535.00854296308  1.010207E-15
6535.08415729859  1.330481E-15
6535.15975015659  -1.550357E-16
6535.23532153874  1.196872E-15
6535.3108714467  2.651165E-15
6535.38639988211  7.196219E-16
6535.46190684666  6.802653E-16
6535.537392342  1.239668E-15
6535.61285636981  1.521667E-15
6535.68829893176  9.101502E-16
6535.76372002953  1.856083E-15
6535.83911966482  2.237071E-15
6535.9144978393  9.836424E-16
6535.98985455467  5.205561E-15
6536.06518981262  1.443606E-15
6536.14050361486  -5.827897E-16
6536.21579596309  1.701112E-15
6536.29106685901  -3.720028E-16
6536.36631630433  2.641912E-15
6536.44154430077  8.381927E-16
6536.51675085005  3.676732E-15
6536.59193595388  -3.160392E-16
6536.66709961399  1.304473E-15
6536.74224183211  4.341037E-15
6536.81736260996  1.500807E-15
6536.89246194927  2.813679E-15
6536.96753985179  3.029749E-15
6537.04259631925  3.349739E-15
6537.11763135338  5.012284E-15
6537.19264495595  -7.283925E-17
6537.26763712868  1.348347E-16
6537.34260787334  2.904259E-15
6537.41755719166  4.789025E-15
6537.49248508542  -1.325785E-15
6537.56739155635  2.657810E-15
6537.64227660622  3.839223E-15
6537.7171402368  4.764246E-15
6537.79198244985  1.881521E-15
6537.86680324712  2.765989E-15
6537.94160263039  3.806240E-15
6538.01638060143  1.631934E-16
6538.09113716201  1.280767E-15
6538.1658723139  2.374923E-15
6538.24058605888  4.372454E-16
6538.31527839872  2.809230E-15
6538.3899493352  6.626467E-16
6538.46459887011  2.172557E-15
6538.53922700522  3.434964E-15
6538.61383374232  1.165150E-15
6538.68841908319  5.056607E-15
6538.76298302962  2.070313E-15
6538.8375255834  5.551865E-16
6538.91204674632  1.710929E-15
6538.98654652016  1.748905E-15
6539.06102490672  4.065967E-15
6539.13548190779  2.932337E-15
6539.20991752517  4.735832E-15
6539.28433176064  1.440374E-15
6539.35872461601  -1.495404E-16
6539.43309609307  -1.819632E-15
6539.50744619361  2.044006E-15
6539.58177491945  2.016466E-17
6539.65608227236  3.389152E-15
6539.73036825417  4.622749E-15
6539.80463286666  9.347439E-17
6539.87887611163  8.594141E-16
6539.9530979909  3.168519E-15
6540.02729850625  2.544668E-15
6540.1014776595  9.138130E-19
6540.17563545244  2.100926E-15
6540.24977188688  3.899896E-15
6540.32388696462  1.233990E-15
6540.39798068747  -2.768616E-16
6540.47205305722  3.043419E-15
6540.54610407569  -7.653008E-16
6540.62013374467  1.574314E-15
6540.69414206598  -9.342222E-17
6540.76812904141  2.503982E-15
6540.84209467277  1.249642E-15
6540.91603896186  -1.851810E-15
6540.98996191049  -6.281431E-16
6541.06386352046  5.430711E-15
6541.13774379357  1.447410E-15
6541.21160273163  5.707820E-16
6541.28544033644  2.249811E-16
6541.35925660979  3.693776E-15
6541.43305155351  1.008495E-15
6541.50682516937  2.127475E-16
6541.5805774592  1.422108E-15
6541.65430842478  3.197947E-15
6541.72801806791  3.073511E-15
6541.80170639039  6.703122E-16
6541.87537339404  -1.590715E-15
6541.94901908062  5.522409E-15
6542.02264345196  6.675848E-16
6542.09624650984  1.230839E-15
6542.16982825606  1.378563E-15
6542.2433886924  9.412206E-16
6542.31692782068  2.614397E-15
6542.39044564267  -5.172900E-16
6542.46394216017  1.552170E-15
6542.53741737497  4.143255E-15
6542.61087128885  2.305153E-15
6542.68430390361  -6.093029E-16
6542.75771522104  3.144844E-15
6542.83110524291  3.110478E-15
6542.90447397101  8.829302E-16
6542.97782140713  2.637095E-15
6543.05114755304  1.205765E-15
6543.12445241053  2.213321E-15
6543.19773598137  1.056971E-15
6543.27099826735  1.526864E-15
6543.34423927023  2.412807E-15
6543.41745899179  3.596374E-15
6543.49065743381  5.101490E-16
6543.56383459805  8.868876E-17
6543.63699048629  2.183691E-15
6543.71012510029  1.202787E-15
6543.78323844182  1.810780E-15
6543.85633051264  2.180727E-15
6543.92940131451  2.814306E-15
6544.0024508492  6.649586E-15
6544.07547911847  4.630051E-15
6544.14848612406  3.836916E-15
6544.22147186774  -8.686759E-16
6544.29443635126  2.589551E-15
6544.36737957637  1.967034E-15
6544.44030154482  1.136827E-15
6544.51320225835  1.138026E-15
6544.58608171871  4.137712E-15
6544.65893992765  2.689450E-15
6544.7317768869  -1.815673E-16
6544.8045925982  4.415529E-15
6544.87738706329  1.557685E-15
6544.9501602839  3.914974E-15
6545.02291226177  3.502118E-15
6545.09564299862  1.645817E-15
6545.16835249618  2.628524E-15
6545.24104075618  8.630676E-16
6545.31370778034  7.737246E-16
6545.38635357037  4.598053E-15
6545.45897812799  5.371757E-15
6545.53158145493  2.359914E-15
6545.60416355289  4.072305E-15
6545.67672442358  1.501046E-15
6545.74926406872  2.711727E-15
6545.82178249  4.373646E-15
6545.89427968912  2.771884E-15
6545.96675566779  3.135058E-15
6546.03921042771  2.297775E-15
6546.11164397056  3.002614E-15
6546.18405629805  4.725734E-15
6546.25644741185  3.621398E-15
6546.32881731366  2.268479E-15
6546.40116600516  9.894984E-16
6546.47349348803  -7.854702E-16
6546.54579976394  5.216970E-15
6546.61808483457  4.711248E-16
6546.6903487016  1.340999E-15
6546.7625913667  5.211981E-16
6546.83481283152  2.132327E-15
6546.90701309773  -9.462390E-17
6546.979192167  3.007306E-15
6547.05135004097  2.643379E-15
6547.12348672132  1.716317E-15
6547.19560220967  4.811689E-15
6547.26769650769  5.003351E-15
6547.33976961702  1.337332E-14
6547.4118215393  1.819169E-14
6547.48385227617  2.971152E-14
6547.55586182927  3.924352E-14
6547.62785020022  5.347965E-14
6547.69981739066  6.669165E-14
6547.77176340222  7.753583E-14
6547.84368823651  9.755526E-14
6547.91559189516  1.057654E-13
6547.98747437979  1.094713E-13
6548.059335692  1.184325E-13
6548.13117583341  1.068528E-13
6548.20299480562  9.907824E-14
6548.27479261024  8.482498E-14
6548.34656924887  7.670385E-14
6548.4183247231  5.805887E-14
6548.49005903453  4.023658E-14
6548.56177218475  3.065084E-14
6548.63346417534  1.904201E-14
6548.7051350079  1.364130E-14
6548.77678468398  1.232548E-14
6548.84841320518  8.169859E-15
6548.92002057307  7.530831E-15
6548.99160678921  5.991050E-15
6549.06317185517  2.364080E-15
6549.13471577252  2.029804E-15
6549.20623854281  3.214690E-15
6549.2777401676  -6.081588E-16
6549.34922064844  1.968322E-15
6549.42067998688  3.049453E-15
6549.49211818446  4.045260E-15
6549.56353524272  3.103938E-15
6549.6349311632  7.059542E-15
6549.70630594744  1.029784E-15
6549.77765959696  2.729837E-15
6549.8489921133  1.724083E-15
6549.92030349797  2.598271E-15
6549.99159375249  -7.014921E-16
6550.06286287838  2.307637E-15
6550.13411087715  6.537616E-16
6550.20533775031  1.062096E-15
6550.27654349937  3.510392E-15
6550.34772812582  2.084407E-15
6550.41889163116  1.195457E-15
6550.49003401688  2.004972E-15
6550.56115528449  2.141943E-15
6550.63225543544  2.775321E-15
6550.70333447124  1.012493E-14
6550.77439239336  7.013885E-15
6550.84542920328  5.800525E-16
6550.91644490246  4.833334E-16
6550.98743949238  4.129311E-15
6551.05841297449  5.894944E-17
6551.12936535025  2.406654E-14
6551.20029662112  3.622899E-14
6551.27120678855  -5.360870E-17
6551.342095854  2.646796E-15
6551.4129638189  -1.740240E-15
6551.48381068469  8.730386E-16
6551.55463645281  2.745603E-15
6551.62544112469  5.346916E-15
6551.69622470176  1.402882E-15
6551.76698718545  4.041908E-15
6551.83772857717  -9.982428E-16
6551.90844887835  8.917954E-16
6551.97914809039  7.320939E-16
6552.0498262147  5.678966E-16
6552.1204832527  -2.114347E-16
6552.19111920578  2.704274E-15
6552.26173407533  2.411975E-15
6552.33232786276  2.326645E-15
6552.40290056944  3.052181E-15
6552.47345219678  4.106809E-15
6552.54398274614  1.425548E-15
6552.61449221891  2.323972E-15
6552.68498061646  4.820872E-16
6552.75544794016  2.777383E-15
6552.82589419138  2.448738E-15
6552.89631937148  3.040235E-15
6552.96672348181  3.582917E-15
6553.03710652373  9.456116E-16
6553.10746849859  1.641005E-15
6553.17780940774  2.433692E-15
6553.24812925251  2.828047E-15
6553.31842803426  4.184488E-15
6553.38870575431  5.055297E-15
6553.45896241399  7.920482E-15
6553.52919801463  1.345595E-14
6553.59941255755  1.211496E-14
6553.66960604407  7.655070E-15
6553.73977847551  5.918427E-15
6553.80992985317  8.737523E-16
6553.88006017836  8.066601E-16
6553.95016945239  1.662393E-15
6554.02025767655  -8.103005E-16
6554.09032485215  1.176734E-15
6554.16037098046  1.086778E-15
6554.23039606278  3.818646E-15
6554.30040010039  -5.309959E-17
6554.37038309457  4.225439E-16
6554.44034504659  9.082867E-16
6554.51028595773  -1.584916E-17
6554.58020582925  1.232352E-15
6554.65010466242  1.583787E-15
6554.7199824585  5.331348E-15
6554.78983921874  8.567334E-16
6554.85967494439  1.355750E-15
6554.9294896367  3.060254E-15
6554.99928329692  2.216957E-15
6555.06905592629  1.246426E-16
6555.13880752603  2.094347E-15
6555.20853809739  2.306412E-15
6555.27824764158  1.545691E-15
6555.34793615985  2.304811E-15
6555.4176036534  3.433077E-16
6555.48725012345  -6.100740E-17
6555.55687557122  4.606384E-15
6555.62647999792  -2.209484E-16
6555.69606340473  3.279342E-15
6555.76562579289  1.277246E-15
6555.83516716356  4.663531E-15
6555.90468751796  5.927277E-16
6555.97418685727  1.461155E-15
6556.04366518267  1.872330E-15
6556.11312249536  -7.269917E-17
6556.18255879649  3.806085E-15
6556.25197408726  -1.499872E-16
6556.32136836882  1.912865E-15
6556.39074164235  1.041787E-15
6556.46009390901  4.783310E-15
6556.52942516996  4.448345E-15
6556.59873542635  2.827888E-15
6556.66802467934  2.631648E-15
6556.73729293006  3.445168E-15
6556.80654017968  1.335830E-15
6556.87576642931  4.522892E-15
6556.94497168011  8.481409E-16
6557.01415593321  6.224233E-16
6557.08331918972  8.173547E-16
6557.15246145079  6.989361E-16
6557.22158271752  2.715187E-15
6557.29068299105  1.962429E-15
6557.35976227247  1.233006E-15
6557.4288205629  4.782988E-15
6557.49785786346  1.777016E-15
6557.56687417523  3.450816E-15
6557.63586949932  1.131352E-16
6557.70484383683  2.219714E-15
6557.77379718885  2.174118E-15
6557.84272955647  1.265070E-15
6557.91164094076  3.619184E-15
6557.98053134282  -1.225981E-15
6558.04940076372  1.112971E-15
6558.11824920453  3.144183E-15
6558.18707666632  3.631035E-15
6558.25588315017  4.273948E-15
6558.32466865713  2.286465E-15
6558.39343318826  5.673062E-15
6558.46217674462  5.444392E-15
6558.53089932727  1.951083E-15
6558.59960093725  2.431313E-15
6558.6682815756  3.490261E-15
6558.73694124337  1.786451E-15
6558.8055799416  1.338279E-15
6558.87419767133  3.050311E-15
6558.94279443358  -1.247098E-15
6559.01137022938  4.986920E-15
6559.07992505976  5.749401E-16
6559.14845892575  6.672587E-16
6559.21697182834  2.481375E-15
6559.28546376858  3.715072E-15
6559.35393474745  4.877340E-15
6559.42238476598  2.625258E-15
6559.49081382516  1.401900E-15
6559.559221926  3.421827E-15
6559.6276090695  3.695213E-15
6559.69597525665  3.110966E-16
6559.76432048844  2.753292E-15
6559.83264476586  2.607284E-15
6559.90094808989  3.236655E-15
6559.96923046152  2.650969E-15
6560.03749188173  6.883610E-15
6560.10573235149  2.701742E-17
6560.17395187177  2.182568E-15
6560.24215044354  2.518181E-15
6560.31032806776  -6.035467E-16
6560.37848474541  3.011621E-15
6560.44662047743  3.290070E-15
6560.51473526478  4.342566E-15
6560.58282910843  4.074965E-15
6560.65090200931  3.878554E-15
6560.71895396838  1.457966E-15
6560.78698498657  4.482910E-15
6560.85499506484  8.458650E-15
6560.92298420411  5.434576E-15
6560.99095240532  3.911544E-15
6561.0588996694  8.679461E-16
6561.12682599729  5.987890E-15
6561.1947313899  4.572838E-15
6561.26261584816  7.755042E-15
6561.330479373  5.581876E-15
6561.39832196532  4.223150E-15
6561.46614362604  6.486347E-15
6561.53394435607  6.554210E-15
6561.60172415632  7.739249E-15
6561.6694830277  8.213852E-15
6561.73722097111  1.420839E-14
6561.80493798745  1.865973E-14
6561.87263407761  2.797805E-14
6561.94030924249  4.665788E-14
6562.00796348298  7.561185E-14
6562.07559679997  1.162132E-13
6562.14320919435  1.708871E-13
6562.21080066699  2.379309E-13
6562.27837121878  3.452046E-13
6562.3459208506  4.905157E-13
6562.41344956333  6.443171E-13
6562.48095735782  8.172017E-13
6562.54844423497  1.017821E-12
6562.61591019562  1.174294E-12
6562.68335524065  1.283506E-12
6562.75077937092  1.335969E-12
6562.81818258729  1.305258E-12
6562.88556489061  1.127966E-12
6562.95292628174  1.043930E-12
6563.02026676154  9.418845E-13
6563.08758633085  7.819781E-13
6563.15488499051  6.215021E-13
6563.22216274138  4.782500E-13
6563.2894195843  3.596093E-13
6563.3566555201  2.620981E-13
6563.42387054962  1.919839E-13
6563.49106467371  1.369196E-13
6563.55823789318  1.005638E-13
6563.62539020888  7.000441E-14
6563.69252162163  5.452676E-14
6563.75963213225  4.390689E-14
6563.82672174157  3.247458E-14
6563.89379045042  2.441420E-14
6563.9608382596  1.451544E-14
6564.02786516995  1.075333E-14
6564.09487118226  8.489992E-15
6564.16185629736  5.089984E-15
6564.22882051605  5.760281E-15
6564.29576383916  1.745950E-15
6564.36268626746  8.674149E-15
6564.42958780179  7.000784E-15
6564.49646844293  3.316368E-15
6564.56332819169  6.100288E-15
6564.63016704886  2.446252E-15
6564.69698501525  4.440512E-15
6564.76378209164  3.084910E-15
6564.83055827883  1.716591E-15
6564.8973135776  3.868792E-15
6564.96404798876  4.192652E-16
6565.03076151307  1.980714E-15
6565.09745415133  2.042495E-15
6565.16412590433  1.445270E-15
6565.23077677283  3.171800E-15
6565.29740675763  4.932642E-16
6565.36401585949  1.434960E-15
6565.43060407919  6.625182E-16
6565.49717141752  4.543812E-15
6565.56371787523  3.649854E-15
6565.6302434531  3.852833E-15
6565.6967481519  1.468097E-15
6565.76323197239  -2.153202E-16
6565.82969491535  2.248688E-15
6565.89613698153  1.463186E-15
6565.9625581717  7.273184E-16
6566.02895848662  2.297852E-15
6566.09533792704  -6.473963E-16
6566.16169649373  -3.748769E-16
6566.22803418744  3.795842E-15
6566.29435100893  8.548394E-16
6566.36064695894  3.840685E-15
6566.42692203823  7.563951E-16
6566.49317624756  -5.398592E-16
6566.55940958766  2.090889E-15
6566.6256220593  -9.943576E-16
6566.6918136632  -2.392049E-16
6566.75798440012  1.478249E-15
6566.82413427081  6.151332E-16
6566.890263276  3.935656E-15
6566.95637141643  1.716435E-15
6567.02245869285  -5.985507E-16
6567.08852510599  3.100223E-15
6567.1545706566  7.352869E-17
6567.2205953454  2.553760E-15
6567.28659917314  3.098343E-16
6567.35258214054  2.267154E-15
6567.41854424834  1.045565E-15
6567.48448549727  4.269141E-16
6567.55040588807  7.740592E-16
6567.61630542145  -4.022716E-16
6567.68218409816  2.181605E-15
6567.74804191891  3.623940E-15
6567.81387888444  1.539455E-15
6567.87969499547  -6.921793E-17
6567.94549025273  6.829748E-16
6568.01126465693  2.092279E-15
6568.07701820881  -4.606062E-16
6568.14275090909  2.503432E-15
6568.20846275847  1.424178E-15
6568.2741537577  -8.707028E-16
6568.33982390748  3.584192E-15
6568.40547320854  2.212693E-15
6568.4711016616  2.775304E-15
6568.53670926737  1.961212E-15
6568.60229602656  3.333557E-15
6568.6678619399  1.735699E-15
6568.7334070081  5.109579E-15
6568.79893123188  7.195198E-15
6568.86443461195  2.329256E-15
6568.92991714902  3.786812E-15
6568.99537884381  4.884592E-17
6569.06081969703  -1.034889E-15
6569.1262397094  3.117119E-15
6569.19163888162  2.353249E-15
6569.2570172144  1.314345E-15
6569.32237470846  1.154109E-15
6569.38771136451  1.895833E-15
6569.45302718326  2.760486E-15
6569.51832216542  2.887411E-16
6569.58359631169  1.921323E-15
6569.64884962278  1.834309E-15
6569.71408209941  -3.862044E-16
6569.77929374229  3.006889E-15
6569.84448455212  6.740082E-16
6569.9096545296  2.278234E-15
6569.97480367545  6.746470E-16
6570.03993199038  3.472446E-15
6570.10503947509  1.851605E-15
6570.17012613029  4.968295E-15
6570.23519195669  1.209931E-15
6570.30023695499  2.322241E-18
6570.3652611259  3.902715E-15
6570.43026447013  2.306882E-15
6570.49524698839  9.094656E-16
6570.56020868138  3.848955E-15
6570.6251495498  3.166391E-15
6570.69006959438  5.165191E-15
6570.75496881581  1.779923E-15
6570.8198472148  1.153279E-15
6570.88470479206  2.237125E-15
6570.94954154829  2.635183E-15
6571.01435748421  3.103685E-15
6571.07915260052  2.489572E-15
6571.14392689793  -7.706220E-16
6571.20868037715  2.650291E-15
6571.27341303888  3.370723E-15
6571.33812488384  1.877745E-15
6571.40281591274  6.441275E-16
6571.46748612628  -7.812504E-16
6571.53213552517  1.860980E-15
6571.59676411013  2.023943E-15
6571.66137188187  2.972330E-15
6571.72595884109  1.529702E-15
6571.7905249885  2.804970E-15
6571.85507032483  1.733397E-15
6571.91959485078  1.064874E-15
6571.98409856706  1.031485E-15
6572.0485814744  1.398138E-15
6572.1130435735  2.242799E-16
6572.17748486507  -1.707009E-17
6572.24190534983  2.809920E-15
6572.30630502851  2.754889E-16
6572.37068390181  1.617161E-15
6572.43504197045  1.619598E-15
6572.49937923515  2.789558E-15
6572.56369569663  2.748400E-15
6572.6279913556  3.480395E-15
6572.69226621279  4.911568E-15
6572.75652026892  1.538976E-16
6572.82075352472  8.092651E-16
6572.88496598089  3.417720E-15
6572.94915763816  -1.390110E-15
6573.01332849727  5.788313E-17
6573.07747855894  3.092877E-15
6573.14160782388  1.392401E-15
6573.20571629283  1.359837E-15
6573.26980396652  6.654432E-16
6573.33387084567  1.254050E-15
6573.39791693101  2.278970E-15
6573.46194222328  5.784495E-16
6573.5259467232  1.654689E-15
6573.58993043152  2.648148E-15
6573.65389334895  -3.546857E-16
6573.71783547625  2.369418E-15
6573.78175681414  8.767999E-16
6573.84565736336  2.951558E-15
6573.90953712466  1.635741E-15
6573.97339609876  -1.470456E-17
6574.03723428641  2.551995E-15
6574.10105168836  -2.017921E-16
6574.16484830534  -1.520823E-15
6574.22862413811  2.849681E-15
6574.2923791874  1.421058E-15
6574.35611345397  6.280222E-16
6574.41982693856  1.810348E-15
6574.48351964193  1.458332E-15
6574.54719156482  2.909886E-15
6574.61084270799  2.510985E-15
6574.67447307219  2.927064E-15
6574.73808265818  3.288286E-15
6574.80167146671  3.790794E-15
6574.86523949854  2.329643E-15
6574.92878675444  3.598227E-15
6574.99231323517  2.702782E-18
6575.05581894148  8.793970E-16
6575.11930387414  -2.128985E-16
6575.18276803393  -7.764725E-17
6575.2462114216  5.053502E-16
6575.30963403793  3.227708E-16
6575.37303588369  1.267314E-15
6575.43641695965  1.243239E-15
6575.49977726658  -1.878738E-16
6575.56311680527  4.940836E-15
6575.62643557648  9.548312E-16
6575.68973358101  -2.937233E-16
6575.75301081962  3.817767E-15
6575.81626729312  1.451354E-15
6575.87950300227  3.164994E-15
6575.94271794787  3.231943E-16
6576.0059121307  1.844413E-15
6576.06908555156  3.410230E-15
6576.13223821124  -3.009438E-15
6576.19537011052  4.334947E-15
6576.25848125022  6.590431E-15
6576.32157163113  2.734893E-15
6576.38464125405  2.772508E-15
6576.44769011977  1.028421E-15
6576.51071822911  2.110129E-15
6576.57372558287  3.184815E-15
6576.63671218186  1.973608E-15
6576.69967802688  3.308857E-15
6576.76262311876  2.527486E-15
6576.8255474583  1.130924E-15
6576.88845104632  2.468229E-15
6576.95133388365  2.001957E-15
6577.01419597109  1.892103E-15
6577.07703730948  1.503635E-15
6577.13985789964  7.374817E-15
6577.2026577424  4.977606E-15
6577.26543683858  6.227252E-15
6577.32819518902  5.113490E-15
6577.39093279456  6.486849E-15
6577.45364965602  6.052190E-15
6577.51634577425  5.535777E-15
6577.57902115008  1.010061E-15
6577.64167578436  2.151283E-15
6577.70430967795  1.473236E-15
6577.76692283167  5.707370E-15
6577.82951524639  4.474641E-15
6577.89208692296  5.256996E-15
6577.95463786223  5.485936E-15
6578.01716806505  6.194952E-15
6578.0796775323  8.318012E-15
6578.14216626482  4.315621E-15
6578.20463426349  3.544037E-15
6578.26708152917  3.129428E-15
6578.32950806274  2.565670E-15
6578.39191386506  1.919865E-15
6578.45429893701  3.893541E-15
6578.51666327946  3.335304E-15
6578.5790068933  2.278489E-15
6578.6413297794  5.791650E-15
6578.70363193866  1.412927E-15
6578.76591337196  3.243249E-16
6578.82817408019  3.388551E-15
6578.89041406424  2.060681E-15
6578.95263332501  2.487219E-15
6579.0148318634  -1.655037E-17
6579.0770096803  3.701138E-15
6579.13916677663  -2.934492E-16
6579.20130315328  9.085828E-16
6579.26341881116  1.614493E-15
6579.3255137512  1.787496E-15
6579.38758797429  2.668156E-15
6579.44964148136  8.694101E-16
6579.51167427332  9.517938E-16
6579.57368635111  4.439341E-16
6579.63567771564  1.432418E-13
6579.69764836784  1.518184E-15
6579.75959830865  1.023409E-15
6579.821527539  1.529881E-15
6579.88343605982  1.237031E-15
6579.94532387205  3.562772E-15
6580.00719097664  4.388125E-16
6580.06903737453  1.432199E-16
6580.13086306667  2.352613E-15
6580.19266805401  1.214713E-15
6580.2544523375  2.914894E-15
6580.31621591811  3.762384E-15
6580.37795879678  -4.760070E-16
6580.43968097449  1.026187E-15
6580.50138245219  2.656652E-15
6580.56306323087  3.097244E-15
6580.62472331148  -4.717417E-17
6580.68636269501  1.341338E-15
6580.74798138242  2.589785E-15
6580.80957937471  -3.616307E-16
6580.87115667285  3.003499E-15
6580.93271327784  6.898963E-16
6580.99424919066  7.096355E-16
6581.0557644123  3.161254E-15
6581.11725894376  6.890065E-16
6581.17873278604  2.625325E-15
6581.24018594015  -2.666774E-16
6581.30161840707  2.854322E-15
6581.36303018784  1.981954E-16
6581.42442128344  3.236642E-15
6581.48579169491  3.086426E-15
6581.54714142326  7.292221E-16
6581.6084704695  3.994009E-15
6581.66977883467  5.050667E-15
6581.73106651978  3.547202E-16
6581.79233352588  2.169669E-15
6581.85357985399  -8.452350E-16
6581.91480550514  3.325528E-15
6581.97601048039  -4.913543E-18
6582.03719478077  -3.003957E-15
6582.09835840732  1.739141E-15
6582.1595013611  3.627824E-15
6582.22062364317  7.392177E-16
6582.28172525456  6.464414E-15
6582.34280619635  1.879594E-15
6582.40386646959  4.296858E-15
6582.46490607536  6.145294E-15
6582.52592501472  5.863838E-15
6582.58692328874  1.069678E-14
6582.6479008985  1.710930E-14
6582.70885784507  2.667912E-14
6582.76979412954  3.811872E-14
6582.830709753  7.325943E-14
6582.89160471652  1.038054E-13
6582.95247902121  1.476522E-13
6583.01333266815  1.898177E-13
6583.07416565846  2.265819E-13
6583.13497799321  2.613814E-13
6583.19576967353  2.935385E-13
6583.25654070052  3.109484E-13
6583.31729107529  3.360239E-13
6583.37802079895  3.317768E-13
6583.43872987263  3.176890E-13
6583.49941829745  2.991671E-13
6583.56008607452  2.958135E-13
6583.62073320498  2.914078E-13
6583.68135968996  2.759636E-13
6583.7419655306  2.361831E-13
6583.80255072802  1.936782E-13
6583.86311528338  1.575553E-13
6583.92365919782  1.096541E-13
6583.98418247248  7.643892E-14
6584.04468510852  5.832884E-14
6584.10516710709  3.932113E-14
6584.16562846935  3.095193E-14
6584.22606919647  2.785343E-14
6584.2864892896  1.918532E-14
6584.34688874991  1.282949E-14
6584.40726757858  1.257906E-14
6584.46762577678  7.835518E-15
6584.52796334568  7.477077E-15
6584.58828028648  5.229963E-15
6584.64857660036  2.732458E-15
6584.70885228849  5.043555E-15
6584.76910735208  2.508177E-15
6584.82934179232  3.268076E-15
6584.88955561041  9.393231E-16
6584.94974880755  2.434453E-15
6585.00992138494  3.106439E-16
6585.0700733438  2.667809E-15
6585.13020468533  2.463308E-15
6585.19031541075  3.664867E-15
6585.25040552128  3.108188E-15
6585.31047501814  3.403167E-15
6585.37052390255  3.914258E-15
6585.43055217574  2.796801E-15
6585.49055983895  1.559684E-15
6585.55054689341  4.424102E-15
6585.61051334036  1.435741E-15
6585.67045918103  1.180382E-15
6585.73038441668  1.787507E-15
6585.79028904856  9.727596E-16
6585.85017307791  2.231637E-15
6585.91003650598  3.675947E-15
6585.96987933405  3.079906E-15
6586.02970156336  4.493135E-15
6586.08950319519  4.051943E-15
6586.1492842308  2.566359E-15
6586.20904467146  2.097948E-15
6586.26878451845  2.959671E-15
6586.32850377304  4.316604E-16
6586.38820243652  2.305531E-15
6586.44788051018  2.415745E-15
6586.50753799529  -2.460342E-15
6586.56717489315  5.770595E-15
6586.62679120505  -2.794804E-16
6586.68638693229  1.797122E-15
6586.74596207618  4.305895E-15
6586.805516638  3.102169E-15
6586.86505061908  3.667778E-16
6586.92456402073  3.510899E-15
6586.98405684425  2.333691E-15
6587.04352909095  2.772515E-15
6587.10298076217  -1.534002E-15
6587.16241185923  2.528902E-16
6587.22182238344  2.215103E-15
6587.28121233615  1.489768E-15
6587.34058171867  1.385362E-15
6587.39993053235  -8.748787E-16
6587.45925877853  1.072361E-15
6587.51856645854  3.238346E-15
6587.57785357373  -3.280186E-16
6587.63712012545  2.129986E-15
6587.69636611505  1.552008E-15
6587.75559154388  1.835888E-15
6587.81479641331  3.332006E-15
6587.87398072468  1.974837E-15
6587.93314447937  1.641335E-15
6587.99228767873  4.308052E-15
6588.05141032414  4.678896E-16
6588.11051241698  5.057846E-16
6588.1695939586  1.491610E-15
6588.2286549504  4.290282E-15
6588.28769539375  4.577780E-16
6588.34671529003  2.404692E-15
6588.40571464064  2.090668E-15
6588.46469344696  1.451350E-15
6588.52365171039  -8.328442E-17
6588.58258943231  7.077752E-15
6588.64150661414  5.159661E-16
6588.70040325726  -5.314022E-16
6588.75927936308  3.895366E-15
6588.81813493301  4.522895E-15
6588.87696996846  3.276692E-15
6588.93578447084  2.502633E-15
6588.99457844157  1.618768E-15
6589.05335188205  2.622645E-15
6589.11210479372  9.478409E-16
6589.170837178  1.292397E-15
6589.2295490363  4.271912E-16
6589.28824037007  4.763534E-15
6589.34691118072  4.182752E-15
6589.4055614697  2.425909E-15
6589.46419123844  5.757632E-15
6589.52280048838  8.977106E-16
6589.58138922096  1.804837E-15
6589.63995743762  4.122055E-15
6589.69850513982  4.150033E-15
6589.75703232899  3.306239E-16
6589.81553900659  -6.572780E-16
6589.87402517408  3.106866E-15
6589.93249083291  3.112477E-15
6589.99093598454  2.944357E-15
6590.04936063043  1.910073E-15
6590.10776477205  2.658228E-17
6590.16614841085  2.338991E-15
6590.22451154832  9.278063E-16
6590.28285418591  5.876186E-16
6590.34117632511  4.097966E-15
6590.39947796739  1.167321E-15
6590.45775911422  4.001401E-15
6590.51601976708  2.506609E-15
6590.57425992746  4.068951E-16
6590.63247959684  5.880250E-15
6590.69067877671  2.795094E-15
6590.74885746855  2.233222E-15
6590.80701567386  2.282663E-15
6590.86515339413  1.933432E-15
6590.92327063085  5.449389E-15
6590.98136738552  1.334782E-15
6591.03944365964  3.781854E-15
6591.0974994547  1.450625E-15
6591.15553477221  1.360824E-15
6591.21354961369  5.947802E-16
6591.27154398062  2.108297E-15
6591.32951787452  4.705846E-15
6591.3874712969  1.259056E-15
6591.44540424927  5.201435E-15
6591.50331673315  9.257873E-16
6591.56120875004  7.307653E-15
6591.61908030148  2.640554E-15
6591.67693138897  -1.147080E-15
6591.73476201404  3.933228E-15
6591.7925721782  2.273583E-15
6591.85036188299  1.907832E-15
6591.90813112993  6.487831E-15
6591.96587992053  -2.039464E-15
6592.02360825635  6.712753E-15
6592.08131613889  2.767293E-15
6592.1390035697  -3.820775E-16
6592.1966705503  2.448758E-15
6592.25431708224  -2.901590E-18
6592.31194316704  1.887983E-16
6592.36954880624  4.079086E-15
6592.42713400138  -1.918952E-15
6592.484698754  1.843646E-15
6592.54224306564  1.184581E-15
6592.59976693784  1.225884E-15
6592.65727037215  1.343538E-15
6592.7147533701  1.779282E-15
6592.77221593325  4.121254E-15
6592.82965806313  -3.067460E-16
6592.8870797613  1.221345E-16
6592.94448102931  1.902536E-15
6593.0018618687  1.008003E-15
6593.05922228101  7.041956E-15
6593.11656226782  1.189998E-15
6593.17388183065  3.619602E-15
6593.23118097108  3.049332E-15
6593.28845969064  4.215603E-15
6593.3457179909  3.055877E-15
6593.4029558734  2.705665E-15
6593.46017333971  -3.116004E-16
6593.51737039137  1.391322E-15
6593.57454702995  3.196101E-15
6593.631703257  -7.985385E-16
6593.68883907408  8.597841E-16
6593.74595448274  3.192534E-15
6593.80304948455  3.154118E-15
6593.86012408106  2.795142E-15
6593.91717827383  4.062127E-15
6593.97421206442  6.306187E-15
6594.03122545439  2.023414E-15
6594.08821844529  8.253088E-16
6594.1451910387  -7.659630E-16
6594.20214323616  2.362822E-15
6594.25907503924  5.157368E-15
6594.31598644949  4.076682E-15
6594.37287746847  2.635375E-15
6594.42974809776  2.311120E-15
6594.48659833889  1.497258E-15
6594.54342819344  3.874698E-15
6594.60023766296  2.174850E-15
6594.65702674901  2.522996E-16
6594.71379545316  1.987361E-16
6594.77054377694  -1.386043E-15
6594.82727172194  4.721962E-15
6594.88397928969  8.386825E-15
6594.94066648177  2.775105E-15
6594.99733329971  6.528601E-15
6595.05397974509  2.674756E-15
6595.11060581945  1.169359E-15
6595.16721152435  3.583329E-16
6595.22379686135  -1.418110E-16
6595.28036183199  1.749296E-15
6595.33690643783  7.237998E-16
6595.39343068041  5.263862E-16
6595.4499345613  2.804045E-15
6595.50641808202  7.751753E-16
6595.56288124415  1.414816E-15
6595.61932404921  4.463113E-15
6595.67574649877  2.526936E-15
6595.73214859435  2.377883E-15
6595.78853033751  -1.421845E-15
6595.84489172979  2.889585E-15
6595.90123277272  6.484895E-15
6595.95755346786  6.077540E-15
6596.01385381672  1.975052E-15
6596.07013382086  3.341822E-15
6596.1263934818  9.814726E-15
6596.18263280108  3.689125E-15
6596.23885178023  3.482471E-15
6596.29505042078  -1.181968E-15
6596.35122872425  -4.792360E-16
6596.40738669218  5.087548E-15
6596.46352432609  7.220166E-15
6596.5196416275  3.305181E-15
6596.57573859792  3.326021E-15
6596.63181523888  3.388771E-15
6596.68787155189  4.504097E-15
6596.74390753847  3.650846E-15
6596.79992320012  4.121495E-15
6596.85591853836  7.227482E-15
6596.91189355469  1.123353E-15
6596.96784825062  -1.406876E-15
6597.02378262765  -1.443199E-15
6597.07969668727  2.322976E-15
6597.13559043099  2.580948E-15
6597.1914638603  1.680525E-15
6597.24731697668  1.264063E-15
6597.30314978164  3.561281E-15
6597.35896227664  1.915566E-15
6597.41475446318  2.972708E-15
6597.47052634273  7.821152E-16
6597.52627791677  1.682677E-15
6597.58200918678  -1.995698E-16
6597.63772015421  5.753266E-15
6597.69341082055  5.994331E-15
6597.74908118725  -5.366054E-17
6597.80473125578  8.362921E-16
6597.86036102758  4.019218E-15
6597.91597050412  -9.211978E-16
6597.97155968683  -4.536305E-18
6598.02712857718  -2.106655E-16
6598.08267717659  4.740086E-15
6598.13820548652  3.389085E-15
6598.19371350838  3.578264E-15
6598.24920124362  1.055178E-15
6598.30466869366  1.171346E-15
6598.36011585992  5.976980E-16
6598.41554274381  3.094338E-15
6598.47094934676  3.614463E-15
6598.52633567018  1.115906E-15
6598.58170171546  1.319895E-15
6598.63704748401  4.340702E-16
6598.69237297722  2.964123E-15
6598.7476781965  2.003553E-15
6598.80296314322  2.013917E-15
6598.85822781876  4.338043E-15
6598.91347222451  -1.418671E-15
6598.96869636184  4.661296E-15
6599.02390023211  8.549435E-16
6599.07908383669  5.725448E-15
6599.13424717693  -7.692871E-16
6599.18939025419  2.791601E-15
6599.24451306982  5.888828E-15
6599.29961562515  3.841969E-15
6599.35469792152  6.231640E-16
6599.40975996027  4.868353E-16
6599.46480174272  7.455474E-16
6599.51982327019  3.494962E-16
6599.574824544  5.361109E-16
6599.62980556544  4.444655E-15
6599.68476633583  5.868304E-15
6599.73970685647  2.798222E-17
6599.79462712863  3.631157E-15
6599.8495271536  2.727115E-15
6599.90440693268  2.678910E-16
6599.95926646712  5.121314E-15
6600.01410575818  3.861552E-15
6600.06892480715  2.642237E-16
6600.12372361525  3.094194E-15
6600.17850218374  1.430783E-15
6600.23326051386  -1.517846E-15
6600.28799860684  2.785753E-15
6600.3427164639  -1.339475E-15
6600.39741408627  3.534073E-15
6600.45209147516  2.355323E-16
6600.50674863177  8.391922E-16
6600.56138555729  2.624749E-15
6600.61600225292  2.811951E-15
6600.67059871985  4.762316E-15
6600.72517495924  2.964279E-15
6600.77973097226  2.950050E-15
6600.83426676007  1.469567E-15
6600.88878232383  3.414773E-15
6600.94327766469  4.687197E-15
6600.99775278376  3.194341E-15
6601.05220768219  1.649129E-15
6601.1066423611  3.798961E-15
6601.16105682159  1.759285E-15
6601.21545106478  5.001090E-15
6601.26982509175  1.844412E-15
6601.32417890359  1.536864E-15
6601.37851250139  -1.175240E-15
6601.43282588621  4.464231E-15
6601.48711905912  1.052586E-15
6601.54139202115  -9.835936E-16
6601.59564477337  2.703521E-15
6601.6498773168  1.817344E-15
6601.70408965247  6.011022E-15
6601.7582817814  2.530369E-15
6601.81245370459  -4.795041E-16
6601.86660542303  1.524723E-15
6601.92073693772  1.101733E-15
6601.97484824964  7.178211E-15
6602.02893935975  6.410307E-15
6602.08301026901  1.498515E-15
6602.13706097838  5.022491E-15
6602.19109148878  3.559849E-15
6602.24510180115  2.386159E-15
6602.29909191641  9.038374E-16
6602.35306183546  2.258498E-15
6602.40701155921  1.147689E-15
6602.46094108854  2.396297E-15
6602.51485042432  2.941633E-15
6602.56873956743  1.253031E-15
6602.62260851872  3.672163E-16
6602.67645727903  6.272309E-16
6602.7302858492  1.686493E-15
6602.78409423004  1.899274E-15
6602.83788242238  3.998872E-15
6602.89165042699  -8.474242E-16
6602.9453982447  3.645486E-15
6602.99912587625  8.345211E-15
6603.05283332242  8.741899E-16
6603.10652058397  1.330494E-15
6603.16018766162  4.695246E-15
6603.21383455613  7.075729E-16
6603.26746126819  -4.692998E-16
6603.32106779851  3.045636E-15
6603.3746541478  3.888885E-15
6603.42822031672  3.865692E-15
6603.48176630594  4.178224E-15
6603.53529211614  2.332261E-15
6603.58879774793  2.326202E-15
6603.64228320196  3.957753E-15
6603.69574847884  2.629345E-15
6603.74919357917  -1.336642E-15
6603.80261850355  -3.664465E-16
6603.85602325255  6.274072E-15
6603.90940782674  5.466027E-15
6603.96277222666  4.715287E-16
6604.01611645285  1.720350E-15
6604.06944050584  4.798026E-15
6604.12274438613  7.673507E-16
6604.17602809423  5.646977E-15
6604.2292916306  3.147646E-15
6604.28253499572  7.964620E-15
6604.33575819003  4.404977E-15
6604.38896121398  3.688341E-15
6604.44214406799  2.154250E-15
6604.49530675247  1.408691E-15
6604.54844926781  2.508677E-15
6604.60157161439  3.341316E-15
6604.65467379257  4.788752E-15
6604.70775580271  -3.508696E-16
6604.76081764513  8.948497E-15
6604.81385932015  4.100660E-16
6604.86688082808  -3.870691E-15
6604.91988216919  3.291199E-15
6604.97286334377  9.565950E-15
6605.02582435206  -2.402705E-15
6605.07876519432  3.938823E-15
6605.13168587074  3.380107E-15
6605.18458638155  2.939661E-15
6605.23746672693  4.927568E-15
6605.29032690706  1.354849E-15
6605.34316692209  -1.116202E-15
6605.39598677216  6.506152E-15
6605.4487864574  5.389546E-15
6605.5015659779  4.215189E-15
6605.55432533377  2.281040E-15
6605.60706452506  2.768140E-15
6605.65978355184  -3.588790E-16
6605.71248241414  8.237385E-15
6605.76516111197  4.564789E-15
6605.81781964534  5.319704E-15
6605.87045801423  7.074847E-16
6605.92307621861  3.904436E-15
6605.97567425841  3.927459E-15
6606.02825213358  4.777863E-15
6606.08080984401  5.485946E-15
6606.1333473896  4.475765E-15
6606.18586477021  -1.755244E-15
6606.23836198571  3.499815E-16
6606.29083903593  4.440967E-15
6606.34329592068  4.879391E-15
6606.39573263975  4.798473E-15
6606.44814919292  -6.879536E-16
6606.50054557994  1.199959E-15
6606.55292180057  6.475241E-16
6606.6052778545  1.947271E-15
6606.65761374143  3.255185E-15
6606.70992946105  9.502421E-16
6606.762225013  2.495088E-15
6606.81450039693  1.974412E-15
6606.86675561244  -6.436229E-16
6606.91899065914  2.459745E-15
6606.97120553659  4.965706E-15
6607.02340024435  2.446423E-15
6607.07557478195  4.509368E-15
6607.12772914889  6.489258E-15
6607.17986334467  6.520028E-15
6607.23197736875  3.193855E-15
6607.28407122057  -1.631576E-15
6607.33614489957  -8.953895E-16
6607.38819840513  2.926796E-15
6607.44023173664  -2.474551E-16
6607.49224489346  -2.809841E-16
6607.54423787492  1.295028E-15
6607.59621068033  1.830241E-15
6607.64816330897  -2.365250E-16
6607.70009576011  3.239478E-15
6607.75200803301  3.915465E-15
6607.80390012686  4.279507E-16
6607.85577204088  -1.130702E-15
6607.90762377422  2.114458E-15
6607.95945532605  7.526204E-15
6608.01126669548  4.790328E-15
6608.06305788161  -1.217725E-15
6608.11482888353  1.006014E-15
6608.16657970027  6.493480E-15
6608.21831033088  -1.581905E-16
6608.27002077435  -9.314253E-16
6608.32171102966  4.029956E-15
6608.37338109576  8.362400E-15
6608.42503097159  3.136666E-15
6608.47666065603  8.574750E-16
6608.52827014798  2.591548E-15
6608.57985944628  1.534920E-14
6608.63142854976  6.131564E-15
6608.68297745721  3.684878E-15
6608.73450616742  3.910096E-15
6608.78601467913  1.369712E-15
6608.83750299106  5.926481E-15
6608.8889711019  -1.526829E-17
6608.94041901032  4.906447E-15
6608.99184671497  4.438012E-15
6609.04325421445  7.062437E-15
6609.09464150736  2.310975E-15
6609.14600859225  7.768237E-16
6609.19735546765  -4.446052E-16
6609.24868213208  8.305648E-16
6609.299988584  3.488263E-15
6609.35127482186  4.850455E-15
6609.40254084408  6.418053E-15
6609.45378664906  2.394934E-15
6609.50501223515  3.121029E-15
6609.55621760069  -1.144667E-16
6609.60740274399  3.733292E-15
6609.65856766332  4.718868E-15
6609.70971235693  1.452854E-15
6609.76083682303  4.215893E-15
6609.81194105982  6.435281E-15
6609.86302506545  1.225200E-15
6609.91408883805  3.867676E-15
6609.96513237571  -1.958266E-15
6610.01615567651  3.376924E-15
6610.06715873848  2.225169E-15
6610.11814155963  3.606261E-15
6610.16910413794  6.381704E-15
6610.22004647134  5.694911E-15
6610.27096855775  5.251071E-15
6610.32187039506  5.632185E-15
6610.37275198111  3.702035E-15
6610.42361331372  5.718397E-15
6610.47445439069  3.804521E-15
6610.52527520975  1.767866E-15
6610.57607576865  8.584185E-15
6610.62685606507  3.648206E-15
6610.67761609665  1.274381E-15
6610.72835586104  1.331935E-14
6610.77907535582  7.767387E-15
6610.82977457854  2.276958E-15
6610.88045352674  -1.372227E-15
6610.93111219791  5.895405E-15
6610.98175058949  -1.120528E-15
6611.03236869893  2.682001E-17
6611.0829665236  -2.053153E-16
6611.13354406086  8.682275E-16
6611.18410130804  3.601224E-15
6611.23463826241  -9.696396E-16
6611.28515492124  -5.946938E-17
6611.33565128172  9.061299E-15
6611.38612734106  -2.820156E-15
6611.43658309639  7.698958E-15
6611.48701854482  3.343135E-15
6611.53743368342  8.548753E-17
6611.58782850924  -4.309770E-15
6611.63820301927  3.836108E-15
6611.68855721049  -7.316610E-16
6611.73889107981  1.823574E-15
6611.78920462414  -1.878060E-15
6611.83949784032  7.485754E-15
6611.88977072517  2.960236E-15
6611.94002327547  1.080346E-14
6611.99025548798  -4.480130E-15
6612.04046735938  -2.778134E-15
6612.09065888635  9.516001E-15
6612.14083006551  3.913900E-15
6612.19098089346  5.908648E-17
6612.24111136675  -3.429241E-15
6612.29122148189  3.480262E-15
6612.34131123535  5.597088E-15
6612.39138062357  -6.651013E-16
6612.44142964294  5.638452E-15
6612.49145828982  2.258678E-15
6612.54146656052  9.747417E-16
6612.59145445132  5.764271E-15
6612.64142195846  -2.327135E-15
6612.69136907813  -4.438038E-15
6612.74129580648  2.806974E-15
6612.79120213962  8.687607E-16
6612.84108807364  8.220536E-16
6612.89095360455  1.212913E-14
6612.94079872836  9.063152E-15
6612.99062344099  1.619321E-15
6613.04042773837  5.320041E-15
6613.09021161636  1.759011E-15
6613.13997507078  8.490192E-15
6613.18971809739  8.083946E-15
6613.23944069196  -6.752990E-16
6613.28914285016  -8.178738E-17
6613.33882456763  1.009650E-14
6613.38848584  6.054285E-15
6613.43812666283  3.327866E-15
6613.48774703163  8.957317E-15
6613.53734694187  1.465779E-15
6613.58692638899  1.005598E-15
6613.63648536837  4.220448E-15
6613.68602387536  4.312354E-15
6613.73554190525  6.378373E-15
6613.78503945329  7.642363E-15
6613.83451651468  3.627969E-15
6613.8839730846  8.694200E-15
6613.93340915814  3.919391E-15
6613.98282473039  4.474214E-15
6614.03221979635  9.547785E-16
6614.08159435101  9.886560E-15
6614.1309483893  6.284479E-15
6614.1802819061  2.868877E-15
6614.22959489623  -4.146956E-15
6614.2788873545  2.612325E-15
6614.32815927563  6.705359E-15
6614.37741065432  -3.416610E-15
6614.42664148522  -5.445720E-15
6614.47585176291  1.029525E-14
6614.52504148194  4.195052E-15
6614.57421063682  7.657518E-15
6614.62335922199  1.003655E-15
6614.67248723185  1.095026E-16
6614.72159466075  8.963644E-15
6614.77068150299  1.097679E-14
6614.81974775282  3.505679E-15
6614.86879340444  1.668424E-15
6614.917818452  -2.395776E-16
6614.9668228896  3.519007E-15
6615.01580671129  2.487181E-15
6615.06476991106  1.195027E-14
6615.11371248286  1.503825E-15
6615.16263442058  -1.861382E-15
6615.21153571808  1.127626E-15
6615.26041636912  2.050580E-15
6615.30927636746  6.061721E-15
6615.35811570677  1.057167E-15
6615.4069343807  1.195367E-15
6615.45573238281  4.819694E-16
6615.50450970664  -3.600230E-16
6615.55326634566  2.487110E-17
6615.60200229328  7.425761E-16
6615.65071754288  4.973204E-15
6615.69941208775  2.425337E-15
6615.74808592116  5.840333E-15
6615.7967390363  5.183889E-15
6615.84537142633  3.086569E-15
6615.89398308433  3.607083E-15
6615.94257400333  1.520134E-15
6615.99114417633  -1.578177E-15
6616.03969359623  1.973464E-15
6616.08822225591  -3.574604E-15
6616.13673014817  8.358134E-15
6616.18521726578  -3.006146E-15
6616.23368360142  3.540564E-15
6616.28212914774  1.370368E-15
6616.33055389731  1.839511E-16
6616.37895784266  -2.335952E-16
6616.42734097626  1.606121E-14
6616.47570329051  4.291239E-15
6616.52404477777  3.697781E-15
6616.57236543031  3.049955E-15
6616.62066524038  1.651506E-14
6616.66894420014  -8.232871E-15
6616.71720230171  6.062655E-15
6616.76543953714  1.391764E-15
6616.81365589841  5.669460E-15
6616.86185137747  3.714622E-15
6616.91002596617  4.048250E-15
6616.95817965634  2.125080E-15
6617.00631243972  -1.897207E-15
6617.05442430799  1.896418E-15
6617.10251525278  7.598122E-15
6617.15058526566  6.230974E-15
6617.19863433813  3.456002E-15
6617.24666246162  8.556064E-15
6617.29466962751  2.324189E-15
6617.34265582711  1.490386E-15
6617.39062105167  2.060936E-15
6617.43856529238  5.439522E-15
6617.48648854036  5.306744E-15
6617.53439078667  5.038815E-15
6617.58227202229  7.835109E-16
6617.63013223816  4.669117E-16
6617.67797142515  6.451308E-15
6617.72578957404  7.930165E-15
6617.77358667558  1.635538E-14
6617.82136272043  2.367147E-15
6617.86911769918  8.199356E-15
6617.91685160238  2.225652E-14
6617.96456442049  -9.111192E-16
6618.01225614392  1.717792E-14
6618.05992676299  5.791422E-15
6618.10757626797  2.874946E-15
6618.15520464906  2.439969E-14
6618.2028118964  7.428523E-15
6618.25039800004  4.509733E-15
6618.29796294997  -1.152800E-15
6618.34550673613  9.937142E-16
6618.39302934836  5.202182E-15
6618.44053077645  -6.552783E-16
6618.48801101012  3.833195E-15
6618.53547003901  4.027151E-16
6618.58290785271  4.608394E-15
6618.6303244407  9.836109E-16
6618.67771979244  4.994612E-15
6618.72509389728  6.665557E-16
6618.77244674451  3.494685E-15
6618.81977832335  4.338172E-15
6618.86708862295  -1.729924E-15
6618.91437763239  7.995658E-15
6618.96164534067  5.345157E-15
6619.00889173671  -8.837194E-16
6619.05611680938  4.721639E-15
6619.10332054745  6.981060E-15
6619.15050293964  -5.609122E-15
6619.19766397457  1.058335E-14
6619.24480364082  9.956417E-15
6619.29192192687  6.746894E-15
6619.33901882112  -4.430727E-16
6619.38609431191  -3.457838E-18
6619.43314838751  3.665373E-15
6619.48018103608  5.622885E-15
6619.52719224576  2.681308E-15
6619.57418200455  7.554113E-15
6619.62115030043  6.438517E-15
6619.66809712125  2.867095E-15
6619.71502245483  2.776570E-15
6619.76192628888  5.415842E-15
6619.80880861106  1.493679E-15
6619.85566940891  3.192809E-15
6619.90250866994  1.068923E-14
6619.94932638155  9.453156E-15
6619.99612253105  3.037962E-15
6620.04289710572  9.788818E-15
6620.08965009271  4.771009E-15
6620.13638147911  2.061792E-15
6620.18309125193  4.051145E-15
6620.22977939809  1.411575E-14
6620.27644590445  -1.134673E-16
6620.32309075776  1.138715E-14
6620.36971394471  1.237606E-14
6620.4163154519  1.590983E-15
6620.46289526585  -4.890457E-15
6620.50945337298  8.095774E-15
6620.55598975967  6.054299E-15
6620.60250441216  9.088062E-15
6620.64899731665  7.830426E-15
6620.69546845924  -2.145764E-15
6620.74191782594  -9.829144E-16
6620.7883454027  3.664656E-15
6620.83475117534  1.382588E-14
6620.88113512964  4.380814E-15
6620.92749725126  1.141436E-15
6620.97383752581  7.698421E-15
6621.02015593878  1.127429E-14
6621.0664524756  2.434565E-16
6621.11272712158  2.075738E-15
6621.15897986197  1.546347E-14
6621.20521068193  1.133368E-14
6621.25141956653  2.607731E-15
6621.29760650074  6.368039E-15
6621.34377146945  -6.076576E-15
6621.38991445746  4.709189E-15
6621.4360354495  -4.275267E-16
6621.48213443017  -4.145785E-15
6621.52821138401  7.505669E-15
6621.57426629546  -9.369183E-16
6621.62029914888  5.081956E-16
6621.66630992852  -6.744481E-16
6621.71229861855  -1.399606E-15
6621.75826520306  7.060526E-15
6621.80420966602  1.166565E-14
6621.85013199133  1.308011E-14
6621.89603216279  4.663525E-15
6621.9419101641  4.483210E-15
6621.98776597889  -8.208280E-15
6622.03359959067  -1.181701E-15
6622.07941098286  -4.089864E-15
6622.12520013881  1.174947E-14
6622.17096704174  -4.692164E-15
6622.2167116748  1.524799E-14
6622.26243402104  7.945415E-15
6622.3081340634  3.233965E-15
6622.35381178474  -3.710123E-16
6622.39946716783  -3.032330E-16
6622.44510019531  1.976445E-15
6622.49071084977  1.586303E-15
6622.53629911365  1.186295E-14
6622.58186496934  1.238537E-14
6622.62740839911  5.748018E-15
6622.67292938511  5.106287E-15
6622.71842790944  1.542317E-14
6622.76390395406  1.232590E-15
6622.80935750084  1.382253E-16
6622.85478853157  -3.465909E-15
6622.90019702791  2.642858E-15
6622.94558297144  -1.685152E-15
6622.99094634363  4.302334E-16
6623.03628712585  -4.834003E-15
6623.08160529938  1.339999E-15
6623.12690084537  -3.894212E-16
6623.1721737449  -2.884262E-15
6623.21742397891  1.794406E-15
6623.26265152828  9.958222E-15
6623.30785637376  1.282371E-16
6623.35303849599  5.235764E-15
6623.39819787552  5.119375E-15
6623.4433344928  8.519598E-15
6623.48844832816  7.762224E-15
6623.53353936183  7.157526E-15
6623.57860757394  8.592551E-15
6623.6236529445  1.075945E-14
6623.66867545343  8.577593E-15
6623.71367508053  6.319387E-15
6623.75865180551  2.046485E-14
6623.80360560795  3.414923E-15
6623.84853646733  7.125503E-15
6623.89344436302  2.947269E-16
6623.9383292743  -3.519375E-15
6623.98319118032  1.887065E-14
6624.02803006013  1.567823E-15
6624.07284589266  -3.180044E-15
6624.11763865673  1.637281E-15
6624.16240833107  2.036957E-14
6624.20715489427  -4.704647E-15
6624.25187832483  2.095730E-15
6624.29657860113  3.653339E-15
6624.34125570144  1.043829E-15
6624.38590960391  1.440324E-14
6624.43054028659  -1.026961E-15
6624.47514772741  1.474627E-14
6624.51973190418  -9.179145E-15
6624.56429279461  3.487642E-14
6624.60883037627  2.084889E-14
6624.65334462665  -1.401575E-15
6624.6978355231  1.280013E-15
6624.74230304286  -1.470200E-15
6624.78674716305  2.295527E-15
6624.83116786069  -3.185453E-15
6624.87556511266  2.036115E-14
6624.91993889575  6.084119E-16
6624.96428918659  -6.763516E-15
6625.00861596174  5.494556E-15
6625.05291919762  2.618522E-14
6625.09719887052  1.061103E-14
6625.14145495662  2.920843E-15
6625.18568743199  8.821400E-15
6625.22989627257  2.290779E-14
6625.27408145418  -1.582865E-15
6625.31824295251  2.232390E-14
6625.36238074316  1.096679E-15
6625.40649480158  -5.606977E-16
6625.45058510309  -4.235586E-15
6625.49465162292  2.044781E-14
6625.53869433616  5.088646E-15
6625.58271321776  9.264999E-16
6625.62670824258  2.841235E-15
6625.67067938533  2.394088E-15
6625.7146266206  4.284570E-15
6625.75854992287  -1.260042E-14
6625.80244926647  -3.623847E-15
6625.84632462562  2.373022E-14
6625.89017597443  1.372949E-14
6625.93400328685  -2.909293E-16
6625.97780653672  2.565837E-15
6626.02158569774  3.115450E-15
6626.06534074351  1.251235E-16
6626.10907164747  1.375419E-14
6626.15277838296  5.271905E-15
6626.19646092316  1.074935E-14
6626.24011924115  9.603525E-15
6626.28375330985  4.416938E-16
6626.32736310209  1.392561E-14
6626.37094859053  -1.349775E-14
6626.41450974772  8.883780E-15
6626.45804654608  8.165747E-15
6626.50155895787  2.636129E-14
6626.54504695525  2.845653E-15
6626.58851051023  8.915815E-16
6626.6319495947  3.016658E-15
6626.67536418041  3.632530E-15
6626.71875423896  -6.228311E-16
