   6500.08984       3.50000011E-14
   6500.18018       3.50000011E-14
   6500.27002       3.50000011E-14
   6500.35986       3.50000011E-14
   6500.45020       3.50000011E-14
   6500.54004       3.50000011E-14
   6500.62988       3.50000011E-14
   6500.72021       3.50000011E-14
   6500.81006       3.50000011E-14
   6500.89990       3.50000011E-14
   6500.99023       3.50000011E-14
   6501.08008       3.50000011E-14
   6501.16992       3.50000011E-14
   6501.25977       3.50000011E-14
   6501.35010       3.50000011E-14
   6501.43994       3.50000011E-14
   6501.52979       3.50000011E-14
   6501.62012       3.50000011E-14
   6501.70996       3.50000011E-14
   6501.79980       3.50000011E-14
   6501.89014       3.50000011E-14
   6501.97998       3.50000011E-14
   6502.06982       3.50000011E-14
   6502.16016       3.50000011E-14
   6502.25000       3.50000011E-14
   6502.33984       3.50000011E-14
   6502.43018       3.50000011E-14
   6502.52002       3.50000011E-14
   6502.60986       3.50000011E-14
   6502.70020       3.50000011E-14
   6502.79004       3.50000011E-14
   6502.87988       3.50000011E-14
   6502.97021       3.50000011E-14
   6503.06006       3.50000011E-14
   6503.14990       3.50000011E-14
   6503.24023       3.50000011E-14
   6503.33008       3.50000011E-14
   6503.41992       3.50000011E-14
   6503.50977       3.50000011E-14
   6503.60010       3.50000011E-14
   6503.68994       3.50000011E-14
   6503.77979       3.50000011E-14
   6503.87012       3.50000011E-14
   6503.95996       3.50000011E-14
   6504.04980       3.50000011E-14
   6504.14014       3.50000011E-14
   6504.22998       3.50000011E-14
   6504.31982       3.50000011E-14
   6504.41016       3.50000011E-14
   6504.50000       3.50000011E-14
   6504.58984       3.50000011E-14
   6504.68018       3.50000011E-14
   6504.77002       3.50000011E-14
   6504.85986       3.50000011E-14
   6504.95020       3.50000011E-14
   6505.04004       3.50000011E-14
   6505.12988       3.50000011E-14
   6505.22021       3.50000011E-14
   6505.31006       3.50000011E-14
   6505.39990       3.50000011E-14
   6505.49023       3.50000011E-14
   6505.58008       3.50000011E-14
   6505.66992       3.50000011E-14
   6505.75977       3.50000011E-14
   6505.85010       3.50000011E-14
   6505.93994       3.50000011E-14
   6506.02979       3.50000011E-14
   6506.12012       3.50000011E-14
   6506.20996       3.50000011E-14
   6506.29980       3.50000011E-14
   6506.39014       3.50000011E-14
   6506.47998       3.50000011E-14
   6506.56982       3.50000011E-14
   6506.66016       3.50000011E-14
   6506.75000       3.50000011E-14
   6506.83984       3.50000011E-14
   6506.93018       3.50000011E-14
   6507.02002       3.50000011E-14
   6507.10986       3.50000011E-14
   6507.20020       3.50000011E-14
   6507.29004       3.50000011E-14
   6507.37988       3.50000011E-14
   6507.47021       3.50000011E-14
   6507.56006       3.50000011E-14
   6507.64990       3.50000011E-14
   6507.74023       3.50000011E-14
   6507.83008       3.50000011E-14
   6507.91992       3.50000011E-14
   6508.00977       3.50000011E-14
   6508.10010       3.50000011E-14
   6508.18994       3.50000011E-14
   6508.27979       3.50000011E-14
   6508.37012       3.50000011E-14
   6508.45996       3.50000011E-14
   6508.54980       3.50000011E-14
   6508.64014       3.50000011E-14
   6508.72998       3.50000011E-14
   6508.81982       3.50000011E-14
   6508.91016       3.50000011E-14
   6509.00000       3.50000011E-14
   6509.08984       3.50000011E-14
   6509.18018       3.50000011E-14
   6509.27002       3.50000011E-14
   6509.35986       3.50000011E-14
   6509.45020       3.50000011E-14
   6509.54004       3.50000011E-14
   6509.62988       3.50000011E-14
   6509.72021       3.50000011E-14
   6509.81006       3.50000011E-14
   6509.89990       3.50000011E-14
   6509.99023       3.50000011E-14
   6510.08008       3.50000011E-14
   6510.16992       3.50000011E-14
   6510.25977       3.50000011E-14
   6510.35010       3.50000011E-14
   6510.43994       3.50000011E-14
   6510.52979       3.50000011E-14
   6510.62012       3.50000011E-14
   6510.70996       3.50000011E-14
   6510.79980       3.50000011E-14
   6510.89014       3.50000011E-14
   6510.97998       3.50000011E-14
   6511.06982       3.50000011E-14
   6511.16016       3.50000011E-14
   6511.25000       3.50000011E-14
   6511.33984       3.50000011E-14
   6511.43018       3.50000011E-14
   6511.52002       3.50000011E-14
   6511.60986       3.50000011E-14
   6511.70020       3.50000011E-14
   6511.79004       3.50000011E-14
   6511.87988       3.50000011E-14
   6511.97021       3.50000011E-14
   6512.06006       3.50000011E-14
   6512.14990       3.50000011E-14
   6512.24023       3.50000011E-14
   6512.33008       3.50000011E-14
   6512.41992       3.50000011E-14
   6512.50977       3.50000011E-14
   6512.60010       3.50000011E-14
   6512.68994       3.50000011E-14
   6512.77979       3.50000011E-14
   6512.87012       3.50000011E-14
   6512.95996       3.50000011E-14
   6513.04980       3.50000011E-14
   6513.14014       3.50000011E-14
   6513.22998       3.50000011E-14
   6513.31982       3.50000011E-14
   6513.41016       3.50000011E-14
   6513.50000       3.50000011E-14
   6513.58984       3.50000011E-14
   6513.68018       3.50000011E-14
   6513.77002       3.50000011E-14
   6513.85986       3.50000011E-14
   6513.95020       3.50000011E-14
   6514.04004       3.50000011E-14
   6514.12988       3.50000011E-14
   6514.22021       3.50000011E-14
   6514.31006       3.50000011E-14
   6514.39990       3.50000011E-14
   6514.49023       3.50000011E-14
   6514.58008       3.50000011E-14
   6514.66992       3.50000011E-14
   6514.75977       3.50000011E-14
   6514.85010       3.50000011E-14
   6514.93994       3.50000011E-14
   6515.02979       3.50000011E-14
   6515.12012       3.50000011E-14
   6515.20996       3.50000011E-14
   6515.29980       3.50000011E-14
   6515.39014       3.50000011E-14
   6515.47998       3.50000011E-14
   6515.56982       3.50000011E-14
   6515.66016       3.50000011E-14
   6515.75000       3.50000011E-14
   6515.83984       3.50000011E-14
   6515.93018       3.50000011E-14
   6516.02002       3.50000011E-14
   6516.10986       3.50000011E-14
   6516.20020       3.50000011E-14
   6516.29004       3.50000011E-14
   6516.37988       3.50000011E-14
   6516.47021       3.50000011E-14
   6516.56006       3.50000011E-14
   6516.64990       3.50000011E-14
   6516.74023       3.50000011E-14
   6516.83008       3.50000011E-14
   6516.91992       3.50000011E-14
   6517.00977       3.50000011E-14
   6517.10010       3.50000011E-14
   6517.18994       3.50000011E-14
   6517.27979       3.50000011E-14
   6517.37012       3.50000011E-14
   6517.45996       3.50000011E-14
   6517.54980       3.50000011E-14
   6517.64014       3.50000011E-14
   6517.72998       3.50000011E-14
   6517.81982       3.50000011E-14
   6517.91016       3.50000011E-14
   6518.00000       3.50000011E-14
   6518.08984       3.50000011E-14
   6518.18018       3.50000011E-14
   6518.27002       3.50000011E-14
   6518.35986       3.50000011E-14
   6518.45020       3.50000011E-14
   6518.54004       3.50000011E-14
   6518.62988       3.50000011E-14
   6518.72021       3.50000011E-14
   6518.81006       3.50000011E-14
   6518.89990       3.50000011E-14
   6518.99023       3.50000011E-14
   6519.08008       3.50000011E-14
   6519.16992       3.50000011E-14
   6519.25977       3.50000011E-14
   6519.35010       3.50000011E-14
   6519.43994       3.50000011E-14
   6519.52979       3.50000011E-14
   6519.62012       3.50000011E-14
   6519.70996       3.50000011E-14
   6519.79980       3.50000011E-14
   6519.89014       3.50000011E-14
   6519.97998       3.50000011E-14
   6520.06982       3.50000011E-14
   6520.16016       3.50000011E-14
   6520.25000       3.50000011E-14
   6520.33984       3.50000011E-14
   6520.43018       3.50000011E-14
   6520.52002       3.50000011E-14
   6520.60986       3.50000011E-14
   6520.70020       3.50000011E-14
   6520.79004       3.50000011E-14
   6520.87988       3.50000011E-14
   6520.97021       3.50000011E-14
   6521.06006       3.50000011E-14
   6521.14990       3.50000011E-14
   6521.24023       3.50000011E-14
   6521.33008       3.50000011E-14
   6521.41992       3.50000011E-14
   6521.50977       3.50000011E-14
   6521.60010       3.50000011E-14
   6521.68994       3.50000011E-14
   6521.77979       3.50000011E-14
   6521.87012       3.50000011E-14
   6521.95996       3.50000011E-14
   6522.04980       3.50000011E-14
   6522.14014       3.50000011E-14
   6522.22998       3.50000011E-14
   6522.31982       3.50000011E-14
   6522.41016       3.50000011E-14
   6522.50000       3.50000011E-14
   6522.58984       3.50000011E-14
   6522.68018       3.50000011E-14
   6522.77002       3.50000011E-14
   6522.85986       3.50000011E-14
   6522.95020       3.50000011E-14
   6523.04004       3.50000011E-14
   6523.12988       3.50000011E-14
   6523.22021       3.50000011E-14
   6523.31006       3.50000011E-14
   6523.39990       3.50000011E-14
   6523.49023       3.50000011E-14
   6523.58008       3.50000011E-14
   6523.66992       3.50000011E-14
   6523.75977       3.50000079E-14
   6523.85010       3.50000180E-14
   6523.93994       3.50000553E-14
   6524.02979       3.50001671E-14
   6524.12012       3.50004822E-14
   6524.20996       3.50013326E-14
   6524.29980       3.50035180E-14
   6524.39014       3.50089254E-14
   6524.47998       3.50215428E-14
   6524.56982       3.50497084E-14
   6524.66016       3.51101323E-14
   6524.75000       3.52322778E-14
   6524.83984       3.54684137E-14
   6524.93018       3.59062958E-14
   6525.02002       3.66704585E-14
   6525.10986       3.79439081E-14
   6525.20020       3.99741241E-14
   6525.29004       4.30121501E-14
   6525.37988       4.73397431E-14
   6525.47021       5.32074012E-14
   6525.56006       6.06299814E-14
   6525.64990       6.94963496E-14
   6525.74023       7.94492781E-14
   6525.83008       8.96805416E-14
   6525.91992       9.93169577E-14
   6526.00977       1.07334036E-13
   6526.10010       1.12804135E-13
   6526.18994       1.14976645E-13
   6526.27979       1.13604628E-13
   6526.37012       1.08834233E-13
   6526.45996       1.01326350E-13
   6526.54980       9.19690349E-14
   6526.64014       8.17302633E-14
   6526.72998       7.16854961E-14
   6526.81982       6.25368965E-14
   6526.91016       5.47253215E-14
   6527.00000       4.85328093E-14
   6527.08984       4.38772079E-14
   6527.18018       4.05530949E-14
   6527.27002       3.83294064E-14
   6527.35986       3.69086374E-14
   6527.45020       3.60426343E-14
   6527.54004       3.55463001E-14
   6527.62988       3.52736876E-14
   6527.72021       3.51305627E-14
   6527.81006       3.50597847E-14
   6527.89990       3.50261744E-14
   6527.99023       3.50109041E-14
   6528.08008       3.50043650E-14
   6528.16992       3.50016714E-14
   6528.25977       3.50006109E-14
   6528.35010       3.50002145E-14
   6528.43994       3.50000722E-14
   6528.52979       3.50000248E-14
   6528.62012       3.50000079E-14
   6528.70996       3.50000045E-14
   6528.79980       3.50000011E-14
   6528.89014       3.50000011E-14
   6528.97998       3.50000011E-14
   6529.06982       3.50000011E-14
   6529.16016       3.50000011E-14
   6529.25000       3.50000011E-14
   6529.33984       3.50000011E-14
   6529.43018       3.50000011E-14
   6529.52002       3.50000011E-14
   6529.60986       3.50000011E-14
   6529.70020       3.50000011E-14
   6529.79004       3.50000011E-14
   6529.87988       3.50000011E-14
   6529.97021       3.50000011E-14
   6530.06006       3.50000011E-14
   6530.14990       3.50000011E-14
   6530.24023       3.50000011E-14
   6530.33008       3.50000011E-14
   6530.41992       3.50000011E-14
   6530.50977       3.50000011E-14
   6530.60010       3.50000011E-14
   6530.68994       3.50000011E-14
   6530.77979       3.50000011E-14
   6530.87012       3.50000011E-14
   6530.95996       3.50000011E-14
   6531.04980       3.50000011E-14
   6531.14014       3.50000011E-14
   6531.22998       3.50000011E-14
   6531.31982       3.50000011E-14
   6531.41016       3.50000011E-14
   6531.50000       3.50000011E-14
   6531.58984       3.50000011E-14
   6531.68018       3.50000011E-14
   6531.77002       3.50000011E-14
   6531.85986       3.50000011E-14
   6531.95020       3.50000011E-14
   6532.04004       3.50000011E-14
   6532.12988       3.50000011E-14
   6532.22021       3.50000011E-14
   6532.31006       3.50000011E-14
   6532.39990       3.50000011E-14
   6532.49023       3.50000011E-14
   6532.58008       3.50000011E-14
   6532.66992       3.50000011E-14
   6532.75977       3.50000011E-14
   6532.85010       3.50000011E-14
   6532.93994       3.50000011E-14
   6533.02979       3.50000011E-14
   6533.12012       3.50000011E-14
   6533.20996       3.50000011E-14
   6533.29980       3.50000011E-14
   6533.39014       3.50000011E-14
   6533.47998       3.50000011E-14
   6533.56982       3.50000011E-14
   6533.66016       3.50000011E-14
   6533.75000       3.50000011E-14
   6533.83984       3.50000011E-14
   6533.93018       3.50000011E-14
   6534.02002       3.50000011E-14
   6534.10986       3.50000011E-14
   6534.20020       3.50000011E-14
   6534.29004       3.50000011E-14
   6534.37988       3.50000011E-14
   6534.47021       3.50000011E-14
   6534.56006       3.50000011E-14
   6534.64990       3.50000011E-14
   6534.74023       3.50000011E-14
   6534.83008       3.50000011E-14
   6534.91992       3.50000011E-14
   6535.00977       3.50000011E-14
   6535.10010       3.50000011E-14
   6535.18994       3.50000011E-14
   6535.27979       3.50000011E-14
   6535.37012       3.50000011E-14
   6535.45996       3.50000011E-14
   6535.54980       3.50000011E-14
   6535.64014       3.50000011E-14
   6535.72998       3.50000011E-14
   6535.81982       3.50000011E-14
   6535.91016       3.50000011E-14
   6536.00000       3.50000011E-14
   6536.08984       3.50000011E-14
   6536.18018       3.50000011E-14
   6536.27002       3.50000011E-14
   6536.35986       3.50000011E-14
   6536.45020       3.50000011E-14
   6536.54004       3.50000011E-14
   6536.62988       3.50000011E-14
   6536.72021       3.50000011E-14
   6536.81006       3.50000011E-14
   6536.89990       3.50000011E-14
   6536.99023       3.50000011E-14
   6537.08008       3.50000011E-14
   6537.16992       3.50000011E-14
   6537.25977       3.50000011E-14
   6537.35010       3.50000011E-14
   6537.43994       3.50000011E-14
   6537.52979       3.50000011E-14
   6537.62012       3.50000011E-14
   6537.70996       3.50000011E-14
   6537.79980       3.50000011E-14
   6537.89014       3.50000011E-14
   6537.97998       3.50000011E-14
   6538.06982       3.50000011E-14
   6538.16016       3.50000011E-14
   6538.25000       3.50000011E-14
   6538.33984       3.50000011E-14
   6538.43018       3.50000011E-14
   6538.52002       3.50000011E-14
   6538.60986       3.50000011E-14
   6538.70020       3.50000011E-14
   6538.79004       3.50000011E-14
   6538.87988       3.50000011E-14
   6538.97021       3.50000011E-14
   6539.06006       3.50000011E-14
   6539.14990       3.50000011E-14
   6539.24023       3.50000011E-14
   6539.33008       3.50000011E-14
   6539.41992       3.50000011E-14
   6539.50977       3.50000011E-14
   6539.60010       3.50000011E-14
   6539.68994       3.50000011E-14
   6539.77979       3.50000011E-14
   6539.87012       3.50000011E-14
   6539.95996       3.50000011E-14
   6540.04980       3.50000011E-14
   6540.14014       3.50000011E-14
   6540.22998       3.50000011E-14
   6540.31982       3.50000011E-14
   6540.41016       3.50000011E-14
   6540.50000       3.50000011E-14
   6540.58984       3.50000011E-14
   6540.68018       3.50000011E-14
   6540.77002       3.50000011E-14
   6540.85986       3.50000011E-14
   6540.95020       3.50000011E-14
   6541.04004       3.50000011E-14
   6541.12988       3.50000011E-14
   6541.22021       3.50000011E-14
   6541.31006       3.50000011E-14
   6541.39990       3.50000011E-14
   6541.49023       3.50000011E-14
   6541.58008       3.50000011E-14
   6541.66992       3.50000011E-14
   6541.75977       3.50000011E-14
   6541.85010       3.50000011E-14
   6541.93994       3.50000011E-14
   6542.02979       3.50000011E-14
   6542.12012       3.50000011E-14
   6542.20996       3.50000011E-14
   6542.29980       3.50000011E-14
   6542.39014       3.50000011E-14
   6542.47998       3.50000011E-14
   6542.56982       3.50000011E-14
   6542.66016       3.50000011E-14
   6542.75000       3.50000011E-14
   6542.83984       3.50000011E-14
   6542.93018       3.50000011E-14
   6543.02002       3.50000011E-14
   6543.10986       3.50000011E-14
   6543.20020       3.50000011E-14
   6543.29004       3.50000011E-14
   6543.37988       3.50000011E-14
   6543.47021       3.50000011E-14
   6543.56006       3.50000011E-14
   6543.64990       3.50000011E-14
   6543.74023       3.50000011E-14
   6543.83008       3.50000011E-14
   6543.91992       3.50000011E-14
   6544.00977       3.50000011E-14
   6544.10010       3.50000011E-14
   6544.18994       3.50000011E-14
   6544.27979       3.50000011E-14
   6544.37012       3.50000011E-14
   6544.45996       3.50000011E-14
   6544.54980       3.50000011E-14
   6544.64014       3.50000011E-14
   6544.72998       3.50000011E-14
   6544.81982       3.50000011E-14
   6544.91016       3.50000079E-14
   6545.00000       3.50000519E-14
   6545.08984       3.50003297E-14
   6545.18018       3.50019730E-14
   6545.27002       3.50105687E-14
   6545.35986       3.50512127E-14
   6545.45020       3.52261013E-14
   6545.54004       3.58949964E-14
   6545.62988       3.82027377E-14
   6545.72021       4.54244593E-14
   6545.81006       6.54702936E-14
   6545.89990       1.15515602E-13
   6545.99023       2.28196476E-13
   6546.08008       4.51989330E-13
   6546.16992       8.48637295E-13
   6546.25977       1.47021512E-12
   6546.35010       2.32885065E-12
   6546.43994       3.34001641E-12
   6546.52979       4.33989433E-12
   6546.62012       5.10722888E-12
   6546.70996       5.43163518E-12
   6546.79980       5.22685020E-12
   6546.89014       4.55256536E-12
   6546.97998       3.62084689E-12
   6547.06982       2.71317170E-12
   6547.16016       2.11292182E-12
   6547.25000       1.99908796E-12
   6547.33984       2.27793327E-12
   6547.43018       2.57295097E-12
   6547.52002       2.47332059E-12
   6547.60986       1.90564686E-12
   6547.70020       1.15303481E-12
   6547.79004       5.54675663E-13
   6547.87988       2.21971408E-13
   6547.97021       8.66231186E-14
   6548.06006       4.60886652E-14
   6548.14990       3.68419623E-14
   6548.24023       3.52340736E-14
   6548.33008       3.50233351E-14
   6548.41992       3.50018205E-14
   6548.50977       3.50001163E-14
   6548.60010       3.50000079E-14
   6548.68994       3.50000011E-14
   6548.77979       3.50000011E-14
   6548.87012       3.50000011E-14
   6548.95996       3.50000011E-14
   6549.04980       3.50000011E-14
   6549.14014       3.50000011E-14
   6549.22998       3.50000011E-14
   6549.31982       3.50000011E-14
   6549.41016       3.50000011E-14
   6549.50000       3.50000011E-14
   6549.58984       3.50000011E-14
   6549.68018       3.50000011E-14
   6549.77002       3.50000011E-14
   6549.85986       3.50000011E-14
   6549.95020       3.50000011E-14
   6550.04004       3.50000011E-14
   6550.12988       3.50000011E-14
   6550.22021       3.50000011E-14
   6550.31006       3.50000011E-14
   6550.39990       3.50000011E-14
   6550.49023       3.50000011E-14
   6550.58008       3.50000011E-14
   6550.66992       3.50000011E-14
   6550.75977       3.50000011E-14
   6550.85010       3.50000011E-14
   6550.93994       3.50000011E-14
   6551.02979       3.50000011E-14
   6551.12012       3.50000011E-14
   6551.20996       3.50000011E-14
   6551.29980       3.50000011E-14
   6551.39014       3.50000011E-14
   6551.47998       3.50000011E-14
   6551.56982       3.50000011E-14
   6551.66016       3.50000011E-14
   6551.75000       3.50000011E-14
   6551.83984       3.50000011E-14
   6551.93018       3.50000011E-14
   6552.02002       3.50000011E-14
   6552.10986       3.50000011E-14
   6552.20020       3.50000011E-14
   6552.29004       3.50000011E-14
   6552.37988       3.50000011E-14
   6552.47021       3.50000011E-14
   6552.56006       3.50000011E-14
   6552.64990       3.50000011E-14
   6552.74023       3.50000011E-14
   6552.83008       3.50000011E-14
   6552.91992       3.50000011E-14
   6553.00977       3.50000011E-14
   6553.10010       3.50000011E-14
   6553.18994       3.50000011E-14
   6553.27979       3.50000011E-14
   6553.37012       3.50000011E-14
   6553.45996       3.50000011E-14
   6553.54980       3.50000011E-14
   6553.64014       3.50000011E-14
   6553.72998       3.50000011E-14
   6553.81982       3.50000011E-14
   6553.91016       3.50000011E-14
   6554.00000       3.50000011E-14
   6554.08984       3.50000011E-14
   6554.18018       3.50000011E-14
   6554.27002       3.50000011E-14
   6554.35986       3.50000011E-14
   6554.45020       3.50000011E-14
   6554.54004       3.50000011E-14
   6554.62988       3.50000011E-14
   6554.72021       3.50000011E-14
   6554.81006       3.50000011E-14
   6554.89990       3.50000011E-14
   6554.99023       3.50000011E-14
   6555.08008       3.50000011E-14
   6555.16992       3.50000011E-14
   6555.25977       3.50000011E-14
   6555.35010       3.50000011E-14
   6555.43994       3.50000011E-14
   6555.52979       3.50000011E-14
   6555.62012       3.50000011E-14
   6555.70996       3.50000011E-14
   6555.79980       3.50000011E-14
   6555.89014       3.50000011E-14
   6555.97998       3.50000011E-14
   6556.06982       3.50000011E-14
   6556.16016       3.50000011E-14
   6556.25000       3.50000011E-14
   6556.33984       3.50000011E-14
   6556.43018       3.50000011E-14
   6556.52002       3.50000045E-14
   6556.60986       3.50000112E-14
   6556.70020       3.50000417E-14
   6556.79004       3.50001400E-14
   6556.87988       3.50004483E-14
   6556.97021       3.50014038E-14
   6557.06006       3.50041753E-14
   6557.14990       3.50118833E-14
   6557.24023       3.50325034E-14
   6557.33008       3.50845350E-14
   6557.41992       3.52102245E-14
   6557.50977       3.54998657E-14
   6557.60010       3.61413915E-14
   6557.68994       3.74805676E-14
   6557.77979       4.01545523E-14
   6557.87012       4.52783461E-14
   6557.95996       5.45212170E-14
   6558.04980       7.04499122E-14
   6558.14014       9.67300784E-14
   6558.22998       1.37458567E-13
   6558.31982       1.97601402E-13
   6558.41016       2.82261139E-13
   6558.50000       3.93653507E-13
   6558.58984       5.32415041E-13
   6558.68018       6.95541552E-13
   6558.77002       8.72311717E-13
   6558.85986       1.04984272E-12
   6558.95020       1.21187327E-12
   6559.04004       1.33872069E-12
   6559.12988       1.41590526E-12
   6559.22021       1.43344234E-12
   6559.31006       1.38883946E-12
   6559.39990       1.28818256E-12
   6559.49023       1.14326766E-12
   6559.58008       9.72637877E-13
   6559.66992       7.93490436E-13
   6559.75977       6.21664287E-13
   6559.85010       4.68100222E-13
   6559.93994       3.41176035E-13
   6560.02979       2.41956222E-13
   6560.12012       1.68421822E-13
   6560.20996       1.17428514E-13
   6560.29980       8.36914359E-14
   6560.39014       6.24126402E-14
   6560.47998       4.98002518E-14
   6560.56982       4.26403297E-14
   6560.66016       3.87562974E-14
   6560.75000       3.67723362E-14
   6560.83984       3.57995731E-14
   6560.93018       3.53432866E-14
   6561.02002       3.51415504E-14
   6561.10986       3.50558070E-14
   6561.20020       3.50209262E-14
   6561.29004       3.50075397E-14
   6561.37988       3.50025998E-14
   6561.47021       3.50008515E-14
   6561.56006       3.50002687E-14
   6561.64990       3.50000824E-14
   6561.74023       3.50000248E-14
   6561.83008       3.50000079E-14
   6561.91992       3.50000011E-14
   6562.00977       3.50000011E-14
   6562.10010       3.50000011E-14
   6562.18994       3.50000011E-14
   6562.27979       3.50000011E-14
   6562.37012       3.50000011E-14
   6562.45996       3.50000011E-14
   6562.54980       3.50000011E-14
   6562.64014       3.50000011E-14
   6562.72998       3.50000011E-14
   6562.81982       3.50000011E-14
   6562.91016       3.50000011E-14
   6563.00000       3.50000011E-14
   6563.08984       3.50000011E-14
   6563.18018       3.50000011E-14
   6563.27002       3.50000011E-14
   6563.35986       3.50000011E-14
   6563.45020       3.50000011E-14
   6563.54004       3.50000011E-14
   6563.62988       3.50000011E-14
   6563.72021       3.50000011E-14
   6563.81006       3.50000011E-14
   6563.89990       3.50000011E-14
   6563.99023       3.50000011E-14
   6564.08008       3.50000011E-14
   6564.16992       3.50000011E-14
   6564.25977       3.50000011E-14
   6564.35010       3.50000011E-14
   6564.43994       3.50000011E-14
   6564.52979       3.50000011E-14
   6564.62012       3.50000011E-14
   6564.70996       3.50000011E-14
   6564.79980       3.50000011E-14
   6564.89014       3.50000011E-14
   6564.97998       3.50000011E-14
   6565.06982       3.50000011E-14
   6565.16016       3.50000011E-14
   6565.25000       3.50000011E-14
   6565.33984       3.50000011E-14
   6565.43018       3.50000011E-14
   6565.52002       3.50000011E-14
   6565.60986       3.50000011E-14
   6565.70020       3.50000011E-14
   6565.79004       3.50000011E-14
   6565.87988       3.50000011E-14
   6565.97021       3.50000011E-14
   6566.06006       3.50000011E-14
   6566.14990       3.50000011E-14
   6566.24023       3.50000011E-14
   6566.33008       3.50000011E-14
   6566.41992       3.50000011E-14
   6566.50977       3.50000011E-14
   6566.60010       3.50000011E-14
   6566.68994       3.50000011E-14
   6566.77979       3.50000011E-14
   6566.87012       3.50000011E-14
   6566.95996       3.50000011E-14
   6567.04980       3.50000011E-14
   6567.14014       3.50000011E-14
   6567.22998       3.50000011E-14
   6567.31982       3.50000011E-14
   6567.41016       3.50000011E-14
   6567.50000       3.50000011E-14
   6567.58984       3.50000011E-14
   6567.68018       3.50000011E-14
   6567.77002       3.50000011E-14
   6567.85986       3.50000011E-14
   6567.95020       3.50000011E-14
   6568.04004       3.50000011E-14
   6568.12988       3.50000011E-14
   6568.22021       3.50000011E-14
   6568.31006       3.50000011E-14
   6568.39990       3.50000011E-14
   6568.49023       3.50000011E-14
   6568.58008       3.50000011E-14
   6568.66992       3.50000011E-14
   6568.75977       3.50000011E-14
   6568.85010       3.50000011E-14
   6568.93994       3.50000011E-14
   6569.02979       3.50000011E-14
   6569.12012       3.50000011E-14
   6569.20996       3.50000011E-14
   6569.29980       3.50000011E-14
   6569.39014       3.50000011E-14
   6569.47998       3.50000011E-14
   6569.56982       3.50000011E-14
   6569.66016       3.50000011E-14
   6569.75000       3.50000011E-14
   6569.83984       3.50000011E-14
   6569.93018       3.50000011E-14
   6570.02002       3.50000011E-14
   6570.10986       3.50000011E-14
   6570.20020       3.50000011E-14
   6570.29004       3.50000011E-14
   6570.37988       3.50000011E-14
   6570.47021       3.50000011E-14
   6570.56006       3.50000011E-14
   6570.64990       3.50000011E-14
   6570.74023       3.50000011E-14
   6570.83008       3.50000011E-14
   6570.91992       3.50000011E-14
   6571.00977       3.50000011E-14
   6571.10010       3.50000011E-14
   6571.18994       3.50000011E-14
   6571.27979       3.50000011E-14
   6571.37012       3.50000011E-14
   6571.45996       3.50000011E-14
   6571.54980       3.50000011E-14
   6571.64014       3.50000011E-14
   6571.72998       3.50000011E-14
   6571.81982       3.50000011E-14
   6571.91016       3.50000011E-14
   6572.00000       3.50000011E-14
   6572.08984       3.50000011E-14
   6572.18018       3.50000011E-14
   6572.27002       3.50000011E-14
   6572.35986       3.50000011E-14
   6572.45020       3.50000011E-14
   6572.54004       3.50000011E-14
   6572.62988       3.50000011E-14
   6572.72021       3.50000011E-14
   6572.81006       3.50000011E-14
   6572.89990       3.50000011E-14
   6572.99023       3.50000011E-14
   6573.08008       3.50000011E-14
   6573.16992       3.50000011E-14
   6573.25977       3.50000011E-14
   6573.35010       3.50000011E-14
   6573.43994       3.50000011E-14
   6573.52979       3.50000011E-14
   6573.62012       3.50000011E-14
   6573.70996       3.50000011E-14
   6573.79980       3.50000011E-14
   6573.89014       3.50000011E-14
   6573.97998       3.50000011E-14
   6574.06982       3.50000011E-14
   6574.16016       3.50000011E-14
   6574.25000       3.50000011E-14
   6574.33984       3.50000011E-14
   6574.43018       3.50000011E-14
   6574.52002       3.50000011E-14
   6574.60986       3.50000011E-14
   6574.70020       3.50000011E-14
   6574.79004       3.50000011E-14
   6574.87988       3.50000011E-14
   6574.97021       3.50000011E-14
   6575.06006       3.50000011E-14
   6575.14990       3.50000011E-14
   6575.24023       3.50000011E-14
   6575.33008       3.50000011E-14
   6575.41992       3.50000011E-14
   6575.50977       3.50000011E-14
   6575.60010       3.50000011E-14
   6575.68994       3.50000011E-14
   6575.77979       3.50000011E-14
   6575.87012       3.50000011E-14
   6575.95996       3.50000011E-14
   6576.04980       3.50000011E-14
   6576.14014       3.50000011E-14
   6576.22998       3.50000011E-14
   6576.31982       3.50000011E-14
   6576.41016       3.50000011E-14
   6576.50000       3.50000011E-14
   6576.58984       3.50000011E-14
   6576.68018       3.50000011E-14
   6576.77002       3.50000011E-14
   6576.85986       3.50000011E-14
   6576.95020       3.50000011E-14
   6577.04004       3.50000011E-14
   6577.12988       3.50000011E-14
   6577.22021       3.50000011E-14
   6577.31006       3.50000011E-14
   6577.39990       3.50000011E-14
   6577.49023       3.50000011E-14
   6577.58008       3.50000011E-14
   6577.66992       3.50000011E-14
   6577.75977       3.50000011E-14
   6577.85010       3.50000011E-14
   6577.93994       3.50000011E-14
   6578.02979       3.50000011E-14
   6578.12012       3.50000011E-14
   6578.20996       3.50000011E-14
   6578.29980       3.50000011E-14
   6578.39014       3.50000011E-14
   6578.47998       3.50000011E-14
   6578.56982       3.50000011E-14
   6578.66016       3.50000011E-14
   6578.75000       3.50000011E-14
   6578.83984       3.50000011E-14
   6578.93018       3.50000011E-14
   6579.02002       3.50000011E-14
   6579.10986       3.50000011E-14
   6579.20020       3.50000011E-14
   6579.29004       3.50000011E-14
   6579.37988       3.50000011E-14
   6579.47021       3.50000011E-14
   6579.56006       3.50000011E-14
   6579.64990       3.50000011E-14
   6579.74023       3.50000011E-14
   6579.83008       3.50000011E-14
   6579.91992       3.50000011E-14
   6580.00977       3.50000011E-14
   6580.10010       3.50000011E-14
   6580.18994       3.50000011E-14
   6580.27979       3.50000112E-14
   6580.37012       3.50000892E-14
   6580.45996       3.50005906E-14
   6580.54980       3.50036128E-14
   6580.64014       3.50202113E-14
   6580.72998       3.51012757E-14
   6580.81982       3.54587812E-14
   6580.91016       3.68927741E-14
   6581.00000       4.20036862E-14
   6581.08984       5.84279803E-14
   6581.18018       1.06255052E-13
   6581.27002       2.29691158E-13
   6581.35986       5.15902425E-13
   6581.45020       1.11326237E-12
   6581.54004       2.21049264E-12
   6581.62988       4.00299368E-12
   6581.72021       6.59381317E-12
   6581.81006       9.80649329E-12
   6581.89990       1.31956382E-11
   6581.99023       1.60718331E-11
   6582.08008       1.76776267E-11
   6582.16992       1.75833549E-11
   6582.25977       1.58269994E-11
   6582.35010       1.29277353E-11
   6582.43994       9.79590020E-12
   6582.52979       7.39198286E-12
   6582.62012       6.46081105E-12
   6582.70996       7.05046655E-12
   6582.79980       8.17570490E-12
   6582.89014       8.37970665E-12
   6582.97998       6.95726506E-12
   6583.06982       4.54512686E-12
   6583.16016       2.30927191E-12
   6583.25000       9.25902367E-13
   6583.33984       3.04936117E-13
   6583.43018       9.76929177E-14
   6583.52002       4.63396716E-14
   6583.60986       3.65870596E-14
   6583.70020       3.51700311E-14
   6583.79004       3.50143668E-14
   6583.87988       3.50009633E-14
   6583.97021       3.50000553E-14
   6584.06006       3.50000045E-14
   6584.14990       3.50000011E-14
   6584.24023       3.50000011E-14
   6584.33008       3.50000011E-14
   6584.41992       3.50000011E-14
   6584.50977       3.50000011E-14
   6584.60010       3.50000011E-14
   6584.68994       3.50000011E-14
   6584.77979       3.50000011E-14
   6584.87012       3.50000011E-14
   6584.95996       3.50000011E-14
   6585.04980       3.50000011E-14
   6585.14014       3.50000011E-14
   6585.22998       3.50000011E-14
   6585.31982       3.50000011E-14
   6585.41016       3.50000011E-14
   6585.50000       3.50000011E-14
   6585.58984       3.50000011E-14
   6585.68018       3.50000011E-14
   6585.77002       3.50000011E-14
   6585.85986       3.50000011E-14
   6585.95020       3.50000011E-14
   6586.04004       3.50000011E-14
   6586.12988       3.50000011E-14
   6586.22021       3.50000011E-14
   6586.31006       3.50000011E-14
   6586.39990       3.50000011E-14
   6586.49023       3.50000011E-14
   6586.58008       3.50000011E-14
   6586.66992       3.50000011E-14
   6586.75977       3.50000011E-14
   6586.85010       3.50000011E-14
   6586.93994       3.50000011E-14
   6587.02979       3.50000011E-14
   6587.12012       3.50000011E-14
   6587.20996       3.50000011E-14
   6587.29980       3.50000011E-14
   6587.39014       3.50000011E-14
   6587.47998       3.50000011E-14
   6587.56982       3.50000011E-14
   6587.66016       3.50000011E-14
   6587.75000       3.50000011E-14
   6587.83984       3.50000011E-14
   6587.93018       3.50000011E-14
   6588.02002       3.50000011E-14
   6588.10986       3.50000011E-14
   6588.20020       3.50000011E-14
   6588.29004       3.50000011E-14
   6588.37988       3.50000011E-14
   6588.47021       3.50000011E-14
   6588.56006       3.50000011E-14
   6588.64990       3.50000011E-14
   6588.74023       3.50000011E-14
   6588.83008       3.50000011E-14
   6588.91992       3.50000011E-14
   6589.00977       3.50000011E-14
   6589.10010       3.50000011E-14
   6589.18994       3.50000011E-14
   6589.27979       3.50000011E-14
   6589.37012       3.50000011E-14
   6589.45996       3.50000011E-14
   6589.54980       3.50000011E-14
   6589.64014       3.50000011E-14
   6589.72998       3.50000011E-14
   6589.81982       3.50000011E-14
   6589.91016       3.50000011E-14
   6590.00000       3.50000011E-14
