   6500.08984       3.50000011E-14
   6500.18018       3.50000011E-14
   6500.27002       3.50000011E-14
   6500.35986       3.50000011E-14
   6500.45020       3.50000011E-14
   6500.54004       3.50000011E-14
   6500.62988       3.50000011E-14
   6500.72021       3.50000011E-14
   6500.81006       3.50000011E-14
   6500.89990       3.50000011E-14
   6500.99023       3.50000011E-14
   6501.08008       3.50000011E-14
   6501.16992       3.50000011E-14
   6501.25977       3.50000011E-14
   6501.35010       3.50000011E-14
   6501.43994       3.50000011E-14
   6501.52979       3.50000011E-14
   6501.62012       3.50000011E-14
   6501.70996       3.50000011E-14
   6501.79980       3.50000011E-14
   6501.89014       3.50000011E-14
   6501.97998       3.50000011E-14
   6502.06982       3.50000011E-14
   6502.16016       3.50000011E-14
   6502.25000       3.50000011E-14
   6502.33984       3.50000011E-14
   6502.43018       3.50000011E-14
   6502.52002       3.50000011E-14
   6502.60986       3.50000011E-14
   6502.70020       3.50000011E-14
   6502.79004       3.50000011E-14
   6502.87988       3.50000011E-14
   6502.97021       3.50000011E-14
   6503.06006       3.50000011E-14
   6503.14990       3.50000011E-14
   6503.24023       3.50000011E-14
   6503.33008       3.50000011E-14
   6503.41992       3.50000011E-14
   6503.50977       3.50000011E-14
   6503.60010       3.50000011E-14
   6503.68994       3.50000011E-14
   6503.77979       3.50000011E-14
   6503.87012       3.50000011E-14
   6503.95996       3.50000011E-14
   6504.04980       3.50000011E-14
   6504.14014       3.50000011E-14
   6504.22998       3.50000011E-14
   6504.31982       3.50000011E-14
   6504.41016       3.50000011E-14
   6504.50000       3.50000011E-14
   6504.58984       3.50000011E-14
   6504.68018       3.50000011E-14
   6504.77002       3.50000011E-14
   6504.85986       3.50000011E-14
   6504.95020       3.50000011E-14
   6505.04004       3.50000011E-14
   6505.12988       3.50000011E-14
   6505.22021       3.50000011E-14
   6505.31006       3.50000011E-14
   6505.39990       3.50000011E-14
   6505.49023       3.50000011E-14
   6505.58008       3.50000011E-14
   6505.66992       3.50000011E-14
   6505.75977       3.50000011E-14
   6505.85010       3.50000011E-14
   6505.93994       3.50000011E-14
   6506.02979       3.50000011E-14
   6506.12012       3.50000011E-14
   6506.20996       3.50000011E-14
   6506.29980       3.50000011E-14
   6506.39014       3.50000011E-14
   6506.47998       3.50000011E-14
   6506.56982       3.50000011E-14
   6506.66016       3.50000011E-14
   6506.75000       3.50000011E-14
   6506.83984       3.50000011E-14
   6506.93018       3.50000011E-14
   6507.02002       3.50000011E-14
   6507.10986       3.50000011E-14
   6507.20020       3.50000011E-14
   6507.29004       3.50000011E-14
   6507.37988       3.50000011E-14
   6507.47021       3.50000011E-14
   6507.56006       3.50000011E-14
   6507.64990       3.50000011E-14
   6507.74023       3.50000011E-14
   6507.83008       3.50000011E-14
   6507.91992       3.50000011E-14
   6508.00977       3.50000011E-14
   6508.10010       3.50000011E-14
   6508.18994       3.50000011E-14
   6508.27979       3.50000011E-14
   6508.37012       3.50000011E-14
   6508.45996       3.50000011E-14
   6508.54980       3.50000011E-14
   6508.64014       3.50000011E-14
   6508.72998       3.50000011E-14
   6508.81982       3.50000011E-14
   6508.91016       3.50000011E-14
   6509.00000       3.50000011E-14
   6509.08984       3.50000011E-14
   6509.18018       3.50000011E-14
   6509.27002       3.50000011E-14
   6509.35986       3.50000011E-14
   6509.45020       3.50000011E-14
   6509.54004       3.50000011E-14
   6509.62988       3.50000011E-14
   6509.72021       3.50000011E-14
   6509.81006       3.50000011E-14
   6509.89990       3.50000011E-14
   6509.99023       3.50000011E-14
   6510.08008       3.50000011E-14
   6510.16992       3.50000011E-14
   6510.25977       3.50000011E-14
   6510.35010       3.50000011E-14
   6510.43994       3.50000011E-14
   6510.52979       3.50000011E-14
   6510.62012       3.50000011E-14
   6510.70996       3.50000011E-14
   6510.79980       3.50000011E-14
   6510.89014       3.50000011E-14
   6510.97998       3.50000011E-14
   6511.06982       3.50000011E-14
   6511.16016       3.50000011E-14
   6511.25000       3.50000011E-14
   6511.33984       3.50000011E-14
   6511.43018       3.50000011E-14
   6511.52002       3.50000011E-14
   6511.60986       3.50000011E-14
   6511.70020       3.50000011E-14
   6511.79004       3.50000011E-14
   6511.87988       3.50000011E-14
   6511.97021       3.50000011E-14
   6512.06006       3.50000011E-14
   6512.14990       3.50000011E-14
   6512.24023       3.50000011E-14
   6512.33008       3.50000011E-14
   6512.41992       3.50000011E-14
   6512.50977       3.50000011E-14
   6512.60010       3.50000011E-14
   6512.68994       3.50000011E-14
   6512.77979       3.50000011E-14
   6512.87012       3.50000011E-14
   6512.95996       3.50000011E-14
   6513.04980       3.50000011E-14
   6513.14014       3.50000011E-14
   6513.22998       3.50000011E-14
   6513.31982       3.50000011E-14
   6513.41016       3.50000011E-14
   6513.50000       3.50000011E-14
   6513.58984       3.50000011E-14
   6513.68018       3.50000011E-14
   6513.77002       3.50000011E-14
   6513.85986       3.50000011E-14
   6513.95020       3.50000011E-14
   6514.04004       3.50000011E-14
   6514.12988       3.50000011E-14
   6514.22021       3.50000011E-14
   6514.31006       3.50000011E-14
   6514.39990       3.50000011E-14
   6514.49023       3.50000011E-14
   6514.58008       3.50000011E-14
   6514.66992       3.50000011E-14
   6514.75977       3.50000011E-14
   6514.85010       3.50000011E-14
   6514.93994       3.50000011E-14
   6515.02979       3.50000011E-14
   6515.12012       3.50000011E-14
   6515.20996       3.50000011E-14
   6515.29980       3.50000011E-14
   6515.39014       3.50000011E-14
   6515.47998       3.50000011E-14
   6515.56982       3.50000011E-14
   6515.66016       3.50000011E-14
   6515.75000       3.50000011E-14
   6515.83984       3.50000011E-14
   6515.93018       3.50000011E-14
   6516.02002       3.50000011E-14
   6516.10986       3.50000011E-14
   6516.20020       3.50000011E-14
   6516.29004       3.50000011E-14
   6516.37988       3.50000011E-14
   6516.47021       3.50000011E-14
   6516.56006       3.50000011E-14
   6516.64990       3.50000011E-14
   6516.74023       3.50000011E-14
   6516.83008       3.50000011E-14
   6516.91992       3.50000011E-14
   6517.00977       3.50000011E-14
   6517.10010       3.50000011E-14
   6517.18994       3.50000011E-14
   6517.27979       3.50000011E-14
   6517.37012       3.50000011E-14
   6517.45996       3.50000011E-14
   6517.54980       3.50000011E-14
   6517.64014       3.50000011E-14
   6517.72998       3.50000011E-14
   6517.81982       3.50000011E-14
   6517.91016       3.50000011E-14
   6518.00000       3.50000011E-14
   6518.08984       3.50000011E-14
   6518.18018       3.50000011E-14
   6518.27002       3.50000011E-14
   6518.35986       3.50000011E-14
   6518.45020       3.50000011E-14
   6518.54004       3.50000011E-14
   6518.62988       3.50000011E-14
   6518.72021       3.50000011E-14
   6518.81006       3.50000011E-14
   6518.89990       3.50000011E-14
   6518.99023       3.50000011E-14
   6519.08008       3.50000011E-14
   6519.16992       3.50000011E-14
   6519.25977       3.50000011E-14
   6519.35010       3.50000011E-14
   6519.43994       3.50000011E-14
   6519.52979       3.50000011E-14
   6519.62012       3.50000011E-14
   6519.70996       3.50000011E-14
   6519.79980       3.50000011E-14
   6519.89014       3.50000011E-14
   6519.97998       3.50000011E-14
   6520.06982       3.50000011E-14
   6520.16016       3.50000011E-14
   6520.25000       3.50000011E-14
   6520.33984       3.50000011E-14
   6520.43018       3.50000011E-14
   6520.52002       3.50000011E-14
   6520.60986       3.50000011E-14
   6520.70020       3.50000011E-14
   6520.79004       3.50000011E-14
   6520.87988       3.50000011E-14
   6520.97021       3.50000011E-14
   6521.06006       3.50000011E-14
   6521.14990       3.50000011E-14
   6521.24023       3.50000011E-14
   6521.33008       3.50000011E-14
   6521.41992       3.50000011E-14
   6521.50977       3.50000011E-14
   6521.60010       3.50000011E-14
   6521.68994       3.50000011E-14
   6521.77979       3.50000011E-14
   6521.87012       3.50000011E-14
   6521.95996       3.50000011E-14
   6522.04980       3.50000011E-14
   6522.14014       3.50000011E-14
   6522.22998       3.50000011E-14
   6522.31982       3.50000011E-14
   6522.41016       3.50000011E-14
   6522.50000       3.50000011E-14
   6522.58984       3.50000011E-14
   6522.68018       3.50000011E-14
   6522.77002       3.50000011E-14
   6522.85986       3.50000011E-14
   6522.95020       3.50000011E-14
   6523.04004       3.50000011E-14
   6523.12988       3.50000011E-14
   6523.22021       3.50000011E-14
   6523.31006       3.50000011E-14
   6523.39990       3.50000011E-14
   6523.49023       3.50000011E-14
   6523.58008       3.50000045E-14
   6523.66992       3.50000045E-14
   6523.75977       3.50000079E-14
   6523.85010       3.50000214E-14
   6523.93994       3.50000587E-14
   6524.02979       3.50001705E-14
   6524.12012       3.50004856E-14
   6524.20996       3.50013360E-14
   6524.29980       3.50035213E-14
   6524.39014       3.50089288E-14
   6524.47998       3.50215462E-14
   6524.56982       3.50497117E-14
   6524.66016       3.51101357E-14
   6524.75000       3.52322812E-14
   6524.83984       3.54684171E-14
   6524.93018       3.59063026E-14
   6525.02002       3.66704619E-14
   6525.10986       3.79439149E-14
   6525.20020       3.99741309E-14
   6525.29004       4.30121569E-14
   6525.37988       4.73397499E-14
   6525.47021       5.32074080E-14
   6525.56006       6.06299882E-14
   6525.64990       6.94963564E-14
   6525.74023       7.94492917E-14
   6525.83008       8.96805552E-14
   6525.91992       9.93169577E-14
   6526.00977       1.07334050E-13
   6526.10010       1.12804148E-13
   6526.18994       1.14976659E-13
   6526.27979       1.13604642E-13
   6526.37012       1.08834247E-13
   6526.45996       1.01326364E-13
   6526.54980       9.19690485E-14
   6526.64014       8.17302836E-14
   6526.72998       7.16855096E-14
   6526.81982       6.25369168E-14
   6526.91016       5.47253418E-14
   6527.00000       4.85328330E-14
   6527.08984       4.38772316E-14
   6527.18018       4.05531186E-14
   6527.27002       3.83294335E-14
   6527.35986       3.69086645E-14
   6527.45020       3.60426648E-14
   6527.54004       3.55463339E-14
   6527.62988       3.52737249E-14
   6527.72021       3.51306000E-14
   6527.81006       3.50598253E-14
   6527.89990       3.50262184E-14
   6527.99023       3.50109515E-14
   6528.08008       3.50044124E-14
   6528.16992       3.50017223E-14
   6528.25977       3.50006685E-14
   6528.35010       3.50002721E-14
   6528.43994       3.50001366E-14
   6528.52979       3.50000926E-14
   6528.62012       3.50000790E-14
   6528.70996       3.50000790E-14
   6528.79980       3.50000824E-14
   6528.89014       3.50000892E-14
   6528.97998       3.50000926E-14
   6529.06982       3.50000993E-14
   6529.16016       3.50001061E-14
   6529.25000       3.50001129E-14
   6529.33984       3.50001197E-14
   6529.43018       3.50001264E-14
   6529.52002       3.50001332E-14
   6529.60986       3.50001434E-14
   6529.70020       3.50001502E-14
   6529.79004       3.50001603E-14
   6529.87988       3.50001705E-14
   6529.97021       3.50001807E-14
   6530.06006       3.50001908E-14
   6530.14990       3.50002044E-14
   6530.24023       3.50002179E-14
   6530.33008       3.50002281E-14
   6530.41992       3.50002450E-14
   6530.50977       3.50002586E-14
   6530.60010       3.50002755E-14
   6530.68994       3.50002891E-14
   6530.77979       3.50003094E-14
   6530.87012       3.50003263E-14
   6530.95996       3.50003467E-14
   6531.04980       3.50003670E-14
   6531.14014       3.50003907E-14
   6531.22998       3.50004110E-14
   6531.31982       3.50004381E-14
   6531.41016       3.50004619E-14
   6531.50000       3.50004890E-14
   6531.58984       3.50005195E-14
   6531.68018       3.50005500E-14
   6531.77002       3.50005838E-14
   6531.85986       3.50006177E-14
   6531.95020       3.50006516E-14
   6532.04004       3.50006923E-14
   6532.12988       3.50007295E-14
   6532.22021       3.50007736E-14
   6532.31006       3.50008176E-14
   6532.39990       3.50008651E-14
   6532.49023       3.50009159E-14
   6532.58008       3.50009701E-14
   6532.66992       3.50010243E-14
   6532.75977       3.50010853E-14
   6532.85010       3.50011463E-14
   6532.93994       3.50012140E-14
   6533.02979       3.50012818E-14
   6533.12012       3.50013563E-14
   6533.20996       3.50014343E-14
   6533.29980       3.50015190E-14
   6533.39014       3.50016071E-14
   6533.47998       3.50016985E-14
   6533.56982       3.50017968E-14
   6533.66016       3.50019018E-14
   6533.75000       3.50020102E-14
   6533.83984       3.50021288E-14
   6533.93018       3.50022542E-14
   6534.02002       3.50023863E-14
   6534.10986       3.50025252E-14
   6534.20020       3.50026743E-14
   6534.29004       3.50028336E-14
   6534.37988       3.50030030E-14
   6534.47021       3.50031859E-14
   6534.56006       3.50033790E-14
   6534.64990       3.50035857E-14
   6534.74023       3.50038093E-14
   6534.83008       3.50040465E-14
   6534.91992       3.50043006E-14
   6535.00977       3.50045751E-14
   6535.10010       3.50048698E-14
   6535.18994       3.50051883E-14
   6535.27979       3.50055305E-14
   6535.37012       3.50059032E-14
   6535.45996       3.50063030E-14
   6535.54980       3.50067367E-14
   6535.64014       3.50072110E-14
   6535.72998       3.50077226E-14
   6535.81982       3.50082783E-14
   6535.91016       3.50088848E-14
   6536.00000       3.50095454E-14
   6536.08984       3.50102671E-14
   6536.18018       3.50110566E-14
   6536.27002       3.50119171E-14
   6536.35986       3.50128557E-14
   6536.45020       3.50138924E-14
   6536.54004       3.50150207E-14
   6536.62988       3.50162607E-14
   6536.72021       3.50176295E-14
   6536.81006       3.50191203E-14
   6536.89990       3.50207602E-14
   6536.99023       3.50225728E-14
   6537.08008       3.50245549E-14
   6537.16992       3.50267301E-14
   6537.25977       3.50291255E-14
   6537.35010       3.50317716E-14
   6537.43994       3.50346651E-14
   6537.52979       3.50378465E-14
   6537.62012       3.50413634E-14
   6537.70996       3.50452055E-14
   6537.79980       3.50494271E-14
   6537.89014       3.50540892E-14
   6537.97998       3.50591782E-14
   6538.06982       3.50647618E-14
   6538.16016       3.50709181E-14
   6538.25000       3.50776300E-14
   6538.33984       3.50849822E-14
   6538.43018       3.50930731E-14
   6538.52002       3.51018754E-14
   6538.60986       3.51115011E-14
   6538.70020       3.51220687E-14
   6538.79004       3.51335409E-14
   6538.87988       3.51460533E-14
   6538.97021       3.51597583E-14
   6539.06006       3.51746017E-14
   6539.14990       3.51907393E-14
   6539.24023       3.52083780E-14
   6539.33008       3.52274193E-14
   6539.41992       3.52480699E-14
   6539.50977       3.52704418E-14
   6539.60010       3.52947923E-14
   6539.68994       3.53209791E-14
   6539.77979       3.53492633E-14
   6539.87012       3.53799496E-14
   6539.95996       3.54128449E-14
   6540.04980       3.54482611E-14
   6540.14014       3.54865571E-14
   6540.22998       3.55274790E-14
   6540.31982       3.55713858E-14
   6540.41016       3.56187078E-14
   6540.50000       3.56690961E-14
   6540.58984       3.57229708E-14
   6540.68018       3.57808299E-14
   6540.77002       3.58422263E-14
   6540.85986       3.59076375E-14
   6540.95020       3.59776330E-14
   6541.04004       3.60516331E-14
   6541.12988       3.61301870E-14
   6541.22021       3.62139348E-14
   6541.31006       3.63021482E-14
   6541.39990       3.63954370E-14
   6541.49023       3.64945162E-14
   6541.58008       3.65984776E-14
   6541.66992       3.67079990E-14
   6541.75977       3.68232259E-14
   6541.85010       3.69449717E-14
   6541.93994       3.70720470E-14
   6542.02979       3.72052175E-14
   6542.12012       3.73453540E-14
   6542.20996       3.74910369E-14
   6542.29980       3.76430827E-14
   6542.39014       3.78024231E-14
   6542.47998       3.79673845E-14
   6542.56982       3.81388274E-14
   6542.66016       3.83177410E-14
   6542.75000       3.85021706E-14
   6542.83984       3.86930207E-14
   6542.93018       3.88913145E-14
   6543.02002       3.90948226E-14
   6543.10986       3.93044768E-14
   6543.20020       3.95213274E-14
   6543.29004       3.97428570E-14
   6543.37988       3.99700245E-14
   6543.47021       4.02038835E-14
   6543.56006       4.04416491E-14
   6543.64990       4.06842935E-14
   6543.74023       4.09328536E-14
   6543.83008       4.11843072E-14
   6543.91992       4.14396165E-14
   6544.00977       4.16983851E-14
   6544.10010       4.19616192E-14
   6544.18994       4.22260290E-14
   6544.27979       4.24925496E-14
   6544.37012       4.27621466E-14
   6544.45996       4.30313811E-14
   6544.54980       4.33011645E-14
   6544.64014       4.35724048E-14
   6544.72998       4.38415851E-14
   6544.81982       4.41095829E-14
   6544.91016       4.43772352E-14
   6545.00000       4.46410588E-14
   6545.08984       4.49020805E-14
   6545.18018       4.51621840E-14
   6545.27002       4.54235208E-14
   6545.35986       4.57119660E-14
   6545.45020       4.61303833E-14
   6545.54004       4.70352652E-14
   6545.62988       4.95721763E-14
   6545.72021       5.70168234E-14
   6545.81006       7.72763269E-14
   6545.89990       1.27526706E-13
   6545.99023       2.40404539E-13
   6546.08008       4.64383577E-13
   6546.16992       8.61207535E-13
   6546.25977       1.48295070E-12
   6546.35010       2.34174138E-12
   6546.43994       3.35304961E-12
   6546.52979       4.35305828E-12
   6546.62012       5.12051209E-12
   6546.70996       5.44502377E-12
   6546.79980       5.24033204E-12
   6546.89014       4.56612742E-12
   6546.97998       3.63447597E-12
   6547.06982       2.72685412E-12
   6547.16016       2.12664456E-12
   6547.25000       2.01283738E-12
   6547.33984       2.29169570E-12
   6547.43018       2.58671318E-12
   6547.52002       2.48706936E-12
   6547.60986       1.91936874E-12
   6547.70020       1.16671701E-12
   6547.79004       5.68305602E-13
   6547.87988       2.35536688E-13
   6547.97021       1.00111204E-13
   6548.06006       5.94882623E-14
   6548.14990       5.01417619E-14
   6548.24023       4.84225866E-14
   6548.33008       4.80907428E-14
   6548.41992       4.79382294E-14
   6548.50977       4.77961617E-14
   6548.60010       4.76460404E-14
   6548.68994       4.74885769E-14
   6548.77979       4.73234733E-14
   6548.87012       4.71503906E-14
   6548.95996       4.69718225E-14
   6549.04980       4.67874911E-14
   6549.14014       4.65970002E-14
   6549.22998       4.64030534E-14
   6549.31982       4.62052949E-14
   6549.41016       4.60032742E-14
   6549.50000       4.57998168E-14
   6549.58984       4.55944893E-14
   6549.68018       4.53867934E-14
   6549.77002       4.51795990E-14
   6549.85986       4.49723910E-14
   6549.95020       4.47646409E-14
   6550.04004       4.45591677E-14
   6550.12988       4.43554021E-14
   6550.22021       4.41527816E-14
   6550.31006       4.39540135E-14
   6550.39990       4.37584742E-14
   6550.49023       4.35655879E-14
   6550.58008       4.33778752E-14
   6550.66992       4.31946891E-14
   6550.75977       4.30163954E-14
   6550.85010       4.28424216E-14
   6550.93994       4.26749632E-14
   6551.02979       4.25133561E-14
   6551.12012       4.23570277E-14
   6551.20996       4.22079025E-14
   6551.29980       4.20653130E-14
   6551.39014       4.19287204E-14
   6551.47998       4.17997410E-14
   6551.56982       4.16777412E-14
   6551.66016       4.15622059E-14
   6551.75000       4.14544531E-14
   6551.83984       4.13538798E-14
   6551.93018       4.12600184E-14
   6552.02002       4.11738819E-14
   6552.10986       4.10949215E-14
   6552.20020       4.10227238E-14
   6552.29004       4.09580071E-14
   6552.37988       4.09002869E-14
   6552.47021       4.08492074E-14
   6552.56006       4.08052159E-14
   6552.64990       4.07678957E-14
   6552.74023       4.07369654E-14
   6552.83008       4.07126115E-14
   6552.91992       4.06944986E-14
   6553.00977       4.06824673E-14
   6553.10010       4.06763280E-14
   6553.18994       4.06759722E-14
   6553.27979       4.06811764E-14
   6553.37012       4.06918219E-14
   6553.45996       4.07076140E-14
   6553.54980       4.07284002E-14
   6553.64014       4.07541500E-14
   6553.72998       4.07843891E-14
   6553.81982       4.08190564E-14
   6553.91016       4.08581894E-14
   6554.00000       4.09011712E-14
   6554.08984       4.09480189E-14
   6554.18018       4.09988375E-14
   6554.27002       4.10528951E-14
   6554.35986       4.11102833E-14
   6554.45020       4.11711613E-14
   6554.54004       4.12347091E-14
   6554.62988       4.13010826E-14
   6554.72021       4.13705020E-14
   6554.81006       4.14420627E-14
   6554.89990       4.15159816E-14
   6554.99023       4.15925364E-14
   6555.08008       4.16707548E-14
   6555.16992       4.17509147E-14
   6555.25977       4.18328803E-14
   6555.35010       4.19169839E-14
   6555.43994       4.20021988E-14
   6555.52979       4.20888537E-14
   6555.62012       4.21773212E-14
   6555.70996       4.22665375E-14
   6555.79980       4.23568719E-14
   6555.89014       4.24487173E-14
   6555.97998       4.25409999E-14
   6556.06982       4.26341091E-14
   6556.16016       4.27284720E-14
   6556.25000       4.28229839E-14
   6556.33984       4.29180685E-14
   6556.43018       4.30141762E-14
   6556.52002       4.31101857E-14
   6556.60986       4.32065509E-14
   6556.70020       4.33037395E-14
   6556.79004       4.34006841E-14
   6556.87988       4.34979845E-14
   6556.97021       4.35965418E-14
   6557.06006       4.36964104E-14
   6557.14990       4.38011748E-14
   6557.24023       4.39192817E-14
   6557.33008       4.40681224E-14
   6557.41992       4.42904143E-14
   6557.50977       4.46764004E-14
   6557.60010       4.54144846E-14
   6557.68994       4.68493313E-14
   6557.77979       4.96185802E-14
   6557.87012       5.48376923E-14
   6557.95996       6.41748617E-14
   6558.04980       8.01973031E-14
   6558.14014       1.06571124E-13
   6558.22998       1.47392122E-13
   6558.31982       2.07626776E-13
   6558.41016       2.92378101E-13
   6558.50000       4.03860810E-13
   6558.58984       5.42711817E-13
   6558.68018       7.05927504E-13
   6558.77002       8.82785435E-13
   6558.85986       1.06040318E-12
   6558.95020       1.22252013E-12
   6559.04004       1.34945234E-12
   6559.12988       1.42672072E-12
   6559.22021       1.44434096E-12
   6559.31006       1.39981960E-12
   6559.39990       1.29924316E-12
   6559.49023       1.15440795E-12
   6559.58008       9.83856009E-13
   6559.66992       8.04785383E-13
   6559.75977       6.33034586E-13
   6559.85010       4.79545006E-13
   6559.93994       3.52693487E-13
   6560.02979       2.53544961E-13
   6560.12012       1.80080777E-13
   6560.20996       1.29155841E-13
   6560.29980       9.54856311E-14
   6560.39014       7.42725109E-14
   6560.47998       6.17239007E-14
   6560.56982       5.46261509E-14
   6560.66016       5.08029999E-14
   6560.75000       4.88779414E-14
   6560.83984       4.79624004E-14
   6560.93018       4.75619401E-14
   6561.02002       4.74139940E-14
   6561.10986       4.73802888E-14
   6561.20020       4.73959352E-14
   6561.29004       4.74310024E-14
   6561.37988       4.74726866E-14
   6561.47021       4.75159632E-14
   6561.56006       4.75582844E-14
   6561.64990       4.75991181E-14
   6561.74023       4.76383798E-14
   6561.83008       4.76755408E-14
   6561.91992       4.77107740E-14
   6562.00977       4.77440488E-14
   6562.10010       4.77755144E-14
   6562.18994       4.78048116E-14
   6562.27979       4.78321098E-14
   6562.37012       4.78575174E-14
   6562.45996       4.78807566E-14
   6562.54980       4.79019493E-14
   6562.64014       4.79211939E-14
   6562.72998       4.79382667E-14
   6562.81982       4.79532728E-14
   6562.91016       4.79662629E-14
   6563.00000       4.79770981E-14
   6563.08984       4.79858463E-14
   6563.18018       4.79925310E-14
   6563.27002       4.79970813E-14
   6563.35986       4.79995309E-14
   6563.45020       4.79998799E-14
   6563.54004       4.79981248E-14
   6563.62988       4.79942691E-14
   6563.72021       4.79882823E-14
   6563.81006       4.79802287E-14
   6563.89990       4.79700847E-14
   6563.99023       4.79577857E-14
   6564.08008       4.79434675E-14
   6564.16992       4.79270825E-14
   6564.25977       4.79086307E-14
   6564.35010       4.78880072E-14
   6564.43994       4.78654456E-14
   6564.52979       4.78408478E-14
   6564.62012       4.78140815E-14
   6564.70996       4.77854450E-14
   6564.79980       4.77548129E-14
   6564.89014       4.77220192E-14
   6564.97998       4.76874298E-14
   6565.06982       4.76508922E-14
   6565.16016       4.76122099E-14
   6565.25000       4.75718165E-14
   6565.33984       4.75295327E-14
   6565.43018       4.74851278E-14
   6565.52002       4.74391068E-14
   6565.60986       4.73912562E-14
   6565.70020       4.73413219E-14
   6565.79004       4.72898630E-14
   6565.87988       4.72366490E-14
   6565.97021       4.71813920E-14
   6566.06006       4.71247187E-14
   6566.14990       4.70663615E-14
   6566.24023       4.70060155E-14
   6566.33008       4.69443616E-14
   6566.41992       4.68811052E-14
   6566.50977       4.68162767E-14
   6566.60010       4.67495407E-14
   6566.68994       4.66816493E-14
   6566.77979       4.66122739E-14
   6566.87012       4.65410588E-14
   6566.95996       4.64688035E-14
   6567.04980       4.63951624E-14
   6567.14014       4.63197528E-14
   6567.22998       4.62434317E-14
   6567.31982       4.61658164E-14
   6567.41016       4.60865172E-14
   6567.50000       4.60064251E-14
   6567.58984       4.59251438E-14
   6567.68018       4.58422634E-14
   6567.77002       4.57587120E-14
   6567.85986       4.56740833E-14
   6567.95020       4.55879400E-14
   6568.04004       4.55012547E-14
   6568.12988       4.54135969E-14
   6568.22021       4.53245162E-14
   6568.31006       4.52350187E-14
   6568.39990       4.51446606E-14
   6568.49023       4.50529777E-14
   6568.58008       4.49609967E-14
   6568.66992       4.48682703E-14
   6568.75977       4.47748257E-14
   6568.85010       4.46801884E-14
   6568.93994       4.45854223E-14
   6569.02979       4.44900498E-14
   6569.12012       4.43935863E-14
   6569.20996       4.42971126E-14
   6569.29980       4.42001443E-14
   6569.39014       4.41021866E-14
   6569.47998       4.40043374E-14
   6569.56982       4.39061019E-14
   6569.66016       4.38069787E-14
   6569.75000       4.37080724E-14
   6569.83984       4.36088916E-14
   6569.93018       4.35089248E-14
   6570.02002       4.34092866E-14
   6570.10986       4.33094722E-14
   6570.20020       4.32089768E-14
   6570.29004       4.31089185E-14
   6570.37988       4.30087823E-14
   6570.47021       4.29080667E-14
   6570.56006       4.28078830E-14
   6570.64990       4.27077265E-14
   6570.74023       4.26070820E-14
   6570.83008       4.25070711E-14
   6570.91992       4.24071788E-14
   6571.00977       4.23074356E-14
   6571.10010       4.22073299E-14
   6571.18994       4.21079763E-14
   6571.27979       4.20088599E-14
   6571.37012       4.19094724E-14
   6571.45996       4.18109219E-14
   6571.54980       4.17126898E-14
   6571.64014       4.16142747E-14
   6571.72998       4.15167710E-14
   6571.81982       4.14196672E-14
   6571.91016       4.13224617E-14
   6572.00000       4.12262387E-14
   6572.08984       4.11304867E-14
   6572.18018       4.10347178E-14
   6572.27002       4.09399890E-14
   6572.35986       4.08458024E-14
   6572.45020       4.07516767E-14
   6572.54004       4.06586420E-14
   6572.62988       4.05662171E-14
   6572.72021       4.04739210E-14
   6572.81006       4.03827701E-14
   6572.89990       4.02922799E-14
   6572.99023       4.02019862E-14
   6573.08008       4.01128817E-14
   6573.16992       4.00244921E-14
   6573.25977       3.99368344E-14
   6573.35010       3.98494511E-14
   6573.43994       3.97633044E-14
   6573.52979       3.96779337E-14
   6573.62012       3.95928915E-14
   6573.70996       3.95091132E-14
   6573.79980       3.94261480E-14
   6573.89014       3.93435657E-14
   6573.97998       3.92622675E-14
   6574.06982       3.91818163E-14
   6574.16016       3.91017886E-14
   6574.25000       3.90230654E-14
   6574.33984       3.89452129E-14
   6574.43018       3.88678280E-14
   6574.52002       3.87917508E-14
   6574.60986       3.87165716E-14
   6574.70020       3.86418938E-14
   6574.79004       3.85685306E-14
   6574.87988       3.84960821E-14
   6574.97021       3.84241623E-14
   6575.06006       3.83535570E-14
   6575.14990       3.82838801E-14
   6575.24023       3.82147588E-14
   6575.33008       3.81469419E-14
   6575.41992       3.80800602E-14
   6575.50977       3.80141170E-14
   6575.60010       3.79487566E-14
   6575.68994       3.78847005E-14
   6575.77979       3.78216338E-14
   6575.87012       3.77594616E-14
   6575.95996       3.76998915E-14
   6576.04980       3.76466944E-14
   6576.14014       3.76142124E-14
   6576.22998       3.76476296E-14
   6576.31982       3.78678988E-14
   6576.41016       3.85668738E-14
   6576.50000       4.03212721E-14
   6576.58984       4.41306097E-14
   6576.68018       5.14327994E-14
   6576.77002       6.35730617E-14
   6576.85986       8.12499346E-14
   6576.95020       1.03540332E-13
   6577.04004       1.26840365E-13
   6577.12988       1.46124473E-13
   6577.22021       1.56237802E-13
   6577.31006       1.54075822E-13
   6577.39990       1.40360461E-13
   6577.49023       1.18904845E-13
   6577.58008       9.53763029E-14
   6577.66992       7.43497738E-14
   6577.75977       5.83997640E-14
   6577.85010       4.78646155E-14
   6577.93994       4.18267512E-14
   6578.02979       3.87407019E-14
   6578.12012       3.73246017E-14
   6578.20996       3.67391291E-14
   6578.29980       3.65058393E-14
   6578.39014       3.64057844E-14
   6578.47998       3.63514252E-14
   6578.56982       3.63109167E-14
   6578.66016       3.62744333E-14
   6578.75000       3.62397049E-14
   6578.83984       3.62058880E-14
   6578.93018       3.61726572E-14
   6579.02002       3.61403310E-14
   6579.10986       3.61087232E-14
   6579.20020       3.60776472E-14
   6579.29004       3.60474352E-14
   6579.37988       3.60179043E-14
   6579.47021       3.59888917E-14
   6579.56006       3.59607025E-14
   6579.64990       3.59331671E-14
   6579.74023       3.59061264E-14
   6579.83008       3.58798684E-14
   6579.91992       3.58542338E-14
   6580.00977       3.58292125E-14
   6580.10010       3.58046621E-14
   6580.18994       3.57808401E-14
   6580.27979       3.57576111E-14
   6580.37012       3.57349004E-14
   6580.45996       3.57133011E-14
   6580.54980       3.56947748E-14
   6580.64014       3.56902584E-14
   6580.72998       3.57508551E-14
   6580.81982       3.60884147E-14
   6580.91016       3.75028716E-14
   6581.00000       4.25948610E-14
   6581.08984       5.90007237E-14
   6581.18018       1.06809757E-13
   6581.27002       2.30228407E-13
   6581.35986       5.16422679E-13
   6581.45020       1.11376598E-12
   6581.54004       2.21098010E-12
   6581.62988       4.00346553E-12
   6581.72021       6.59426984E-12
   6581.81006       9.80693478E-12
   6581.89990       1.31960658E-11
   6581.99023       1.60722460E-11
   6582.08008       1.76780257E-11
   6582.16992       1.75837418E-11
   6582.25977       1.58273724E-11
   6582.35010       1.29280961E-11
   6582.43994       9.79624888E-12
   6582.52979       7.39232026E-12
   6582.62012       6.46113675E-12
   6582.70996       7.05078140E-12
   6582.79980       8.17600848E-12
   6582.89014       8.37999982E-12
   6582.97998       6.95754825E-12
   6583.06982       4.54540051E-12
   6583.16016       2.30953581E-12
   6583.25000       9.26157154E-13
   6583.33984       3.05181959E-13
   6583.43018       9.79300462E-14
   6583.52002       4.65684078E-14
   6583.60986       3.68076643E-14
   6583.70020       3.53827177E-14
   6583.79004       3.52194233E-14
   6583.87988       3.51986337E-14
   6583.97021       3.51905361E-14
   6584.06006       3.51835667E-14
   6584.14990       3.51768649E-14
   6584.24023       3.51703496E-14
   6584.33008       3.51640815E-14
   6584.41992       3.51580168E-14
   6584.50977       3.51521553E-14
   6584.60010       3.51464531E-14
   6584.68994       3.51409745E-14
   6584.77979       3.51356754E-14
   6584.87012       3.51305289E-14
   6584.95996       3.51255856E-14
   6585.04980       3.51208083E-14
   6585.14014       3.51161666E-14
   6585.22998       3.51117112E-14
   6585.31982       3.51074116E-14
   6585.41016       3.51032341E-14
   6585.50000       3.50992293E-14
   6585.58984       3.50953600E-14
   6585.68018       3.50916094E-14
   6585.77002       3.50880112E-14
   6585.85986       3.50845384E-14
   6585.95020       3.50811739E-14
   6586.04004       3.50779451E-14
   6586.12988       3.50748347E-14
   6586.22021       3.50718227E-14
   6586.31006       3.50689326E-14
   6586.39990       3.50661510E-14
   6586.49023       3.50634540E-14
   6586.58008       3.50608723E-14
   6586.66992       3.50583888E-14
   6586.75977       3.50559933E-14
   6586.85010       3.50536759E-14
   6586.93994       3.50514600E-14
   6587.02979       3.50493255E-14
   6587.12012       3.50472621E-14
   6587.20996       3.50452902E-14
   6587.29980       3.50433895E-14
   6587.39014       3.50415565E-14
   6587.47998       3.50398015E-14
   6587.56982       3.50381142E-14
   6587.66016       3.50364845E-14
   6587.75000       3.50349259E-14
   6587.83984       3.50334284E-14
   6587.93018       3.50319817E-14
   6588.02002       3.50306027E-14
   6588.10986       3.50292779E-14
   6588.20020       3.50279972E-14
   6588.29004       3.50267775E-14
   6588.37988       3.50256052E-14
   6588.47021       3.50244736E-14
   6588.56006       3.50233927E-14
   6588.64990       3.50223594E-14
   6588.74023       3.50213599E-14
   6588.83008       3.50204078E-14
   6588.91992       3.50194964E-14
   6589.00977       3.50186223E-14
   6589.10010       3.50177786E-14
   6589.18994       3.50169756E-14
   6589.27979       3.50162065E-14
   6589.37012       3.50154645E-14
   6589.45996       3.50147598E-14
   6589.54980       3.50140855E-14
   6589.64014       3.50134350E-14
   6589.72998       3.50128150E-14
   6589.81982       3.50122221E-14
   6589.91016       3.50116529E-14
   6590.00000       3.50111108E-14
