6407.81640625002  2.811046E-14
6407.87990578471  6.607659E-14
6407.9434053194  7.478723E-14
6408.00690485409  3.286271E-14
6408.07040438878  1.341296E-14
6408.13390392347  9.749622E-14
6408.19740345816  8.926580E-14
6408.26090299285  5.012677E-14
6408.32440252754  8.850175E-14
6408.38790206224  1.233757E-13
6408.45140159693  1.384269E-13
6408.51490113162  1.284046E-13
6408.57840066631  8.307392E-14
6408.641900201  1.648740E-14
6408.70539973569  3.476012E-14
6408.76889927038  7.175299E-14
6408.83239880507  5.155760E-14
6408.89589833976  1.485223E-14
6408.95939787445  1.754676E-14
6409.02289740914  4.416455E-14
6409.08639694384  5.310495E-14
6409.14989647853  3.256433E-14
6409.21339601322  1.429001E-14
6409.27689554791  5.310135E-14
6409.3403950826  8.418002E-14
6409.40389461729  2.296751E-14
6409.46739415198  1.191335E-14
6409.53089368667  2.751970E-14
6409.59439322136  3.403500E-14
6409.65789275606  4.564674E-14
6409.72139229075  5.999758E-14
6409.78489182544  5.152952E-14
6409.84839136013  4.611465E-14
6409.91189089482  8.500987E-14
6409.97539042951  1.362932E-13
6410.0388899642  9.247925E-14
6410.10238949889  2.476907E-14
6410.16588903358  4.223119E-14
6410.22938856827  7.663087E-14
6410.29288810296  7.204868E-14
6410.35638763766  3.767437E-14
6410.41988717235  1.353551E-14
6410.48338670704  1.195606E-14
6410.54688624173  2.433128E-16
6410.61038577642  3.022111E-14
6410.67388531111  9.215293E-14
6410.7373848458  7.822942E-14
6410.80088438049  3.106679E-14
6410.86438391518  3.969779E-14
6410.92788344987  3.336830E-14
6410.99138298456  -2.130136E-15
6411.05488251926  4.329187E-13
6411.11838205395  4.766429E-13
6411.18188158864  6.811495E-14
6411.24538112333  6.141415E-15
6411.30888065802  1.643572E-14
6411.37238019271  3.504954E-14
6411.4358797274  4.494477E-14
6411.49937926209  2.552113E-14
6411.56287879678  2.053171E-14
6411.62637833147  2.784160E-14
6411.68987786616  6.674094E-14
6411.75337740086  1.014612E-13
6411.81687693555  3.612102E-14
6411.88037647024  3.003889E-14
6411.94387600493  6.262638E-14
6412.00737553962  7.800141E-14
6412.07087507431  1.215601E-13
6412.134374609  1.032452E-13
6412.19787414369  4.171925E-14
6412.26137367838  8.173944E-15
6412.32487321308  2.662347E-14
6412.38837274777  4.831569E-14
6412.45187228246  6.038273E-14
6412.51537181715  4.193957E-14
6412.57887135184  5.575569E-15
6412.64237088653  4.936494E-14
6412.70587042122  5.933902E-14
6412.76936995591  5.336628E-14
6412.8328694906  8.296199E-14
6412.89636902529  3.951205E-14
6412.95986855999  2.133339E-14
6413.02336809468  2.487111E-14
6413.08686762937  2.016735E-14
6413.15036716406  5.652964E-14
6413.21386669875  1.165329E-13
6413.27736623344  8.501390E-14
6413.34086576813  1.049696E-14
6413.40436530282  5.685105E-14
6413.46786483751  1.037158E-13
6413.5313643722  1.037149E-13
6413.59486390689  8.216838E-14
6413.65836344158  7.015945E-14
6413.72186297627  5.884801E-14
6413.78536251097  4.461174E-14
6413.84886204566  6.024401E-14
6413.91236158035  9.365746E-14
6413.97586111504  6.069537E-14
6414.03936064973  1.515726E-14
6414.10286018442  1.166013E-14
6414.16635971911  4.218969E-14
6414.2298592538  6.307463E-14
6414.29335878849  8.456371E-14
6414.35685832318  1.006253E-13
6414.42035785788  8.736820E-14
6414.48385739257  4.687909E-14
6414.54735692726  3.841607E-14
6414.61085646195  4.349713E-14
6414.67435599664  6.522575E-14
6414.73785553133  8.938392E-14
6414.80135506602  5.052077E-14
6414.86485460071  4.704170E-14
6414.9283541354  3.748246E-14
6414.99185367009  7.201249E-15
6415.05535320478  4.400070E-14
6415.11885273948  4.386958E-14
6415.18235227417  3.486667E-14
6415.24585180886  3.746037E-14
6415.30935134355  2.906578E-14
6415.37285087824  5.111524E-14
6415.43635041293  5.045351E-14
6415.49984994762  3.967005E-14
6415.56334948231  5.370831E-14
6415.62684901701  5.137476E-14
6415.6903485517  1.927406E-14
6415.75384808639  1.320616E-14
6415.81734762108  3.799079E-14
6415.88084715577  3.220783E-14
6415.94434669046  3.328540E-14
6416.00784622515  2.395666E-14
6416.07134575984  2.077551E-14
6416.13484529453  4.560712E-14
6416.19834482922  4.164458E-14
6416.26184436391  5.172964E-14
6416.3253438986  6.158950E-14
6416.38884343329  5.123977E-14
6416.45234296799  5.299218E-14
6416.51584250268  2.335265E-14
6416.57934203737  3.444923E-15
6416.64284157206  1.133525E-14
6416.70634110675  1.529364E-14
6416.76984064144  3.531176E-14
6416.83334017613  3.051767E-14
6416.89683971082  2.360508E-14
6416.96033924551  3.622489E-14
6417.0238387802  1.645486E-14
6417.0873383149  4.654041E-14
6417.15083784959  4.522635E-14
6417.21433738428  -1.360844E-15
6417.27783691897  2.143812E-14
6417.34133645366  3.647746E-14
6417.40483598835  2.813408E-14
6417.46833552304  2.460434E-14
6417.53183505773  3.570573E-14
6417.59533459242  3.560943E-14
6417.65883412711  5.392099E-14
6417.7223336618  5.807533E-14
6417.7858331965  -3.601698E-14
6417.84933273119  1.959334E-13
6417.91283226588  2.100146E-12
6417.97633180057  1.804859E-12
6418.03983133526  -5.536226E-14
6418.10333086995  5.541710E-15
6418.16683040464  5.079197E-14
6418.23032993933  2.777852E-14
6418.29382947402  3.619280E-14
6418.35732900871  2.555468E-14
6418.4208285434  4.124445E-14
6418.4843280781  4.679188E-14
6418.54782761279  5.566837E-14
6418.61132714748  4.989467E-14
6418.67482668217  2.247235E-14
6418.73832621686  5.258113E-14
6418.80182575155  8.938858E-14
6418.86532528624  5.846724E-14
6418.92882482093  3.343013E-15
6418.99232435562  2.449922E-14
6419.05582389032  1.619156E-14
6419.11932342501  3.142956E-14
6419.1828229597  5.757082E-14
6419.24632249439  1.839023E-14
6419.30982202908  7.260241E-16
6419.37332156377  3.209137E-13
6419.43682109846  3.609173E-13
6419.50032063315  5.937984E-14
6419.56382016784  1.662486E-13
6419.62731970253  8.987433E-14
6419.69081923722  6.273080E-15
6419.75431877191  3.593841E-14
6419.81781830661  5.381705E-14
6419.8813178413  7.277642E-14
6419.94481737599  6.455744E-14
6420.00831691068  5.960717E-14
6420.07181644537  6.026665E-14
6420.13531598006  3.875013E-14
6420.19881551475  4.582751E-14
6420.26231504944  5.089639E-14
6420.32581458413  4.420210E-14
6420.38931411882  3.940632E-14
6420.45281365351  3.436310E-14
6420.51631318821  3.923896E-14
6420.5798127229  4.598394E-14
6420.64331225759  5.885856E-14
6420.70681179228  7.655932E-14
6420.77031132697  6.322246E-14
6420.83381086166  6.034273E-14
6420.89731039635  6.024963E-14
6420.96080993104  4.965629E-14
6421.02430946573  5.024080E-14
6421.08780900042  5.012891E-14
6421.15130853512  6.113256E-14
6421.21480806981  4.449604E-14
6421.2783076045  -7.353090E-15
6421.34180713919  -3.443191E-15
6421.40530667388  4.104860E-14
6421.46880620857  4.773305E-14
6421.53230574326  2.460128E-14
6421.59580527795  3.160232E-14
6421.65930481264  2.495308E-14
6421.72280434733  3.348013E-14
6421.78630388202  3.649721E-14
6421.84980341672  3.312295E-14
6421.91330295141  6.435359E-14
6421.9768024861  6.321319E-14
6422.04030202079  2.465586E-14
6422.10380155548  1.442611E-14
6422.16730109017  4.805305E-14
6422.23080062486  4.622792E-14
6422.29430015955  5.019433E-14
6422.35779969424  5.284634E-14
6422.42129922894  3.966298E-14
6422.48479876363  2.565177E-14
6422.54829829832  2.419251E-14
6422.61179783301  3.481299E-14
6422.6752973677  4.049826E-14
6422.73879690239  3.713885E-14
6422.80229643708  3.644800E-14
6422.86579597177  3.166239E-14
6422.92929550646  3.142998E-14
6422.99279504115  4.000340E-14
6423.05629457584  4.675904E-14
6423.11979411053  4.225096E-14
6423.18329364523  4.645400E-14
6423.24679317992  3.465694E-14
6423.31029271461  2.308082E-14
6423.3737922493  3.694099E-14
6423.43729178399  4.052648E-14
6423.50079131868  4.709902E-14
6423.56429085337  4.160732E-14
6423.62779038806  3.207177E-14
6423.69128992275  4.337719E-14
6423.75478945744  5.050340E-14
6423.81828899214  3.712866E-14
6423.88178852683  2.282017E-14
6423.94528806152  2.058745E-14
6424.00878759621  2.352839E-14
6424.0722871309  4.044126E-14
6424.13578666559  3.260613E-14
6424.19928620028  2.986770E-14
6424.26278573497  4.904173E-14
6424.32628526966  4.163588E-14
6424.38978480435  2.946292E-14
6424.45328433904  3.160028E-14
6424.51678387374  4.277167E-14
6424.58028340843  5.133787E-14
6424.64378294312  5.752903E-14
6424.70728247781  5.835535E-14
6424.7707820125  5.120668E-14
6424.83428154719  3.831834E-14
6424.89778108188  2.990927E-14
6424.96128061657  3.729376E-14
6425.02478015126  5.191880E-14
6425.08827968596  4.634799E-14
6425.15177922064  3.568319E-14
6425.21527875533  4.366567E-14
6425.27877829003  3.934200E-14
6425.34227782472  3.297608E-14
6425.40577735941  4.313314E-14
6425.4692768941  5.247659E-14
6425.53277642879  4.432643E-14
6425.59627596348  5.341302E-14
6425.65977549817  4.712955E-14
6425.72327503286  3.672992E-14
6425.78677456755  4.104312E-14
6425.85027410225  4.449592E-14
6425.91377363694  3.271986E-14
6425.97727317163  4.628058E-14
6426.04077270632  5.991869E-14
6426.10427224101  4.640998E-14
6426.1677717757  3.169136E-14
6426.23127131039  3.644614E-14
6426.29477084508  4.148304E-14
6426.35827037977  3.888805E-14
6426.42176991446  4.010019E-14
6426.48526944915  4.656922E-14
6426.54876898385  3.523580E-14
6426.61226851854  3.625256E-14
6426.67576805323  4.485871E-14
6426.73926758792  4.604194E-14
6426.80276712261  4.778171E-14
6426.8662666573  4.866375E-14
6426.92976619199  4.605569E-14
6426.99326572668  3.851498E-14
6427.05676526137  3.880494E-14
6427.12026479606  5.292715E-14
6427.18376433076  4.613089E-14
6427.24726386544  4.111385E-14
6427.31076340014  3.909224E-14
6427.37426293483  3.395471E-14
6427.43776246952  3.747534E-14
6427.50126200421  4.722494E-14
6427.5647615389  4.171925E-14
6427.62826107359  3.758746E-14
6427.69176060828  4.344941E-14
6427.75526014297  3.856502E-14
6427.81875967766  3.113651E-14
6427.88225921235  3.884625E-14
6427.94575874705  4.701934E-14
6428.00925828174  4.607205E-14
6428.07275781643  4.423585E-14
6428.13625735112  3.112669E-14
6428.19975688581  2.823516E-14
6428.2632564205  3.387754E-14
6428.32675595519  3.345855E-14
6428.39025548988  3.357837E-14
6428.45375502457  5.350533E-14
6428.51725455927  4.554577E-14
6428.58075409395  3.066535E-14
6428.64425362865  3.385054E-14
6428.70775316334  4.450170E-14
6428.77125269803  5.942902E-14
6428.83475223272  3.612599E-14
6428.89825176741  2.837283E-14
6428.9617513021  3.929521E-14
6429.02525083679  2.664823E-14
6429.08875037148  2.769796E-14
6429.15224990617  2.513207E-14
6429.21574944087  3.533231E-14
6429.27924897556  3.941182E-14
6429.34274851025  2.218951E-14
6429.40624804494  3.205914E-14
6429.46974757963  5.006865E-14
6429.53324711432  4.751754E-14
6429.59674664901  4.221052E-14
6429.6602461837  4.931049E-14
6429.72374571839  4.298052E-14
6429.78724525308  3.591365E-14
6429.85074478777  3.480147E-14
6429.91424432247  3.078401E-14
6429.97774385716  3.071319E-14
6430.04124339185  4.623816E-14
6430.10474292654  4.108912E-14
6430.16824246123  4.939160E-14
6430.23174199592  4.011904E-14
6430.29524153061  2.644653E-14
6430.3587410653  5.610734E-14
6430.42224059999  4.369806E-14
6430.48574013468  2.764978E-14
6430.54923966937  3.391138E-14
6430.61273920407  4.659767E-14
6430.67623873876  4.506438E-14
6430.73973827345  3.262292E-14
6430.80323780814  3.040100E-14
6430.86673734283  3.882276E-14
6430.93023687752  4.834465E-14
6430.99373641221  5.172123E-14
6431.0572359469  4.529863E-14
6431.12073548159  3.195773E-14
6431.18423501628  2.438746E-14
6431.24773455097  3.738703E-14
6431.31123408567  5.346743E-14
6431.37473362036  4.542051E-14
6431.43823315505  4.618082E-14
6431.50173268974  4.539926E-14
6431.56523222443  4.814420E-14
6431.62873175912  5.233711E-14
6431.69223129381  3.922006E-14
6431.7557308285  1.826073E-14
6431.81923036319  3.006911E-14
6431.88272989788  4.839538E-14
6431.94622943258  4.343556E-14
6432.00972896727  3.305298E-14
6432.07322850196  4.276219E-14
6432.13672803665  4.079172E-14
6432.20022757134  5.188184E-14
6432.26372710603  5.712308E-14
6432.32722664072  4.167028E-14
6432.39072617541  3.499805E-14
6432.4542257101  2.806956E-14
6432.5177252448  3.125567E-14
6432.58122477949  3.502599E-14
6432.64472431418  3.417489E-14
6432.70822384887  3.789352E-14
6432.77172338356  4.656734E-14
6432.83522291825  5.384796E-14
6432.89872245294  4.062174E-14
6432.96222198763  3.291354E-14
6433.02572152232  4.042261E-14
6433.08922105701  3.228545E-14
6433.1527205917  4.329249E-14
6433.21622012639  4.091882E-14
6433.27971966109  4.022910E-14
6433.34321919578  4.340092E-14
6433.40671873047  3.567154E-14
6433.47021826516  5.477813E-14
6433.53371779985  7.148580E-14
6433.59721733454  8.579337E-14
6433.66071686923  9.407011E-14
6433.72421640392  9.114028E-14
6433.78771593861  9.101856E-14
6433.8512154733  9.916931E-14
6433.91471500799  1.243297E-13
6433.97821454269  1.397659E-13
6434.04171407738  1.338775E-13
6434.10521361207  1.323607E-13
6434.16871314676  1.413810E-13
6434.23221268145  1.148153E-13
6434.29571221614  9.063247E-14
6434.35921175083  8.595537E-14
6434.42271128552  7.892605E-14
6434.48621082021  6.452751E-14
6434.5497103549  5.086531E-14
6434.61320988959  3.582413E-14
6434.67670942429  3.494485E-14
6434.74020895898  4.298605E-14
6434.80370849367  3.925168E-14
6434.86720802836  3.419688E-14
6434.93070756305  4.909772E-14
6434.99420709774  4.851351E-14
6435.05770663243  2.931080E-14
6435.12120616712  1.932879E-14
6435.18470570181  2.751163E-14
6435.24820523651  4.034426E-14
6435.3117047712  4.719768E-14
6435.37520430589  4.274183E-14
6435.43870384058  3.272381E-14
6435.50220337527  3.320416E-14
6435.56570290996  4.428040E-14
6435.62920244465  3.229150E-14
6435.69270197934  3.659484E-14
6435.75620151403  4.324607E-14
6435.81970104872  4.181061E-14
6435.88320058341  4.602598E-14
6435.94670011811  4.131428E-14
6436.0101996528  3.506771E-14
6436.07369918749  3.613725E-14
6436.13719872218  3.706022E-14
6436.20069825687  3.319467E-14
6436.26419779156  3.325752E-14
6436.32769732625  4.195591E-14
6436.39119686094  5.580393E-14
6436.45469639563  4.611420E-14
6436.51819593032  3.139108E-14
6436.58169546501  3.651521E-14
6436.6451949997  4.032099E-14
6436.7086945344  3.213703E-14
6436.77219406909  3.687954E-14
6436.83569360378  4.513847E-14
6436.89919313847  4.449297E-14
6436.96269267316  3.933369E-14
6437.02619220785  3.600556E-14
6437.08969174254  3.779260E-14
6437.15319127723  3.263474E-14
6437.21669081192  3.558682E-14
6437.28019034662  3.923491E-14
6437.34368988131  3.120999E-14
6437.407189416  3.219917E-14
6437.47068895069  2.934291E-14
6437.53418848538  3.264296E-14
6437.59768802007  3.234608E-14
6437.66118755476  3.653686E-14
6437.72468708945  4.891917E-14
6437.78818662414  3.782854E-14
6437.85168615883  3.746182E-14
6437.91518569352  3.269935E-14
6437.97868522821  2.953794E-14
6438.04218476291  3.430541E-14
6438.1056842976  3.403750E-14
6438.16918383229  3.163381E-14
6438.23268336698  3.814494E-14
6438.29618290167  3.783729E-14
6438.35968243636  3.537975E-14
6438.42318197105  2.970191E-14
6438.48668150574  2.045041E-14
6438.55018104043  3.205823E-14
6438.61368057513  3.186587E-14
6438.67718010982  3.302292E-14
6438.74067964451  3.770314E-14
6438.8041791792  4.075684E-14
6438.86767871389  4.201954E-14
6438.93117824858  3.639686E-14
6438.99467778327  4.089358E-14
6439.05817731796  2.908636E-14
6439.12167685265  2.478868E-14
6439.18517638734  3.670839E-14
6439.24867592203  4.053407E-14
6439.31217545672  4.460885E-14
6439.37567499142  3.280256E-14
6439.43917452611  2.422951E-14
6439.5026740608  3.055612E-14
6439.56617359549  4.241755E-14
6439.62967313018  4.378274E-14
6439.69317266487  3.385347E-14
6439.75667219956  3.934561E-14
6439.82017173425  4.398981E-14
6439.88367126894  4.221275E-14
6439.94717080363  4.041889E-14
6440.01067033832  3.746335E-14
6440.07416987302  3.306080E-14
6440.13766940771  3.983170E-14
6440.2011689424  3.963683E-14
6440.26466847709  3.996275E-14
6440.32816801178  3.810201E-14
6440.39166754647  3.092401E-14
6440.45516708116  3.562644E-14
6440.51866661585  3.970246E-14
6440.58216615054  3.118060E-14
6440.64566568523  3.836558E-14
6440.70916521993  4.194592E-14
6440.77266475462  3.645777E-14
6440.83616428931  5.207449E-14
6440.899663824  4.763940E-14
6440.96316335869  4.135799E-14
6441.02666289338  3.428181E-14
6441.09016242807  3.046930E-14
6441.15366196276  3.242240E-14
6441.21716149745  3.109685E-14
6441.28066103214  2.459047E-14
6441.34416056683  2.022111E-14
6441.40766010152  2.061202E-14
6441.47115963622  2.351669E-14
6441.53465917091  2.845863E-14
6441.5981587056  3.509304E-14
6441.66165824029  3.860191E-14
6441.72515777498  3.696006E-14
6441.78865730967  3.936040E-14
6441.85215684436  3.333279E-14
6441.91565637905  2.661955E-14
6441.97915591374  1.553308E-14
6442.04265544844  4.786757E-14
6442.10615498313  2.046271E-13
6442.16965451782  1.020014E-13
6442.23315405251  1.171096E-14
6442.2966535872  2.512162E-14
6442.36015312189  3.202741E-14
6442.42365265658  3.432350E-14
6442.48715219127  2.866231E-14
6442.55065172596  3.142777E-14
6442.61415126065  3.975358E-14
6442.67765079534  3.958978E-14
6442.74115033003  3.655572E-14
6442.80464986473  3.839587E-14
6442.86814939942  3.663842E-14
6442.93164893411  3.310969E-14
6442.9951484688  3.102663E-14
6443.05864800349  3.051730E-14
6443.12214753818  3.436202E-14
6443.18564707287  3.832981E-14
6443.24914660756  3.520073E-14
6443.31264614225  3.071082E-14
6443.37614567695  3.335276E-14
6443.43964521164  4.092877E-14
6443.50314474633  3.960181E-14
6443.56664428102  3.670792E-14
6443.63014381571  4.292760E-14
6443.6936433504  4.544179E-14
6443.75714288509  3.732519E-14
6443.82064241978  4.102659E-14
6443.88414195447  3.386139E-14
6443.94764148916  2.863743E-14
6444.01114102385  3.590747E-14
6444.07464055855  3.727222E-14
6444.13814009324  2.993123E-14
6444.20163962793  3.235160E-14
6444.26513916262  4.387374E-14
6444.32863869731  3.459479E-14
6444.392138232  3.015185E-14
6444.45563776669  3.764867E-14
6444.51913730138  3.089267E-14
6444.58263683607  3.005416E-14
6444.64613637076  3.535543E-14
6444.70963590546  3.356711E-14
6444.77313544014  3.462429E-14
6444.83663497484  3.779136E-14
6444.90013450953  3.534607E-14
6444.96363404422  3.167943E-14
6445.02713357891  3.046776E-14
6445.0906331136  3.327653E-14
6445.15413264829  3.996566E-14
6445.21763218298  3.774333E-14
6445.28113171767  3.730883E-14
6445.34463125236  4.252712E-14
6445.40813078706  3.465352E-14
6445.47163032175  2.669186E-14
6445.53512985644  3.435075E-14
6445.59862939113  3.803659E-14
6445.66212892582  3.546318E-14
6445.72562846051  3.442672E-14
6445.7891279952  3.565499E-14
6445.85262752989  4.010541E-14
6445.91612706458  4.586092E-14
6445.97962659927  3.424121E-14
6446.04312613396  3.056430E-14
6446.10662566866  3.376537E-14
6446.17012520335  3.641981E-14
6446.23362473804  3.733671E-14
6446.29712427273  3.504087E-14
6446.36062380742  3.881538E-14
6446.42412334211  3.261389E-14
6446.4876228768  3.286076E-14
6446.55112241149  3.619798E-14
6446.61462194618  3.725981E-14
6446.67812148087  3.537256E-14
6446.74162101557  2.989918E-14
6446.80512055025  3.165823E-14
6446.86862008495  2.957152E-14
6446.93211961964  3.186546E-14
6446.99561915433  3.461872E-14
6447.05911868902  3.778922E-14
6447.12261822371  3.909429E-14
6447.1861177584  3.203416E-14
6447.24961729309  2.911476E-14
6447.31311682778  3.499500E-14
6447.37661636247  4.031909E-14
6447.44011589716  3.851550E-14
6447.50361543186  3.166686E-14
6447.56711496655  3.042237E-14
6447.63061450124  3.481379E-14
6447.69411403593  3.140074E-14
6447.75761357062  3.068837E-14
6447.82111310531  2.766110E-14
6447.88461264  3.467754E-14
6447.94811217469  4.009058E-14
6448.01161170938  3.877412E-14
6448.07511124407  3.750345E-14
6448.13861077876  3.062976E-14
6448.20211031346  2.956905E-14
6448.26560984815  3.273566E-14
6448.32910938284  3.419612E-14
6448.39260891753  3.769883E-14
6448.45610845222  3.475133E-14
6448.51960798691  2.890282E-14
6448.5831075216  3.591779E-14
6448.64660705629  3.891896E-14
6448.71010659099  3.592787E-14
6448.77360612568  2.843967E-14
6448.83710566037  3.259668E-14
6448.90060519506  3.457723E-14
6448.96410472975  3.160502E-14
6449.02760426444  3.459483E-14
6449.09110379913  3.123590E-14
6449.15460333382  3.214519E-14
6449.21810286851  2.977734E-14
6449.2816024032  2.913922E-14
6449.34510193789  2.542093E-14
6449.40860147258  2.716194E-14
6449.47210100728  3.645437E-14
6449.53560054197  3.884138E-14
6449.59910007666  3.971093E-14
6449.66259961135  3.451735E-14
6449.72609914604  3.283502E-14
6449.78959868073  3.295809E-14
6449.85309821542  3.199039E-14
6449.91659775011  3.162735E-14
6449.9800972848  3.300959E-14
6450.04359681949  3.111918E-14
6450.10709635418  2.291121E-14
6450.17059588888  3.028167E-14
6450.23409542357  3.815566E-14
6450.29759495826  3.804028E-14
6450.36109449295  3.197483E-14
6450.42459402764  2.698936E-14
6450.48809356233  2.782896E-14
6450.55159309702  3.041032E-14
6450.61509263171  3.418702E-14
6450.6785921664  3.667694E-14
6450.74209170109  3.703715E-14
6450.80559123578  3.212799E-14
6450.86909077047  3.390374E-14
6450.93259030517  4.436555E-14
6450.99608983986  4.408578E-14
6451.05958937455  3.370501E-14
6451.12308890924  3.575443E-14
6451.18658844393  3.608873E-14
6451.25008797862  3.451680E-14
6451.31358751331  2.915064E-14
6451.377087048  3.194640E-14
6451.44058658269  4.029266E-14
6451.50408611739  4.058127E-14
6451.56758565208  4.132444E-14
6451.63108518677  3.208810E-14
6451.69458472146  2.637556E-14
6451.75808425615  2.603029E-14
6451.82158379084  3.017012E-14
6451.88508332553  3.563465E-14
6451.94858286022  3.453568E-14
6452.01208239491  3.355255E-14
6452.0755819296  4.242759E-14
6452.1390814643  3.901795E-14
6452.20258099899  4.116141E-14
6452.26608053368  4.328464E-14
6452.32958006837  3.564523E-14
6452.39307960306  3.153827E-14
6452.45657913775  3.260294E-14
6452.52007867244  2.960983E-14
6452.58357820713  3.231688E-14
6452.64707774182  3.808880E-14
6452.71057727651  2.699686E-14
6452.7740768112  2.589643E-14
6452.83757634589  2.899798E-14
6452.90107588059  3.032058E-14
6452.96457541528  3.252129E-14
6453.02807494997  3.198470E-14
6453.09157448466  2.628382E-14
6453.15507401935  2.461995E-14
6453.21857355404  3.548170E-14
6453.28207308873  2.579076E-14
6453.34557262342  2.616108E-14
6453.40907215811  3.302032E-14
6453.47257169281  3.133035E-14
6453.5360712275  2.676777E-14
6453.59957076219  2.643679E-14
6453.66307029688  3.145414E-14
6453.72656983157  3.267993E-14
6453.79006936626  2.131304E-14
6453.85356890095  3.173425E-14
6453.91706843564  3.332438E-14
6453.98056797033  3.060188E-14
6454.04406750502  3.281426E-14
6454.10756703971  3.048642E-14
6454.1710665744  3.018172E-14
6454.2345661091  3.149813E-14
6454.29806564379  3.067470E-14
6454.36156517848  2.906631E-14
6454.42506471317  2.791357E-14
6454.48856424786  2.358543E-14
6454.55206378255  1.211755E-13
6454.61556331724  1.444848E-13
6454.67906285193  2.240240E-14
6454.74256238662  1.999474E-14
6454.80606192132  2.684179E-14
6454.86956145601  2.681906E-14
6454.9330609907  3.155057E-14
6454.99656052539  2.974366E-14
6455.06006006008  2.642619E-14
6455.12355959477  2.485941E-14
6455.18705912946  2.200691E-14
6455.25055866415  2.272093E-14
6455.31405819884  2.476314E-14
6455.37755773353  1.911289E-14
6455.44105726822  2.339898E-14
6455.50455680291  2.764827E-14
6455.56805633761  3.979569E-14
6455.6315558723  3.639438E-14
6455.69505540699  3.069301E-14
6455.75855494168  2.912709E-14
6455.82205447637  2.518143E-14
6455.88555401106  3.308755E-14
6455.94905354575  3.186573E-14
6456.01255308044  1.141023E-14
6456.07605261513  1.515111E-14
6456.13955214982  2.952233E-14
6456.20305168451  1.863167E-14
6456.26655121921  1.567866E-14
6456.3300507539  2.774040E-14
6456.39355028859  2.874572E-14
6456.45704982328  2.669772E-14
6456.52054935797  2.683885E-14
6456.58404889266  2.370132E-14
6456.64754842735  1.908511E-14
6456.71104796204  2.205261E-14
6456.77454749673  2.305887E-14
6456.83804703142  2.585586E-14
6456.90154656612  2.781288E-14
6456.96504610081  2.892523E-14
6457.0285456355  3.399722E-14
6457.09204517019  3.757348E-14
6457.15554470488  3.857194E-14
6457.21904423957  3.043762E-14
6457.28254377426  3.613928E-14
6457.34604330895  3.435483E-14
6457.40954284364  3.536810E-14
6457.47304237834  3.662119E-14
6457.53654191302  3.577621E-14
6457.60004144772  3.206461E-14
6457.66354098241  2.810763E-14
6457.7270405171  3.585564E-14
6457.79054005179  3.283967E-14
6457.85403958648  3.079112E-14
6457.91753912117  3.516652E-14
6457.98103865586  3.156792E-14
6458.04453819055  2.227499E-14
6458.10803772524  2.742260E-14
6458.17153725993  3.321051E-14
6458.23503679462  3.118458E-14
6458.29853632931  3.424217E-14
6458.36203586401  3.467921E-14
6458.4255353987  4.000573E-14
6458.48903493339  3.764164E-14
6458.55253446808  3.198509E-14
6458.61603400277  3.240835E-14
6458.67953353746  2.611587E-14
6458.74303307215  2.179388E-14
6458.80653260684  2.900636E-14
6458.87003214153  3.237837E-14
6458.93353167623  2.738692E-14
6458.99703121092  3.076745E-14
6459.06053074561  3.887024E-14
6459.1240302803  3.807363E-14
6459.18752981499  3.268304E-14
6459.25102934968  1.898020E-14
6459.31452888437  2.329212E-14
6459.37802841906  2.950594E-14
6459.44152795375  2.867146E-14
6459.50502748844  2.928557E-14
6459.56852702313  2.958736E-14
6459.63202655783  3.059661E-14
6459.69552609252  3.219687E-14
6459.75902562721  3.425096E-14
6459.8225251619  3.726354E-14
6459.88602469659  4.000660E-14
6459.94952423128  3.739060E-14
6460.01302376597  3.090531E-14
6460.07652330066  3.481671E-14
6460.14002283535  4.142280E-14
6460.20352237004  4.354800E-14
6460.26702190474  4.436479E-14
6460.33052143943  3.863596E-14
6460.39402097412  4.035855E-14
6460.45752050881  5.284876E-14
6460.5210200435  5.317077E-14
6460.58451957819  5.090527E-14
6460.64801911288  5.435697E-14
6460.71151864757  6.173173E-14
6460.77501818226  5.586963E-14
6460.83851771695  4.910033E-14
6460.90201725164  5.430317E-14
6460.96551678633  5.731750E-14
6461.02901632103  5.395965E-14
6461.09251585572  5.506250E-14
6461.15601539041  6.364493E-14
6461.2195149251  5.867121E-14
6461.28301445979  1.518120E-13
6461.34651399448  8.411626E-14
6461.41001352917  3.132223E-14
6461.47351306386  3.944621E-14
6461.53701259855  3.703564E-14
6461.60051213325  3.222126E-14
6461.66401166794  2.619608E-14
6461.72751120263  2.871748E-14
6461.79101073732  3.449319E-14
6461.85451027201  3.156673E-14
6461.9180098067  2.779190E-14
6461.98150934139  3.485597E-14
6462.04500887608  3.193734E-14
6462.10850841077  3.607321E-14
6462.17200794546  3.054170E-14
6462.23550748015  2.819029E-14
6462.29900701484  3.667260E-14
6462.36250654954  3.109295E-14
6462.42600608423  2.784120E-14
6462.48950561892  3.963834E-14
6462.55300515361  3.196581E-14
6462.6165046883  3.350873E-14
6462.68000422299  3.544239E-14
6462.74350375768  3.291517E-14
6462.80700329237  4.200891E-14
6462.87050282706  3.641664E-14
6462.93400236175  3.307195E-14
6462.99750189645  3.592717E-14
6463.06100143114  3.117088E-14
6463.12450096583  2.668325E-14
6463.18800050052  3.276840E-14
6463.25150003521  3.422943E-14
6463.3149995699  2.441885E-14
6463.37849910459  2.997325E-14
6463.44199863928  3.529707E-14
6463.50549817397  3.675080E-14
6463.56899770866  3.625388E-14
6463.63249724335  3.477381E-14
6463.69599677805  3.594815E-14
6463.75949631274  3.597994E-14
6463.82299584743  3.855201E-14
6463.88649538212  3.796017E-14
6463.94999491681  3.429213E-14
6464.0134944515  3.347719E-14
6464.07699398619  2.976212E-14
6464.14049352088  3.135821E-14
6464.20399305557  3.613896E-14
6464.26749259027  3.406803E-14
6464.33099212495  3.380841E-14
6464.39449165965  3.328247E-14
6464.45799119434  2.600425E-14
6464.52149072903  3.197266E-14
6464.58499026372  3.992203E-14
6464.64848979841  3.794122E-14
6464.7119893331  3.334993E-14
6464.77548886779  3.202079E-14
6464.83898840248  3.333559E-14
6464.90248793717  3.558768E-14
6464.96598747187  3.450017E-14
6465.02948700656  2.680297E-14
6465.09298654125  2.554968E-14
6465.15648607594  2.913611E-14
6465.21998561063  4.033978E-14
6465.28348514532  2.834072E-14
6465.34698468001  2.864509E-14
6465.4104842147  3.873088E-14
6465.47398374939  3.784210E-14
6465.53748328408  3.636979E-14
6465.60098281877  3.333025E-14
6465.66448235347  2.599686E-14
6465.72798188816  2.702254E-14
6465.79148142285  3.627049E-14
6465.85498095754  4.442069E-14
6465.91848049223  4.530963E-14
6465.98198002692  4.502860E-14
6466.04547956161  4.134273E-14
6466.1089790963  3.731242E-14
6466.17247863099  2.804806E-14
6466.23597816568  3.076893E-14
6466.29947770037  2.983459E-14
6466.36297723507  3.439774E-14
6466.42647676976  3.013583E-14
6466.48997630445  2.397692E-14
6466.55347583914  2.761533E-14
6466.61697537383  2.752297E-14
6466.68047490852  2.766524E-14
6466.74397444321  3.316142E-14
6466.8074739779  3.227855E-14
6466.87097351259  2.576272E-14
6466.93447304728  3.264590E-14
6466.99797258197  4.117056E-14
6467.06147211666  3.762708E-14
6467.12497165136  2.974671E-14
6467.18847118605  3.540367E-14
6467.25197072074  3.479714E-14
6467.31547025543  3.325465E-14
6467.37896979012  2.536412E-14
6467.44246932481  2.322960E-14
6467.5059688595  2.545096E-14
6467.56946839419  2.872527E-14
6467.63296792888  3.393052E-14
6467.69646746357  2.835909E-14
6467.75996699827  2.818740E-14
6467.82346653296  3.806685E-14
6467.88696606765  3.905845E-14
6467.95046560234  2.827488E-14
6468.01396513703  3.150509E-14
6468.07746467172  3.135763E-14
6468.14096420641  2.645539E-14
6468.2044637411  3.093276E-14
6468.26796327579  3.803408E-14
6468.33146281049  3.052322E-14
6468.39496234518  2.936537E-14
6468.45846187987  3.084433E-14
6468.52196141456  3.238650E-14
6468.58546094925  3.347641E-14
6468.64896048394  3.607633E-14
6468.71246001863  4.154915E-14
6468.77595955332  4.130083E-14
6468.83945908801  3.891608E-14
6468.9029586227  3.302317E-14
6468.96645815739  4.039870E-14
6469.02995769209  3.894581E-14
6469.09345722677  5.605504E-14
6469.15695676147  5.236819E-14
6469.22045629616  5.854337E-14
6469.28395583085  1.326808E-14
6469.34745536554  -2.932715E-15
6469.41095490023  -1.833240E-14
6469.47445443492  4.040946E-14
6469.53795396961  8.454262E-14
6469.6014535043  7.605106E-14
6469.66495303899  8.190029E-14
6469.72845257369  1.004152E-13
6469.79195210838  1.228077E-13
6469.85545164307  1.418706E-13
6469.91895117776  1.545010E-13
6469.98245071245  1.864828E-13
6470.04595024714  2.213037E-13
6470.10944978183  2.387397E-13
6470.17294931652  2.639127E-13
6470.23644885121  2.164764E-13
6470.2999483859  -1.183705E-13
6470.36344792059  -1.741700E-13
6470.42694745529  -1.327097E-13
6470.49044698998  1.976063E-13
6470.55394652467  2.984488E-13
6470.61744605936  3.018130E-13
6470.68094559405  3.122951E-13
6470.74444512874  2.939658E-13
6470.80794466343  2.851347E-13
6470.87144419812  3.019622E-13
6470.93494373281  3.224945E-13
6470.9984432675  3.064111E-13
6471.06194280219  2.715227E-13
6471.12544233689  2.404760E-13
6471.18894187158  2.119805E-13
6471.25244140627  2.087189E-13
6471.31594094096  1.065928E-13
6471.37944047565  -7.814433E-14
6471.44294001034  -7.545688E-14
6471.50643954503  -3.174714E-14
6471.56993907972  9.210419E-14
6471.63343861441  6.940429E-14
6471.69693814911  1.010993E-13
6471.7604376838  2.921989E-13
6471.82393721849  1.084220E-13
6471.88743675318  2.878598E-14
6471.95093628787  4.782196E-14
6472.01443582256  5.763850E-14
6472.07793535725  5.181330E-14
6472.14143489194  4.078585E-14
6472.20493442663  3.685143E-14
6472.26843396132  3.393827E-14
6472.33193349601  3.290669E-14
6472.3954330307  2.982010E-14
6472.4589325654  2.772888E-14
6472.52243210009  2.254816E-14
6472.58593163478  1.881285E-14
6472.64943116947  1.778450E-14
6472.71293070416  6.642937E-14
6472.77643023885  1.441257E-13
6472.83992977354  7.862137E-14
6472.90342930823  2.735972E-14
6472.96692884292  2.866639E-14
6473.03042837761  3.374983E-14
6473.09392791231  3.388416E-14
6473.157427447  2.990271E-14
6473.22092698169  3.036422E-14
6473.28442651638  3.493627E-14
6473.34792605107  3.695488E-14
6473.41142558576  3.249781E-14
6473.47492512045  3.576458E-14
6473.53842465514  2.953640E-14
6473.60192418983  2.510409E-14
6473.66542372452  2.677906E-14
6473.72892325921  6.882257E-14
6473.79242279391  1.295049E-13
6473.8559223286  6.912665E-14
6473.91942186329  1.620892E-14
6473.98292139798  3.086603E-14
6474.04642093267  3.207169E-14
6474.10992046736  3.210975E-14
6474.17342000205  3.458340E-14
6474.23691953674  3.728186E-14
6474.30041907143  3.386346E-14
6474.36391860613  2.491741E-14
6474.42741814082  3.060326E-14
6474.49091767551  3.172733E-14
6474.5544172102  3.408197E-14
6474.61791674489  3.604502E-14
6474.68141627958  3.626831E-14
6474.74491581427  3.541129E-14
6474.80841534896  3.108740E-14
6474.87191488365  3.128590E-14
6474.93541441834  2.648507E-14
6474.99891395303  3.311001E-14
6475.06241348772  3.038703E-14
6475.12591302242  2.480104E-14
6475.18941255711  3.304685E-14
6475.2529120918  3.403772E-14
6475.31641162649  3.474504E-14
6475.37991116118  2.995054E-14
6475.44341069587  3.699961E-14
6475.50691023056  4.349806E-14
6475.57040976525  3.535014E-14
6475.63390929994  3.192265E-14
6475.69740883463  3.149519E-14
6475.76090836932  3.254108E-14
6475.82440790402  3.821775E-14
6475.88790743871  3.210578E-14
6475.9514069734  2.904976E-14
6476.01490650809  3.656990E-14
6476.07840604278  3.265617E-14
6476.14190557747  2.432996E-14
6476.20540511216  3.231600E-14
6476.26890464685  3.245261E-14
6476.33240418154  2.968819E-14
6476.39590371623  3.320658E-14
6476.45940325093  3.682953E-14
6476.52290278562  3.239481E-14
6476.58640232031  2.846848E-14
6476.649901855  3.490746E-14
6476.71340138969  3.037878E-14
6476.77690092438  2.676325E-14
6476.84040045907  3.059660E-14
6476.90389999376  3.646616E-14
6476.96739952845  3.610363E-14
6477.03089906314  3.029122E-14
6477.09439859783  3.402790E-14
6477.15789813253  3.628247E-14
6477.22139766722  3.058770E-14
6477.28489720191  -7.735728E-15
6477.3483967366  3.326908E-13
6477.41189627129  8.302552E-13
6477.47539580598  3.522244E-14
6477.53889534067  1.873193E-14
6477.60239487536  3.247554E-14
6477.66589441005  2.737032E-14
6477.72939394474  2.559492E-14
6477.79289347944  2.853408E-14
6477.85639301412  3.824320E-14
6477.91989254882  4.116725E-14
6477.98339208351  3.330807E-14
6478.0468916182  4.139145E-14
6478.11039115289  3.704798E-14
6478.17389068758  4.069983E-14
6478.23739022227  3.662689E-14
6478.30088975696  3.150042E-14
6478.36438929165  2.949347E-14
6478.42788882634  3.205958E-14
6478.49138836103  3.518339E-14
6478.55488789573  3.426794E-14
6478.61838743042  3.398258E-14
6478.68188696511  3.050570E-14
6478.7453864998  2.897987E-14
6478.80888603449  3.722119E-14
6478.87238556918  3.809602E-14
6478.93588510387  2.829394E-14
6478.99938463856  3.146576E-14
6479.06288417325  3.389622E-14
6479.12638370795  2.270516E-14
6479.18988324264  3.550353E-14
6479.25338277733  3.705184E-14
6479.31688231202  3.370476E-14
6479.38038184671  2.854171E-14
6479.4438813814  2.568895E-14
6479.50738091609  3.140130E-14
6479.57088045078  3.409675E-14
6479.63437998547  3.510046E-14
6479.69787952016  2.953092E-14
6479.76137905485  2.979648E-14
6479.82487858955  2.891235E-14
6479.88837812424  3.057152E-14
6479.95187765893  3.148826E-14
6480.01537719362  3.196820E-14
6480.07887672831  3.121362E-14
6480.142376263  3.340246E-14
6480.20587579769  3.689150E-14
6480.26937533238  3.474976E-14
6480.33287486707  3.412225E-14
6480.39637440176  4.005769E-14
6480.45987393645  4.033571E-14
6480.52337347114  3.580410E-14
6480.58687300584  3.468174E-14
6480.65037254053  3.415985E-14
6480.71387207522  3.531558E-14
6480.77737160991  2.843604E-14
6480.8408711446  2.718543E-14
6480.90437067929  3.021309E-14
6480.96787021398  3.596180E-14
6481.03136974867  3.466455E-14
6481.09486928336  3.787448E-14
6481.15836881806  3.672301E-14
6481.22186835275  3.654013E-14
6481.28536788744  3.253004E-14
6481.34886742213  3.207416E-14
6481.41236695682  3.605783E-14
6481.47586649151  3.670934E-14
6481.5393660262  3.646957E-14
6481.60286556089  3.415872E-14
6481.66636509558  3.961903E-14
6481.72986463027  3.696147E-14
6481.79336416496  3.315061E-14
6481.85686369965  3.593662E-14
6481.92036323435  3.206022E-14
6481.98386276904  3.100716E-14
6482.04736230373  2.972774E-14
6482.11086183842  2.856491E-14
6482.17436137311  2.569660E-14
6482.2378609078  2.562259E-14
6482.30136044249  3.082528E-14
6482.36485997718  3.032680E-14
6482.42835951187  3.279492E-14
6482.49185904656  3.473262E-14
6482.55535858126  4.007797E-14
6482.61885811595  4.192083E-14
6482.68235765064  3.504511E-14
6482.74585718533  2.777230E-14
6482.80935672002  4.460152E-14
6482.87285625471  4.431573E-14
6482.9363557894  4.297840E-14
6482.99985532409  3.724388E-14
6483.06335485878  3.456061E-14
6483.12685439347  3.129369E-14
6483.19035392816  3.430489E-14
6483.25385346286  3.269675E-14
6483.31735299755  3.111553E-14
6483.38085253224  2.761810E-14
6483.44435206693  2.786805E-14
6483.50785160162  3.216711E-14
6483.57135113631  3.191748E-14
6483.634850671  2.657638E-14
6483.69835020569  3.602116E-14
6483.76184974038  3.471978E-14
6483.82534927507  3.054443E-14
6483.88884880977  3.463336E-14
6483.95234834446  2.967818E-14
6484.01584787915  3.313255E-14
6484.07934741384  3.260958E-14
6484.14284694853  3.370244E-14
6484.20634648322  3.922740E-14
6484.26984601791  3.883323E-14
6484.3333455526  3.357828E-14
6484.39684508729  2.955327E-14
6484.46034462198  3.412128E-14
6484.52384415667  2.662920E-14
6484.58734369136  2.972392E-14
6484.65084322606  3.477894E-14
6484.71434276075  2.744014E-14
6484.77784229544  3.072922E-14
6484.84134183013  3.345880E-14
6484.90484136482  3.786913E-14
6484.96834089951  3.693025E-14
6485.0318404342  3.705224E-14
6485.09533996889  3.489612E-14
6485.15883950358  4.049993E-14
6485.22233903828  4.261740E-14
6485.28583857297  3.987537E-14
6485.34933810766  3.219065E-14
6485.41283764235  3.221489E-14
6485.47633717704  2.902219E-14
6485.53983671173  2.570499E-14
6485.60333624642  3.261777E-14
6485.66683578111  4.292686E-14
6485.7303353158  3.414256E-14
6485.79383485049  3.397839E-14
6485.85733438518  3.932858E-14
6485.92083391988  3.464179E-14
6485.98433345457  3.235969E-14
6486.04783298926  2.986537E-14
6486.11133252395  3.231118E-14
6486.17483205864  3.302046E-14
6486.23833159333  3.809671E-14
6486.30183112802  3.617567E-14
6486.36533066271  3.886553E-14
6486.4288301974  3.950656E-14
6486.49232973209  3.188385E-14
6486.55582926678  3.593867E-14
6486.61932880147  4.224457E-14
6486.68282833617  4.196898E-14
6486.74632787086  3.818669E-14
6486.80982740555  3.543167E-14
6486.87332694024  3.544710E-14
6486.93682647493  3.006725E-14
6487.00032600962  3.364998E-14
6487.06382554431  2.743034E-14
6487.127325079  2.742934E-14
6487.19082461369  3.742225E-14
6487.25432414838  3.312019E-14
6487.31782368308  3.659840E-14
6487.38132321777  3.339035E-14
6487.44482275246  2.439618E-14
6487.50832228715  2.990513E-14
6487.57182182184  3.442659E-14
6487.63532135653  3.196927E-14
6487.69882089122  2.551748E-14
6487.76232042591  2.452849E-14
6487.8258199606  3.596589E-14
6487.8893194953  2.968554E-14
6487.95281902999  2.771105E-14
6488.01631856468  2.788775E-14
6488.07981809937  3.553047E-14
6488.14331763406  4.073646E-14
6488.20681716875  3.052828E-14
6488.27031670344  2.940940E-14
6488.33381623813  3.210851E-14
6488.39731577282  3.141663E-14
6488.46081530751  3.191083E-14
6488.5243148422  3.167408E-14
6488.5878143769  2.476659E-14
6488.65131391159  3.042698E-14
6488.71481344628  3.669538E-14
6488.77831298097  3.741207E-14
6488.84181251566  3.506396E-14
6488.90531205035  3.128234E-14
6488.96881158504  3.185443E-14
6489.03231111973  3.857527E-14
6489.09581065442  3.103885E-14
6489.15931018911  3.692973E-14
6489.2228097238  3.971744E-14
6489.28630925849  3.032226E-14
6489.34980879319  3.708922E-14
6489.41330832788  3.260269E-14
6489.47680786257  2.911528E-14
6489.54030739726  3.328141E-14
6489.60380693195  3.423608E-14
6489.66730646664  3.606147E-14
6489.73080600133  2.795067E-14
6489.79430553602  3.013383E-14
6489.85780507071  3.165932E-14
6489.9213046054  3.367230E-14
6489.9848041401  3.289010E-14
6490.04830367479  3.015901E-14
6490.11180320948  3.893411E-14
6490.17530274417  3.885165E-14
6490.23880227886  3.409838E-14
6490.30230181355  3.494063E-14
6490.36580134824  5.126219E-14
6490.42930088293  5.260843E-14
6490.49280041762  5.580205E-14
6490.55629995232  4.412302E-14
6490.619799487  4.865592E-14
6490.6832990217  5.637077E-14
6490.74679855639  5.266993E-14
6490.81029809108  4.850573E-14
6490.87379762577  4.616214E-14
6490.93729716046  4.268057E-14
6491.00079669515  5.284401E-14
6491.06429622984  4.362031E-14
6491.12779576453  4.438564E-14
6491.19129529922  3.306191E-14
6491.25479483392  3.110725E-14
6491.31829436861  3.163143E-14
6491.3817939033  3.874561E-14
6491.44529343799  3.608361E-14
6491.50879297268  4.300289E-14
6491.57229250737  2.923556E-14
6491.63579204206  3.098496E-14
6491.69929157675  3.638357E-14
6491.76279111144  2.873893E-14
6491.82629064613  3.093857E-14
6491.88979018082  2.755990E-14
6491.95328971551  2.725646E-14
6492.01678925021  2.551924E-14
6492.0802887849  3.707048E-14
6492.14378831959  3.095759E-14
6492.20728785428  2.429832E-14
6492.27078738897  2.773085E-14
6492.33428692366  2.847982E-14
6492.39778645835  2.982632E-14
6492.46128599304  2.797306E-14
6492.52478552773  3.099425E-14
6492.58828506242  2.488933E-14
6492.65178459712  2.739301E-14
6492.71528413181  3.246868E-14
6492.7787836665  3.151247E-14
6492.84228320119  3.316971E-14
6492.90578273588  3.227373E-14
6492.96928227057  2.410338E-14
6493.03278180526  1.843012E-14
6493.09628133995  2.255599E-14
6493.15978087464  2.615142E-14
6493.22328040933  4.018316E-14
6493.28677994402  3.195607E-14
6493.35027947872  2.344209E-14
6493.41377901341  2.598996E-14
6493.4772785481  2.988607E-14
6493.54077808279  2.917530E-14
6493.60427761748  2.816233E-14
6493.66777715217  3.229901E-14
6493.73127668686  3.484252E-14
6493.79477622155  3.695361E-14
6493.85827575624  3.605135E-14
6493.92177529093  3.022264E-14
6493.98527482563  3.618375E-14
6494.04877436031  4.026282E-14
6494.11227389501  2.992794E-14
6494.1757734297  3.505090E-14
6494.23927296439  3.459119E-14
6494.30277249908  2.817496E-14
6494.36627203377  3.176177E-14
6494.42977156846  3.740199E-14
6494.49327110315  3.682611E-14
6494.55677063784  3.146054E-14
6494.62027017253  3.449555E-14
6494.68376970722  3.067816E-14
6494.74726924192  3.930029E-14
6494.81076877661  3.346307E-14
6494.8742683113  3.317719E-14
6494.93776784599  3.552665E-14
6495.00126738068  3.051138E-14
6495.06476691537  3.203400E-14
6495.12826645006  3.408685E-14
6495.19176598475  2.805712E-14
6495.25526551944  3.155525E-14
6495.31876505414  3.824260E-14
6495.38226458883  3.512034E-14
6495.44576412352  3.642285E-14
6495.50926365821  3.757074E-14
6495.5727631929  3.245837E-14
6495.63626272759  3.166725E-14
6495.69976226228  2.705665E-14
6495.76326179697  6.800544E-14
6495.82676133166  1.734891E-13
6495.89026086635  2.888297E-14
6495.95376040104  2.283982E-14
6496.01725993574  2.773708E-14
6496.08075947043  3.162299E-14
6496.14425900512  3.507225E-14
6496.20775853981  3.540704E-14
6496.2712580745  3.492643E-14
6496.33475760919  2.456060E-14
6496.39825714388  3.321957E-14
6496.46175667857  2.960106E-14
6496.52525621326  3.783318E-14
6496.58875574795  3.494586E-14
6496.65225528264  2.640347E-14
6496.71575481734  3.001057E-14
6496.77925435203  3.212333E-14
6496.84275388672  3.016268E-14
6496.90625342141  3.463905E-14
6496.9697529561  3.362115E-14
6497.03325249079  3.657547E-14
6497.09675202548  3.604073E-14
6497.16025156017  3.333731E-14
6497.22375109486  3.695557E-14
6497.28725062955  3.611282E-14
6497.35075016424  3.340546E-14
6497.41424969893  3.614491E-14
6497.47774923363  4.310790E-14
6497.54124876832  3.483645E-14
6497.60474830301  3.456328E-14
6497.6682478377  4.190714E-14
6497.73174737239  3.832445E-14
6497.79524690708  3.601569E-14
6497.85874644177  3.166639E-14
6497.92224597646  2.998866E-14
6497.98574551115  2.768088E-14
6498.04924504584  3.379183E-14
6498.11274458054  3.713675E-14
6498.17624411523  4.013722E-14
6498.23974364992  4.038009E-14
6498.30324318461  3.006923E-14
6498.3667427193  2.651506E-14
6498.43024225399  3.797385E-14
6498.49374178868  3.394163E-14
6498.55724132337  3.583760E-14
6498.62074085806  5.481258E-14
6498.68424039275  8.006029E-14
6498.74773992745  8.480618E-14
6498.81123946214  6.552916E-14
6498.87473899683  4.393392E-14
6498.93823853152  3.398190E-14
6499.00173806621  3.107800E-14
6499.0652376009  2.874191E-14
6499.12873713559  3.011295E-14
6499.19223667028  2.893825E-14
6499.25573620497  3.043749E-14
6499.31923573967  3.150018E-14
6499.38273527436  3.666944E-14
6499.44623480905  3.687216E-14
6499.50973434374  2.589398E-14
6499.57323387843  4.182147E-14
6499.63673341312  3.514840E-14
6499.70023294781  3.887633E-14
6499.7637324825  3.728901E-14
6499.82723201719  3.735887E-14
6499.89073155188  4.170439E-14
6499.95423108657  4.002244E-14
6500.01773062126  5.600777E-14
6500.08123015595  5.160066E-14
6500.14472969064  5.166292E-14
6500.20822922534  3.806202E-14
6500.27172876003  4.175026E-14
6500.33522829472  4.691049E-14
6500.39872782941  4.298180E-14
6500.4622273641  3.473381E-14
6500.52572689879  3.754709E-14
6500.58922643348  3.657553E-14
6500.65272596817  4.094206E-14
6500.71622550287  4.047697E-14
6500.77972503756  3.684815E-14
6500.84322457225  3.189523E-14
6500.90672410694  3.647827E-14
6500.97022364163  3.628613E-14
6501.03372317632  4.203712E-14
6501.09722271101  4.056577E-14
6501.1607222457  3.935696E-14
6501.22422178039  2.737313E-14
6501.28772131508  4.414109E-14
6501.35122084977  4.147308E-14
6501.41472038446  4.767767E-14
6501.47821991916  4.494673E-14
6501.54171945385  3.566845E-14
6501.60521898854  3.146152E-14
6501.66871852323  3.408705E-14
6501.73221805792  3.478215E-14
6501.79571759261  2.807931E-14
6501.8592171273  3.761350E-14
6501.92271666199  3.589975E-14
6501.98621619668  3.552187E-14
6502.04971573137  4.200224E-14
6502.11321526607  3.267954E-14
6502.17671480076  2.803496E-14
6502.24021433545  2.818265E-14
6502.30371387014  2.287841E-14
6502.36721340483  3.238172E-14
6502.43071293952  2.857349E-14
6502.49421247421  3.377322E-14
6502.5577120089  3.966257E-14
6502.62121154359  3.836056E-14
6502.68471107828  3.673388E-14
6502.74821061297  3.555409E-14
6502.81171014767  -2.590477E-14
6502.87520968236  7.495498E-13
6502.93870921705  1.712377E-12
6503.00220875174  -9.479676E-14
6503.06570828643  3.650781E-14
6503.12920782112  2.774732E-14
6503.19270735581  2.807803E-14
6503.2562068905  3.012630E-14
6503.31970642519  3.722374E-14
6503.38320595988  3.280756E-14
6503.44670549457  2.272896E-14
6503.51020502927  2.908977E-14
6503.57370456396  3.471315E-14
6503.63720409865  2.594800E-14
6503.70070363334  3.581229E-14
6503.76420316803  3.875164E-14
6503.82770270272  3.754161E-14
6503.89120223741  3.294794E-14
6503.9547017721  3.427515E-14
6504.01820130679  4.076181E-14
6504.08170084148  4.158554E-14
6504.14520037617  3.320261E-14
6504.20869991087  4.099581E-14
6504.27219944556  3.799106E-14
6504.33569898025  2.866121E-14
6504.39919851494  3.350180E-14
6504.46269804963  3.018551E-14
6504.52619758432  3.401212E-14
6504.58969711901  3.838660E-14
6504.6531966537  3.849842E-14
6504.71669618839  3.744001E-14
6504.78019572308  2.925953E-14
6504.84369525778  3.002086E-14
6504.90719479247  4.307487E-14
6504.97069432716  5.097255E-14
6505.03419386185  4.578450E-14
6505.09769339654  4.405949E-14
6505.16119293123  3.650707E-14
6505.22469246592  3.579431E-14
6505.28819200061  3.926858E-14
6505.3516915353  2.824592E-14
6505.41519106999  3.319708E-14
6505.47869060468  3.031413E-14
6505.54219013938  3.859528E-14
6505.60568967407  4.135331E-14
6505.66918920876  3.316663E-14
6505.73268874345  2.865944E-14
6505.79618827814  2.456474E-14
6505.85968781283  2.892118E-14
6505.92318734752  2.858291E-14
6505.98668688221  3.155077E-14
6506.0501864169  3.429965E-14
6506.11368595159  3.939857E-14
6506.17718548628  4.087806E-14
6506.24068502098  3.869285E-14
6506.30418455567  3.690643E-14
6506.36768409036  3.510179E-14
6506.43118362505  3.325096E-14
6506.49468315974  2.890257E-14
6506.55818269443  2.817347E-14
6506.62168222912  3.047483E-14
6506.68518176381  4.100434E-14
6506.74868129851  2.567566E-14
6506.81218083319  3.196095E-14
6506.87568036789  3.685273E-14
6506.93917990258  2.939785E-14
6507.00267943727  3.085316E-14
6507.06617897196  2.185414E-14
6507.12967850665  3.305893E-14
6507.19317804134  3.362323E-14
6507.25667757603  4.100269E-14
6507.32017711072  4.070557E-14
6507.38367664541  3.085560E-14
6507.44717618011  3.038259E-14
6507.5106757148  4.000550E-14
6507.57417524949  3.401986E-14
6507.63767478418  2.738394E-14
6507.70117431887  3.056221E-14
6507.76467385356  2.979111E-14
6507.82817338825  3.297203E-14
6507.89167292294  3.792152E-14
6507.95517245763  3.693671E-14
6508.01867199232  4.227182E-14
6508.08217152701  2.932736E-14
6508.14567106171  1.660259E-13
6508.2091705964  5.230443E-14
6508.27267013109  2.296415E-14
6508.33616966578  3.788855E-14
6508.39966920047  3.068275E-14
6508.46316873516  3.422483E-14
6508.52666826985  3.456003E-14
6508.59016780454  3.818839E-14
6508.65366733923  3.543484E-14
6508.71716687392  3.769334E-14
6508.78066640861  3.782949E-14
6508.8441659433  3.351822E-14
6508.907665478  4.019681E-14
6508.97116501269  3.279710E-14
6509.03466454738  2.980632E-14
6509.09816408207  3.950572E-14
6509.16166361676  2.153695E-14
6509.22516315145  3.005336E-14
6509.28866268614  3.245854E-14
6509.35216222083  3.490436E-14
6509.41566175552  3.943009E-14
6509.47916129021  3.972439E-14
6509.5426608249  4.831795E-14
6509.6061603596  4.654508E-14
6509.66965989429  3.320286E-14
6509.73315942898  4.343498E-14
6509.79665896367  4.114833E-14
6509.86015849836  4.206498E-14
6509.92365803305  4.300371E-14
6509.98715756774  2.696843E-14
6510.05065710243  2.137662E-14
6510.11415663712  3.254567E-14
6510.17765617181  4.971547E-14
6510.24115570651  3.659271E-14
6510.3046552412  4.527434E-14
6510.36815477589  5.257484E-14
6510.43165431058  4.124228E-14
6510.49515384527  3.600356E-14
6510.55865337996  3.365440E-14
6510.62215291465  3.533757E-14
6510.68565244934  3.205119E-14
6510.74915198403  3.062535E-14
6510.81265151872  2.740406E-14
6510.87615105342  2.658976E-14
6510.93965058811  3.971561E-14
6511.0031501228  3.641092E-14
6511.06664965749  3.830088E-14
6511.13014919218  3.346959E-14
6511.19364872687  4.448954E-14
6511.25714826156  3.656685E-14
6511.32064779625  3.290472E-14
6511.38414733094  4.229423E-14
6511.44764686563  3.035954E-14
6511.51114640032  2.249903E-14
6511.57464593502  2.752203E-14
6511.63814546971  3.621994E-14
6511.7016450044  3.313582E-14
6511.76514453909  3.592576E-14
6511.82864407378  3.736032E-14
6511.89214360847  4.334078E-14
6511.95564314316  2.895291E-14
6512.01914267785  3.035214E-14
6512.08264221254  2.927958E-14
6512.14614174723  2.706434E-14
6512.20964128193  3.761044E-14
6512.27314081662  3.248073E-14
6512.33664035131  3.349510E-14
6512.400139886  3.475409E-14
6512.46363942069  4.179684E-14
6512.52713895538  3.463395E-14
6512.59063849007  3.675170E-14
6512.65413802476  3.658886E-14
6512.71763755945  3.143185E-14
6512.78113709414  3.267426E-14
6512.84463662883  2.709454E-14
6512.90813616352  3.416828E-14
6512.97163569822  3.105179E-14
6513.03513523291  3.909605E-14
6513.0986347676  3.427295E-14
6513.16213430229  2.998367E-14
6513.22563383698  2.735189E-14
6513.28913337167  3.456735E-14
6513.35263290636  3.522537E-14
6513.41613244105  3.103281E-14
6513.47963197574  3.202182E-14
6513.54313151044  3.191554E-14
6513.60663104512  3.863125E-14
6513.67013057982  3.776636E-14
6513.73363011451  2.622901E-14
6513.7971296492  3.750082E-14
6513.86062918389  2.656483E-14
6513.92412871858  2.235580E-14
6513.98762825327  1.537079E-13
6514.05112778796  3.032402E-13
6514.11462732265  2.999581E-14
6514.17812685734  4.426146E-14
6514.24162639203  4.452881E-14
6514.30512592673  4.449519E-14
6514.36862546142  5.099109E-14
6514.43212499611  4.982804E-14
6514.4956245308  3.379594E-14
6514.55912406549  3.596717E-14
6514.62262360018  3.220543E-14
6514.68612313487  4.571263E-14
6514.74962266956  3.647848E-14
6514.81312220425  3.745447E-14
6514.87662173894  6.918741E-14
6514.94012127364  4.844581E-14
6515.00362080833  4.368125E-14
6515.06712034302  4.589352E-14
6515.13061987771  4.374457E-14
6515.1941194124  3.354700E-14
6515.25761894709  4.387626E-14
6515.32111848178  3.264132E-14
6515.38461801647  3.601941E-14
6515.44811755116  3.821089E-14
6515.51161708585  4.876906E-14
6515.57511662054  4.809002E-14
6515.63861615524  3.373200E-14
6515.70211568993  3.358868E-14
6515.76561522462  2.723604E-14
6515.82911475931  2.482093E-14
6515.892614294  5.072600E-14
6515.95611382869  3.570295E-14
6516.01961336338  4.338428E-14
6516.08311289807  3.348834E-14
6516.14661243276  3.757999E-14
6516.21011196745  3.097268E-14
6516.27361150215  3.780811E-14
6516.33711103684  3.751459E-14
6516.40061057153  3.144089E-14
6516.46411010622  3.148274E-14
6516.52760964091  3.367823E-14
6516.5911091756  3.841093E-14
6516.65460871029  2.927311E-14
6516.71810824498  3.058937E-14
6516.78160777967  4.328773E-14
6516.84510731436  3.925908E-14
6516.90860684905  4.250422E-14
6516.97210638375  5.112310E-14
6517.03560591844  4.085869E-14
6517.09910545313  4.044203E-14
6517.16260498782  3.850976E-14
6517.22610452251  4.296406E-14
6517.2896040572  3.924994E-14
6517.35310359189  2.897121E-14
6517.41660312658  2.495024E-14
6517.48010266127  2.405084E-14
6517.54360219596  2.882777E-14
6517.60710173065  3.098778E-14
6517.67060126535  2.905982E-14
6517.73410080004  3.705550E-14
6517.79760033473  2.989764E-14
6517.86109986942  2.240440E-14
6517.92459940411  3.458210E-14
6517.9880989388  3.546055E-14
6518.05159847349  4.309454E-14
6518.11509800818  4.541957E-14
6518.17859754287  3.203421E-14
6518.24209707756  4.478730E-14
6518.30559661226  3.429557E-14
6518.36909614695  4.560204E-14
6518.43259568164  3.304603E-14
6518.49609521633  4.414306E-14
6518.55959475102  3.612654E-14
6518.62309428571  5.186631E-14
6518.6865938204  4.744241E-14
6518.75009335509  2.970938E-14
6518.81359288978  3.381753E-14
6518.87709242447  2.760330E-14
6518.94059195917  3.915145E-14
6519.00409149386  5.376535E-14
6519.06759102855  4.067641E-14
6519.13109056324  3.106673E-14
6519.19459009793  4.133319E-14
6519.25808963262  3.578194E-14
6519.32158916731  3.146604E-14
6519.385088702  3.816023E-14
6519.44858823669  3.256542E-14
6519.51208777138  4.318648E-14
6519.57558730607  4.667163E-14
6519.63908684076  2.894754E-14
6519.70258637545  4.895303E-14
6519.76608591015  3.078315E-14
6519.82958544484  3.077386E-14
6519.89308497953  2.863748E-14
6519.95658451422  4.460361E-14
6520.02008404891  3.935978E-14
6520.0835835836  3.515706E-14
6520.14708311829  4.791385E-14
6520.21058265298  4.320622E-14
6520.27408218767  4.214596E-14
6520.33758172236  3.337525E-14
6520.40108125706  2.824848E-14
6520.46458079175  3.427579E-14
6520.52808032644  2.105091E-14
6520.59157986113  4.567687E-14
6520.65507939582  4.716204E-14
6520.71857893051  4.494739E-14
6520.7820784652  3.762961E-14
6520.84557799989  2.988433E-14
6520.90907753458  3.731573E-14
6520.97257706928  4.300411E-14
6521.03607660397  1.470785E-14
6521.09957613866  4.881278E-14
6521.16307567335  4.447851E-14
6521.22657520804  3.467649E-14
6521.29007474273  4.248955E-14
6521.35357427742  3.542836E-14
6521.41707381211  3.228171E-14
6521.4805733468  3.674350E-14
6521.54407288149  4.483238E-14
6521.60757241618  4.946510E-14
6521.67107195088  4.252230E-14
6521.73457148557  1.009946E-14
6521.79807102026  1.962473E-13
6521.86157055495  4.126996E-14
6521.92507008964  4.132376E-14
6521.98856962433  3.443931E-14
6522.05206915902  3.072384E-14
6522.11556869371  4.789517E-14
6522.1790682284  2.888029E-14
6522.24256776309  3.208783E-14
6522.30606729778  4.129127E-14
6522.36956683248  5.543570E-14
6522.43306636717  7.635045E-14
6522.49656590186  1.280903E-14
6522.56006543655  1.770059E-13
6522.62356497124  9.397348E-14
6522.68706450593  2.184073E-14
6522.75056404062  3.646689E-14
6522.81406357531  3.539513E-14
6522.87756311  3.289280E-14
6522.94106264469  7.180521E-14
6523.00456217938  5.286028E-14
6523.06806171408  3.373959E-14
6523.13156124877  3.910353E-14
6523.19506078346  3.731880E-14
6523.25856031815  3.115599E-14
6523.32205985284  4.599997E-14
6523.38555938753  4.241587E-14
6523.44905892222  1.861906E-14
6523.51255845691  3.392089E-15
6523.5760579916  1.429899E-13
6523.6395575263  1.535690E-13
6523.70305706098  3.136672E-14
6523.76655659568  2.153218E-14
6523.83005613037  9.952772E-15
6523.89355566506  2.155344E-14
6523.95705519975  2.267423E-14
6524.02055473444  3.333225E-14
6524.08405426913  5.531444E-14
6524.14755380382  3.522860E-14
6524.21105333851  1.923998E-14
6524.2745528732  3.303133E-14
6524.33805240789  5.125808E-14
6524.40155194259  4.471896E-14
6524.46505147728  4.740439E-14
6524.52855101197  3.498621E-14
6524.59205054666  3.470033E-14
6524.65555008135  4.040186E-14
6524.71904961604  4.834649E-14
6524.78254915073  3.835855E-14
6524.84604868542  3.837029E-14
6524.90954822011  3.588297E-14
6524.9730477548  3.445005E-14
6525.03654728949  4.131225E-14
6525.10004682419  2.428000E-14
6525.16354635888  3.612042E-14
6525.22704589357  3.513799E-14
6525.29054542826  4.015008E-14
6525.35404496295  5.943348E-14
6525.41754449764  7.123248E-14
6525.48104403233  4.699874E-14
6525.54454356702  7.967412E-14
6525.60804310171  6.595625E-14
6525.6715426364  5.617251E-14
6525.7350421711  6.759344E-14
6525.79854170579  7.286809E-14
6525.86204124048  8.917978E-14
6525.92554077517  8.986735E-14
6525.98904030986  9.107457E-14
6526.05253984455  9.442170E-14
6526.11603937924  1.077718E-13
6526.17953891393  1.173180E-13
6526.24303844862  9.860647E-14
6526.30653798332  1.144798E-13
6526.370037518  9.797915E-14
6526.4335370527  1.045726E-13
6526.49703658739  8.999538E-14
6526.56053612208  7.375241E-14
6526.62403565677  8.174064E-14
6526.68753519146  5.739906E-14
6526.75103472615  4.660905E-14
6526.81453426084  5.748411E-14
6526.87803379553  8.419197E-14
6526.94153333022  5.285330E-14
6527.00503286492  5.750577E-14
6527.06853239961  4.866820E-14
6527.1320319343  3.936618E-14
6527.19553146899  3.726908E-14
6527.25903100368  3.204254E-14
6527.32253053837  1.410865E-14
6527.38603007306  2.190827E-14
6527.44952960775  6.484238E-14
6527.51302914244  2.447201E-14
6527.57652867713  4.827474E-14
6527.64002821182  4.968443E-14
6527.70352774652  6.044206E-14
6527.76702728121  5.590166E-14
6527.8305268159  4.155844E-14
6527.89402635059  6.131598E-14
6527.95752588528  3.666764E-14
6528.02102541997  2.286670E-14
6528.08452495466  4.315194E-14
6528.14802448935  3.859359E-14
6528.21152402404  5.180871E-14
6528.27502355873  4.534539E-14
6528.33852309342  4.244790E-14
6528.40202262812  2.412966E-14
6528.46552216281  2.423076E-14
6528.5290216975  4.063273E-14
6528.59252123219  3.643143E-14
6528.65602076688  2.052257E-14
6528.71952030157  3.739429E-14
6528.78301983626  3.454581E-14
6528.84651937095  3.181555E-14
6528.91001890564  3.576217E-14
6528.97351844033  4.462788E-14
6529.03701797502  5.156717E-14
6529.10051750971  4.287124E-14
6529.16401704441  5.017366E-14
6529.2275165791  3.630384E-14
6529.29101611379  2.836966E-14
6529.35451564848  5.969504E-14
6529.41801518317  3.379511E-14
6529.48151471786  3.993915E-14
6529.54501425255  3.908251E-14
6529.60851378724  3.202134E-14
6529.67201332193  7.077456E-14
6529.73551285662  3.302544E-14
6529.79901239132  5.496017E-14
6529.86251192601  7.667878E-14
6529.9260114607  6.252137E-14
6529.98951099539  5.540850E-14
6530.05301053008  4.432387E-14
6530.11651006477  2.524990E-14
6530.18000959946  4.958934E-14
6530.24350913415  4.061331E-14
6530.30700866884  3.942451E-14
6530.37050820353  2.027498E-14
6530.43400773823  3.236979E-14
6530.49750727292  9.844236E-15
6530.56100680761  3.306314E-14
6530.6245063423  4.033441E-14
6530.68800587699  4.391614E-14
6530.75150541168  1.967791E-14
6530.81500494637  7.114547E-14
6530.87850448106  5.863102E-14
6530.94200401575  1.785563E-14
6531.00550355044  5.642442E-14
6531.06900308513  7.022494E-14
6531.13250261982  7.136415E-14
6531.19600215452  6.642646E-14
6531.25950168921  5.078426E-14
6531.3230012239  4.222794E-14
6531.38650075859  4.521927E-14
6531.45000029328  4.488516E-14
6531.51349982797  1.974711E-14
6531.57699936266  2.940661E-14
6531.64049889735  3.712162E-14
6531.70399843204  3.397069E-14
6531.76749796674  2.169509E-14
6531.83099750143  2.824640E-14
6531.89449703612  9.229407E-14
6531.95799657081  2.258297E-14
6532.0214961055  2.723601E-14
6532.08499564019  1.908561E-14
6532.14849517488  4.961457E-14
6532.21199470957  5.984838E-14
6532.27549424426  2.626528E-14
6532.33899377895  4.736142E-14
6532.40249331364  3.528782E-14
6532.46599284833  1.223644E-13
6532.52949238303  4.981904E-14
6532.59299191772  6.890768E-14
6532.65649145241  3.547986E-14
6532.7199909871  4.512996E-14
6532.78349052179  2.854896E-14
6532.84699005648  4.783736E-14
6532.91048959117  1.113059E-13
6532.97398912586  1.083306E-13
6533.03748866055  1.039244E-13
6533.10098819524  4.195150E-14
6533.16448772994  5.469176E-14
6533.22798726463  9.730117E-14
6533.29148679932  4.365917E-14
6533.35498633401  2.744513E-14
6533.4184858687  5.579555E-14
6533.48198540339  7.377872E-14
6533.54548493808  6.526997E-14
6533.60898447277  6.805738E-14
6533.67248400746  7.012343E-14
6533.73598354215  2.974924E-14
6533.79948307684  3.745499E-14
6533.86298261154  2.356852E-14
6533.92648214623  6.978767E-14
6533.98998168092  7.496155E-14
6534.05348121561  4.278429E-14
6534.1169807503  5.155214E-14
6534.18048028499  5.466138E-14
6534.24397981968  6.789812E-14
6534.30747935437  3.187888E-14
6534.37097888906  2.924657E-14
6534.43447842375  3.685024E-14
6534.49797795845  8.192020E-14
6534.56147749314  4.163940E-14
6534.62497702783  4.142595E-14
6534.68847656252  5.824901E-14
