6498.09228515622  1.368381E-13
6498.15666985341  5.435619E-14
6498.22105455061  5.551454E-14
6498.28543924781  5.332959E-14
6498.34982394501  -6.261997E-15
6498.41420864221  5.124705E-14
6498.4785933394  4.145461E-14
6498.5429780366  1.313082E-14
6498.6073627338  5.925040E-14
6498.67174743099  9.131691E-14
6498.73613212819  1.050679E-13
6498.80051682539  8.565114E-14
6498.86490152258  7.018737E-14
6498.92928621978  1.114967E-13
6498.99367091698  4.713668E-14
6499.05805561418  3.138867E-14
6499.12244031137  1.039988E-13
6499.18682500857  5.344920E-14
6499.25120970577  3.872440E-15
6499.31559440296  7.733307E-15
6499.37997910016  4.539233E-14
6499.44436379736  7.567125E-14
6499.50874849456  4.734211E-14
6499.57313319175  9.585704E-15
6499.63751788895  1.625055E-14
6499.70190258615  5.976739E-14
6499.76628728335  9.356888E-14
6499.83067198054  1.020299E-13
6499.89505667774  8.902150E-14
6499.95944137494  6.207312E-14
6500.02382607213  2.812632E-14
6500.08821076933  -1.469218E-15
6500.15259546653  4.741928E-15
6500.21698016373  5.275038E-14
6500.28136486092  7.955068E-14
6500.34574955812  5.940527E-14
6500.41013425532  3.939485E-14
6500.47451895251  6.601168E-14
6500.53890364971  1.025329E-13
6500.60328834691  8.187528E-14
6500.66767304411  3.193162E-14
6500.7320577413  9.236395E-15
6500.7964424385  1.139423E-14
6500.8608271357  4.899088E-14
6500.92521183289  5.813594E-14
6500.98959653009  3.194621E-14
6501.05398122729  5.166845E-14
6501.11836592449  5.110974E-14
6501.18275062168  3.878506E-14
6501.24713531888  3.809628E-14
6501.31152001608  3.176338E-14
6501.37590471328  1.458170E-14
6501.44028941047  5.159691E-14
6501.50467410767  1.056240E-13
6501.56905880487  8.478510E-14
6501.63344350206  7.027302E-14
6501.69782819926  1.006083E-13
6501.76221289646  1.318670E-13
6501.82659759365  9.536802E-14
6501.89098229085  9.303683E-17
6501.95536698805  4.265691E-15
6502.01975168525  7.141195E-14
6502.08413638244  7.285478E-14
6502.14852107964  3.294680E-14
6502.21290577684  9.628429E-15
6502.27729047404  2.298151E-14
6502.34167517123  4.261228E-14
6502.40605986843  3.235414E-14
6502.47044456563  2.762916E-14
6502.53482926283  4.125373E-14
6502.59921396002  6.286664E-14
6502.66359865722  7.077131E-14
6502.72798335442  3.252970E-14
6502.79236805161  3.191888E-14
6502.85675274881  9.365798E-14
6502.92113744601  1.363595E-13
6502.9855221432  1.017776E-13
6503.0499068404  2.442104E-14
6503.1142915376  -4.882410E-15
6503.17867623479  3.397131E-14
6503.24306093199  3.263497E-14
6503.30744562919  1.651605E-14
6503.37183032639  2.261354E-14
6503.43621502359  4.884602E-15
6503.50059972078  1.845876E-14
6503.56498441798  7.714240E-13
6503.62936911518  8.701748E-13
6503.69375381237  4.864484E-14
6503.75813850957  -2.137776E-14
6503.82252320677  1.211699E-14
6503.88690790396  1.706532E-14
6503.95129260116  6.048410E-14
6504.01567729836  7.610155E-14
6504.08006199556  4.604937E-14
6504.14444669276  3.562957E-14
6504.20883138995  3.761924E-14
6504.27321608715  1.946534E-14
6504.33760078434  2.659142E-14
6504.40198548154  6.080787E-14
6504.46637017874  8.348738E-14
6504.53075487594  8.114212E-14
6504.59513957314  8.209248E-14
6504.65952427033  6.707774E-14
6504.72390896753  4.385779E-14
6504.78829366473  3.069762E-14
6504.85267836192  3.524461E-14
6504.91706305912  5.403647E-14
6504.98144775632  5.705332E-14
6505.04583245352  5.506726E-14
6505.11021715071  6.376985E-14
6505.17460184791  4.833071E-14
6505.23898654511  3.819884E-14
6505.3033712423  6.093948E-14
6505.3677559395  8.422639E-14
6505.4321406367  5.247070E-14
6505.49652533389  3.463198E-14
6505.56091003109  2.235543E-14
6505.62529472829  9.557642E-15
6505.68967942549  2.645420E-14
6505.75406412268  5.436346E-14
6505.81844881988  2.090144E-14
6505.88283351708  4.036710E-15
6505.94721821428  7.655149E-14
6506.01160291147  9.601258E-14
6506.07598760867  4.289177E-14
6506.14037230587  8.017954E-15
6506.20475700307  3.588369E-14
6506.26914170026  5.752045E-14
6506.33352639746  3.963501E-14
6506.39791109466  4.140461E-15
6506.46229579185  1.245493E-14
6506.52668048905  6.786603E-14
6506.59106518625  5.289017E-14
6506.65544988345  3.738714E-14
6506.71983458064  5.020764E-14
6506.78421927784  5.380301E-14
6506.84860397504  4.311993E-14
6506.91298867223  6.029065E-14
6506.97737336943  5.292210E-14
6507.04175806663  1.561372E-14
6507.10614276383  2.322878E-14
6507.17052746102  5.294552E-14
6507.23491215822  7.326731E-14
6507.29929685542  8.029368E-14
6507.36368155261  7.323221E-14
6507.42806624981  3.914548E-14
6507.49245094701  6.421755E-14
6507.55683564421  6.488153E-14
6507.6212203414  1.135339E-14
6507.6856050386  2.334829E-14
6507.7499897358  2.581889E-14
6507.81437443299  2.322837E-14
6507.87875913019  3.332386E-14
6507.94314382739  5.135147E-14
6508.00752852459  7.892031E-14
6508.07191322178  6.862131E-14
6508.13629791898  3.934278E-14
6508.20068261618  3.321591E-14
6508.26506731338  4.481509E-14
6508.32945201057  5.200120E-14
6508.39383670777  3.786644E-14
6508.45822140497  2.013736E-14
6508.52260610216  2.565895E-14
6508.58699079936  3.805148E-14
6508.65137549656  2.639914E-14
6508.71576019376  2.436544E-14
6508.78014489095  4.109253E-14
6508.84452958815  2.726375E-14
6508.90891428535  5.409197E-14
6508.97329898254  6.690452E-14
6509.03768367974  2.865225E-14
6509.10206837694  1.670270E-15
6509.16645307414  4.451978E-14
6509.23083777133  5.315623E-14
6509.29522246853  1.845394E-14
6509.35960716573  7.960649E-15
6509.42399186292  3.564882E-14
6509.48837656012  5.386143E-14
6509.55276125732  4.473805E-14
6509.61714595452  2.963775E-14
6509.68153065171  3.340652E-14
6509.74591534891  4.748858E-14
6509.81030004611  4.805467E-14
6509.8746847433  3.591190E-14
6509.9390694405  3.326137E-14
6510.0034541377  5.039792E-14
6510.0678388349  5.822594E-14
6510.13222353209  6.658849E-14
6510.19660822929  5.823384E-14
6510.26099292649  2.125865E-14
6510.32537762369  1.307232E-14
6510.38976232088  3.008076E-14
6510.45414701808  3.466881E-14
6510.51853171528  2.362035E-14
6510.58291641247  3.178794E-14
6510.64730110967  5.141751E-14
6510.71168580687  4.401080E-14
6510.77607050407  3.809596E-14
6510.84045520126  5.203676E-14
6510.90483989846  2.624243E-14
6510.96922459566  2.561315E-14
6511.03360929285  4.480468E-14
6511.09799399005  4.830993E-14
6511.16237868725  4.123103E-14
6511.22676338445  5.467469E-14
6511.29114808164  4.029694E-14
6511.35553277884  2.428695E-14
6511.41991747604  4.371921E-14
6511.48430217323  5.658490E-14
6511.54868687043  3.052416E-14
6511.61307156763  2.923729E-14
6511.67745626483  3.840354E-14
6511.74184096202  1.955679E-14
6511.80622565922  4.763046E-14
6511.87061035642  8.322365E-14
6511.93499505362  6.905575E-14
6511.99937975081  3.240712E-14
6512.06376444801  3.337876E-14
6512.12814914521  2.250706E-14
6512.1925338424  4.390075E-14
6512.2569185396  6.583772E-14
6512.3213032368  5.396814E-14
6512.385687934  5.328193E-14
6512.4500726312  3.247463E-14
6512.51445732839  2.461564E-14
6512.57884202559  3.227804E-14
6512.64322672278  3.134035E-14
6512.70761141998  4.121601E-14
6512.77199611718  4.892323E-14
6512.83638081438  5.750021E-14
6512.90076551157  5.502432E-14
6512.96515020877  3.174828E-14
6513.02953490597  3.501150E-14
6513.09391960316  4.254338E-14
6513.15830430036  4.281037E-14
6513.22268899756  4.249089E-14
6513.28707369476  4.243774E-14
6513.35145839195  4.418974E-14
6513.41584308915  4.754460E-14
6513.48022778635  3.798146E-14
6513.54461248355  2.059906E-14
6513.60899718074  3.033829E-14
6513.67338187794  4.485252E-14
6513.73776657514  4.246537E-14
6513.80215127233  3.875791E-14
6513.86653596953  4.706194E-14
6513.93092066673  3.947441E-14
6513.99530536393  5.890131E-14
6514.05969006112  6.099554E-14
6514.12407475832  3.772433E-14
6514.18845945552  4.736133E-14
6514.25284415271  6.372161E-14
6514.31722884991  6.759903E-14
6514.38161354711  5.651716E-14
6514.44599824431  3.979262E-14
6514.5103829415  3.182185E-14
6514.5747676387  4.335211E-14
6514.6391523359  4.284541E-14
6514.70353703309  4.873608E-14
6514.76792173029  6.470644E-14
6514.83230642749  4.103223E-14
6514.89669112469  3.173871E-14
6514.96107582188  3.981771E-14
6515.02546051908  4.954233E-14
6515.08984521628  5.622302E-14
6515.15422991348  6.041492E-14
6515.21861461067  6.546487E-14
6515.28299930787  4.408484E-14
6515.34738400507  2.886405E-14
6515.41176870226  5.041991E-14
6515.47615339946  4.239268E-14
6515.54053809666  4.717505E-14
6515.60492279386  4.570545E-14
6515.66930749105  2.715451E-14
6515.73369218825  2.664821E-14
6515.79807688545  4.920574E-14
6515.86246158264  5.064789E-14
6515.92684627984  5.010138E-14
6515.99123097704  5.717452E-14
6516.05561567424  4.998512E-14
6516.12000037143  5.399454E-14
6516.18438506863  4.995935E-14
6516.24876976583  4.358385E-14
6516.31315446303  4.405351E-14
6516.37753916022  4.350987E-14
6516.44192385742  4.722752E-14
6516.50630855462  4.823915E-14
6516.57069325181  3.831030E-14
6516.63507794901  2.937844E-14
6516.69946264621  3.273973E-14
6516.7638473434  1.669792E-14
6516.8282320406  1.286892E-14
6516.8926167378  4.080226E-14
6516.957001435  6.569270E-14
6517.02138613219  5.307519E-14
6517.08577082939  5.225342E-14
6517.15015552659  3.726614E-14
6517.21454022379  2.428812E-14
6517.27892492098  3.750376E-14
6517.34330961818  4.806686E-14
6517.40769431538  3.603178E-14
6517.47207901258  2.580789E-14
6517.53646370977  3.000254E-14
6517.60084840697  3.973184E-14
6517.66523310417  4.524832E-14
6517.72961780136  4.376949E-14
6517.79400249856  4.341035E-14
6517.85838719576  4.128438E-14
6517.92277189295  3.166586E-14
6517.98715659015  2.970262E-14
6518.05154128735  6.395922E-14
6518.11592598455  6.844088E-14
6518.18031068175  4.835725E-14
6518.24469537894  3.908902E-14
6518.30908007614  2.948540E-14
6518.37346477334  2.531552E-14
6518.43784947053  2.786584E-14
6518.50223416773  3.933667E-14
6518.56661886493  5.060533E-14
6518.63100356212  4.754283E-14
6518.69538825932  4.124428E-14
6518.75977295652  3.585784E-14
6518.82415765371  3.314494E-14
6518.88854235091  3.746988E-14
6518.95292704811  4.742953E-14
6519.01731174531  4.777522E-14
6519.0816964425  4.546324E-14
6519.1460811397  3.989814E-14
6519.2104658369  3.559532E-14
6519.2748505341  3.893949E-14
6519.33923523129  3.650721E-14
6519.40361992849  5.200141E-14
6519.46800462569  5.330730E-14
6519.53238932289  3.554346E-14
6519.59677402008  3.465527E-14
6519.66115871728  3.846170E-14
6519.72554341448  4.303469E-14
6519.78992811167  4.196925E-14
6519.85431280887  4.017796E-14
6519.91869750607  4.403010E-14
6519.98308220326  4.283290E-14
6520.04746690046  3.806846E-14
6520.11185159766  4.416409E-14
6520.17623629486  5.679241E-14
6520.24062099205  5.859945E-14
6520.30500568925  5.012333E-14
6520.36939038645  4.832030E-14
6520.43377508365  3.991210E-14
6520.49815978084  2.346933E-14
6520.56254447804  2.119379E-14
6520.62692917524  3.937731E-14
6520.69131387243  3.837680E-14
6520.75569856963  4.175992E-14
6520.82008326683  3.646819E-14
6520.88446796403  2.062212E-14
6520.94885266122  2.972350E-14
6521.01323735842  4.186391E-14
6521.07762205562  5.921063E-14
6521.14200675281  5.492305E-14
6521.20639145001  4.194720E-14
6521.27077614721  4.882700E-14
6521.33516084441  3.137824E-14
6521.3995455416  3.502585E-14
6521.4639302388  3.725384E-14
6521.528314936  4.350114E-14
6521.59269963319  6.103017E-14
6521.65708433039  3.215196E-14
6521.72146902759  1.989296E-14
6521.78585372478  3.458088E-14
6521.85023842198  4.466637E-14
6521.91462311918  4.099053E-14
6521.97900781638  4.379124E-14
6522.04339251358  4.471473E-14
6522.10777721077  4.415329E-14
6522.17216190797  3.575942E-14
6522.23654660517  3.276393E-14
6522.30093130236  4.808957E-14
6522.36531599956  4.638361E-14
6522.42970069676  4.855953E-14
6522.49408539396  6.114736E-14
6522.55847009115  5.907463E-14
6522.62285478835  3.973435E-14
6522.68723948555  4.210811E-14
6522.75162418274  4.494470E-14
6522.81600887994  3.169349E-14
6522.88039357714  3.419625E-14
6522.94477827433  5.851518E-14
6523.00916297153  5.556249E-14
6523.07354766873  3.282205E-14
6523.13793236593  3.456689E-14
6523.20231706313  4.432499E-14
6523.26670176032  3.734287E-14
6523.33108645752  3.050118E-14
6523.39547115472  3.961593E-14
6523.45985585191  4.091587E-14
6523.52424054911  3.563914E-14
6523.58862524631  3.182348E-14
6523.6530099435  3.332646E-14
6523.7173946407  4.396773E-14
6523.7817793379  5.409035E-14
6523.8461640351  4.959831E-14
6523.91054873229  4.049045E-14
6523.97493342949  3.982815E-14
6524.03931812669  4.233574E-14
6524.10370282388  3.980098E-14
6524.16808752108  4.039863E-14
6524.23247221828  3.186544E-14
6524.29685691548  2.011456E-14
6524.36124161268  2.422202E-14
6524.42562630987  3.609803E-14
6524.49001100707  3.151701E-14
6524.55439570427  3.366108E-14
6524.61878040146  4.093322E-14
6524.68316509866  4.103610E-14
6524.74754979586  3.736156E-14
6524.81193449306  3.188235E-14
6524.87631919025  3.539655E-14
6524.94070388745  3.173559E-14
6525.00508858465  2.834193E-14
6525.06947328184  4.089247E-14
6525.13385797904  5.084566E-14
6525.19824267624  4.048599E-14
6525.26262737343  4.059280E-14
6525.32701207063  4.538880E-14
6525.39139676783  4.870013E-14
6525.45578146503  5.666001E-14
6525.52016616222  5.638277E-14
6525.58455085942  7.446990E-14
6525.64893555662  8.674920E-14
6525.71332025381  8.756756E-14
6525.77770495101  8.455370E-14
6525.84208964821  8.136951E-14
6525.90647434541  1.051566E-13
6525.9708590426  1.139257E-13
6526.0352437398  9.732772E-14
6526.099628437  8.502166E-14
6526.1640131342  9.287662E-14
6526.22839783139  9.843635E-14
6526.29278252859  8.785462E-14
6526.35716722579  8.807585E-14
6526.42155192299  8.819298E-14
6526.48593662018  7.889584E-14
6526.55032131738  7.345677E-14
6526.61470601458  6.585206E-14
6526.67909071177  5.536861E-14
6526.74347540897  5.328919E-14
6526.80786010617  4.828825E-14
6526.87224480336  3.644208E-14
6526.93662950056  3.701497E-14
6527.00101419776  4.697714E-14
6527.06539889496  4.770518E-14
6527.12978359215  4.324792E-14
6527.19416828935  4.076435E-14
6527.25855298655  4.076306E-14
6527.32293768375  4.139036E-14
6527.38732238094  3.773516E-14
6527.45170707814  4.607743E-14
6527.51609177534  5.752741E-14
6527.58047647254  5.555668E-14
6527.64486116973  4.311884E-14
6527.70924586693  3.588474E-14
6527.77363056413  3.657984E-14
6527.83801526132  3.855331E-14
6527.90239995852  4.689320E-14
6527.96678465572  4.687077E-14
6528.03116935292  3.189089E-14
6528.09555405011  3.329152E-14
6528.15993874731  3.068328E-14
6528.22432344451  3.208570E-14
6528.2887081417  4.113353E-14
6528.3530928389  3.984656E-14
6528.4174775361  2.793171E-14
6528.4818622333  3.621804E-14
6528.54624693049  4.184330E-14
6528.61063162769  3.699191E-14
6528.67501632489  2.660440E-14
6528.73940102208  3.144442E-14
6528.80378571928  5.372236E-14
6528.86817041648  5.483749E-14
6528.93255511368  5.528586E-14
6528.99693981087  5.133027E-14
6529.06132450807  4.110044E-14
6529.12570920527  3.169640E-14
6529.19009390246  3.057558E-14
6529.25447859966  4.123898E-14
6529.31886329686  4.296609E-14
6529.38324799406  4.532844E-14
6529.44763269125  4.617089E-14
6529.51201738845  4.389048E-14
6529.57640208565  4.451115E-14
6529.64078678285  3.822980E-14
6529.70517148004  3.621081E-14
6529.76955617724  3.916287E-14
6529.83394087444  3.927352E-14
6529.89832557163  3.634721E-14
6529.96271026883  3.431161E-14
6530.02709496603  3.096028E-14
6530.09147966323  3.529687E-14
6530.15586436042  3.202665E-14
6530.22024905762  2.910416E-14
6530.28463375482  2.288664E-14
6530.34901845201  5.158535E-14
6530.41340314921  1.563563E-13
6530.47778784641  8.353424E-14
6530.54217254361  3.202753E-14
6530.6065572408  4.214799E-14
6530.670941938  3.636277E-14
6530.7353266352  2.753068E-14
6530.79971133239  3.019752E-14
6530.86409602959  4.304413E-14
6530.92848072679  3.945408E-14
6530.99286542398  3.816633E-14
6531.05725012118  3.799225E-14
6531.12163481838  3.010151E-14
6531.18601951558  3.784917E-14
6531.25040421277  3.860271E-14
6531.31478890997  4.123749E-14
6531.37917360717  4.411740E-14
6531.44355830437  4.256354E-14
6531.50794300156  4.056453E-14
6531.57232769876  4.347611E-14
6531.63671239596  4.880371E-14
6531.70109709315  4.166781E-14
6531.76548179035  3.651072E-14
6531.82986648755  4.566348E-14
6531.89425118475  4.943263E-14
6531.95863588194  3.462157E-14
6532.02302057914  3.189905E-14
6532.08740527634  3.589704E-14
6532.15178997354  3.867987E-14
6532.21617467073  3.718713E-14
6532.28055936793  3.646410E-14
6532.34494406513  3.793847E-14
6532.40932876232  3.283348E-14
6532.47371345952  2.753036E-14
6532.53809815672  3.290353E-14
6532.60248285392  2.194608E-14
6532.66686755111  5.875148E-14
6532.73125224831  1.041810E-13
6532.79563694551  3.357469E-14
6532.8600216427  3.465074E-14
6532.9244063399  6.963602E-14
6532.9887910371  8.624113E-14
6533.0531757343  8.157319E-14
6533.11756043149  6.458001E-14
6533.18194512869  4.734232E-14
6533.24632982589  4.650082E-14
6533.31071452308  3.709290E-14
6533.37509922028  2.389868E-14
6533.43948391748  2.991792E-14
6533.50386861468  4.221081E-14
6533.56825331187  3.994669E-14
6533.63263800907  3.595438E-14
6533.69702270627  3.589425E-14
6533.76140740347  4.128053E-14
6533.82579210066  4.211402E-14
6533.89017679786  3.799538E-14
6533.95456149506  3.498692E-14
6534.01894619225  3.442526E-14
6534.08333088945  3.476649E-14
6534.14771558665  3.238688E-14
6534.21210028385  2.961164E-14
6534.27648498104  3.363427E-14
6534.34086967824  3.872664E-14
6534.40525437544  4.129578E-14
6534.46963907263  4.584102E-14
6534.53402376983  4.160961E-14
6534.59840846703  3.639375E-14
6534.66279316423  3.166922E-14
6534.72717786142  3.133015E-14
6534.79156255862  3.516122E-14
6534.85594725582  3.571729E-14
6534.92033195302  3.396282E-14
6534.98471665021  4.034184E-14
6535.04910134741  3.712309E-14
6535.11348604461  3.045246E-14
6535.1778707418  3.314516E-14
6535.242255439  3.457834E-14
6535.3066401362  2.874147E-14
6535.3710248334  3.727172E-14
6535.43540953059  4.437457E-14
6535.49979422779  3.341290E-14
6535.56417892499  3.379383E-14
6535.62856362218  3.792456E-14
6535.69294831938  2.969948E-14
6535.75733301658  2.600342E-14
6535.82171771378  2.354922E-14
6535.88610241097  3.188176E-14
6535.95048710817  3.480109E-14
6536.01487180537  3.381121E-14
6536.07925650257  3.443435E-14
6536.14364119976  3.292567E-14
6536.20802589696  3.150847E-14
6536.27241059416  3.713819E-14
6536.33679529135  3.881554E-14
6536.40117998855  4.152797E-14
6536.46556468575  3.714255E-14
6536.52994938294  3.049877E-14
6536.59433408014  3.420873E-14
6536.65871877734  3.904217E-14
6536.72310347453  3.651740E-14
6536.78748817173  3.812565E-14
6536.85187286893  3.882366E-14
6536.91625756613  3.633733E-14
6536.98064226333  3.594144E-14
6537.04502696052  3.948941E-14
6537.10941165772  4.497849E-14
6537.17379635492  4.994071E-14
6537.23818105212  4.082133E-14
6537.30256574931  3.744917E-14
6537.36695044651  3.390695E-14
6537.43133514371  3.500222E-14
6537.4957198409  4.219671E-14
6537.5601045381  3.740598E-14
6537.6244892353  3.849477E-14
6537.68887393249  3.621730E-14
6537.75325862969  3.329457E-14
6537.81764332689  3.561603E-14
6537.88202802409  3.671905E-14
6537.94641272128  3.857617E-14
6538.01079741848  4.490640E-14
6538.07518211568  3.747660E-14
6538.13956681288  3.559898E-14
6538.20395151007  3.872584E-14
6538.26833620727  3.739671E-14
6538.33272090447  3.436581E-14
6538.39710560166  3.453111E-14
6538.46149029886  3.626762E-14
6538.52587499606  3.773358E-14
6538.59025969325  3.392542E-14
6538.65464439045  3.801120E-14
6538.71902908765  3.943522E-14
6538.78341378485  3.444181E-14
6538.84779848204  3.262099E-14
6538.91218317924  3.472068E-14
6538.97656787644  3.360577E-14
6539.04095257363  3.281232E-14
6539.10533727083  3.517628E-14
6539.16972196803  3.700719E-14
6539.23410666523  3.430529E-14
6539.29849136243  3.520055E-14
6539.36287605962  3.943202E-14
6539.42726075682  3.426700E-14
6539.49164545402  3.092172E-14
6539.55603015121  4.138589E-14
6539.62041484841  3.389244E-14
6539.68479954561  2.665290E-14
6539.7491842428  3.271646E-14
6539.81356894  3.847567E-14
6539.8779536372  3.696471E-14
6539.9423383344  3.309906E-14
6540.00672303159  3.374274E-14
6540.07110772879  3.248021E-14
6540.13549242599  3.893663E-14
6540.19987712318  3.964350E-14
6540.26426182038  3.298165E-14
6540.32864651758  3.286519E-14
6540.39303121478  3.421424E-14
6540.45741591197  3.199151E-14
6540.52180060917  3.945644E-14
6540.58618530637  3.782602E-14
6540.65057000357  3.940869E-14
6540.71495470076  3.779830E-14
6540.77933939796  3.009030E-14
6540.84372409516  3.289754E-14
6540.90810879235  4.163416E-14
6540.97249348955  4.396919E-14
6541.03687818675  4.458560E-14
6541.10126288395  4.320205E-14
6541.16564758114  3.851536E-14
6541.23003227834  3.943710E-14
6541.29441697554  4.670878E-14
6541.35880167273  4.780849E-14
6541.42318636993  4.002008E-14
6541.48757106713  3.252040E-14
6541.55195576433  3.431749E-14
6541.61634046152  3.442670E-14
6541.68072515872  3.428654E-14
6541.74510985592  3.947893E-14
6541.80949455312  4.114168E-14
6541.87387925031  3.784444E-14
6541.93826394751  4.102368E-14
6542.00264864471  3.470283E-14
6542.0670333419  3.720056E-14
6542.1314180391  3.784508E-14
6542.1958027363  3.417535E-14
6542.2601874335  3.254143E-14
6542.32457213069  3.203707E-14
6542.38895682789  3.312555E-14
6542.45334152509  3.826490E-14
6542.51772622228  3.740822E-14
6542.58211091948  3.599078E-14
6542.64649561668  3.540765E-14
6542.71088031388  3.714871E-14
6542.77526501107  3.273244E-14
6542.83964970827  3.299090E-14
6542.90403440547  4.515526E-14
6542.96841910266  4.016885E-14
6543.03280379986  3.313037E-14
6543.09718849706  3.137704E-14
6543.16157319426  3.164867E-14
6543.22595789145  3.658333E-14
6543.29034258865  4.346252E-14
6543.35472728585  3.928324E-14
6543.41911198304  3.120840E-14
6543.48349668024  3.702776E-14
6543.54788137744  3.666692E-14
6543.61226607464  3.905565E-14
6543.67665077183  3.985785E-14
6543.74103546903  4.334399E-14
6543.80542016623  4.520198E-14
6543.86980486343  4.089334E-14
6543.93418956062  4.090615E-14
6543.99857425782  4.866033E-14
6544.06295895502  4.864648E-14
6544.12734365221  4.322601E-14
6544.19172834941  3.501487E-14
6544.25611304661  3.327224E-14
6544.32049774381  3.174633E-14
6544.384882441  3.335815E-14
6544.4492671382  3.455386E-14
6544.5136518354  3.358141E-14
6544.57803653259  4.400542E-14
6544.64242122979  3.943022E-14
6544.70680592699  3.869753E-14
6544.77119062419  4.573683E-14
6544.83557532138  5.141604E-14
6544.89996001858  4.606096E-14
6544.96434471578  4.294708E-14
6545.02872941297  4.912169E-14
6545.09311411017  4.758514E-14
6545.15749880737  4.047678E-14
6545.22188350457  3.840711E-14
6545.28626820177  4.646207E-14
6545.35065289896  5.445897E-14
6545.41503759616  4.781014E-14
6545.47942229335  4.234136E-14
6545.54380699055  4.361865E-14
6545.60819168775  4.484743E-14
6545.67257638495  5.541480E-14
6545.73696108214  7.265533E-14
6545.80134577934  1.051986E-13
6545.86573047654  1.562040E-13
6545.93011517374  2.515941E-13
6545.99449987093  4.038896E-13
6546.05888456813  6.113251E-13
6546.12326926533  8.834390E-13
6546.18765396253  1.224749E-12
6546.25203865972  1.649952E-12
6546.31642335692  2.193011E-12
6546.38080805412  2.794182E-12
6546.44519275131  3.472814E-12
6546.50957744851  4.161092E-12
6546.57396214571  4.740445E-12
6546.6383468429  5.162229E-12
6546.7027315401  5.313352E-12
6546.7671162373  5.121188E-12
6546.8315009345  4.688168E-12
6546.89588563169  4.064775E-12
6546.96027032889  3.344922E-12
6547.02465502609  2.708919E-12
6547.08903972329  2.251720E-12
6547.15342442048  2.043737E-12
6547.21780911768  2.026843E-12
6547.28219381488  2.145526E-12
6547.34657851208  2.327717E-12
6547.41096320927  2.432550E-12
6547.47534790647  2.413979E-12
6547.53973260366  2.257426E-12
6547.60411730086  2.001310E-12
6547.66850199806  1.660936E-12
6547.73288669526  1.358888E-12
6547.79727139245  1.110493E-12
6547.86165608965  8.775543E-13
6547.92604078685  6.718501E-13
6547.99042548405  5.018743E-13
6548.05481018124  3.639598E-13
6548.11919487844  2.703783E-13
6548.18357957564  1.928475E-13
6548.24796427284  1.339987E-13
6548.31234897003  1.001339E-13
6548.37673366723  7.265061E-14
6548.44111836443  5.898407E-14
6548.50550306162  5.516186E-14
6548.56988775882  4.848822E-14
6548.63427245602  4.777041E-14
6548.69865715322  4.927835E-14
6548.76304185041  4.860631E-14
6548.82742654761  5.595989E-14
6548.89181124481  4.568655E-14
6548.956195942  4.687314E-14
6549.0205806392  5.509633E-14
6549.0849653364  5.301223E-14
6549.1493500336  4.574466E-14
6549.21373473079  4.475625E-14
6549.27811942799  5.041861E-14
6549.34250412519  5.155061E-14
6549.40688882239  4.715091E-14
6549.47127351958  5.266878E-14
6549.53565821678  5.036007E-14
6549.60004291397  4.774159E-14
6549.66442761117  4.727305E-14
6549.72881230837  4.629210E-14
6549.79319700557  4.154821E-14
6549.85758170277  4.098968E-14
6549.92196639996  4.414432E-14
6549.98635109716  4.025748E-14
6550.05073579436  4.856179E-14
6550.11512049155  4.533583E-14
6550.17950518875  4.133631E-14
6550.24388988595  3.738273E-14
6550.30827458315  4.572078E-14
6550.37265928034  4.051937E-14
6550.43704397754  3.316629E-14
6550.50142867474  4.225448E-14
6550.56581337193  4.605044E-14
6550.63019806913  4.321364E-14
6550.69458276633  4.445564E-14
6550.75896746352  4.093415E-14
6550.82335216072  3.929428E-14
6550.88773685792  4.284832E-14
6550.95212155512  3.848466E-14
6551.01650625231  4.207568E-14
6551.08089094951  4.139501E-14
6551.14527564671  4.286437E-14
6551.20966034391  4.744826E-14
6551.2740450411  3.768555E-14
6551.3384297383  3.444929E-14
6551.4028144355  3.572415E-14
6551.46719913269  3.502884E-14
6551.53158382989  3.816063E-14
6551.59596852709  3.811366E-14
6551.66035322429  4.457073E-14
6551.72473792148  4.414674E-14
6551.78912261868  3.785569E-14
6551.85350731588  3.982967E-14
6551.91789201308  4.344248E-14
6551.98227671027  4.297695E-14
6552.04666140747  4.633298E-14
6552.11104610467  4.801067E-14
6552.17543080186  4.651683E-14
6552.23981549906  3.998907E-14
6552.30420019626  4.311242E-14
6552.36858489346  4.195164E-14
6552.43296959065  3.724289E-14
6552.49735428785  3.870047E-14
6552.56173898505  4.048569E-14
6552.62612368224  3.890323E-14
6552.69050837944  3.750095E-14
6552.75489307664  3.832365E-14
6552.81927777384  4.272009E-14
6552.88366247103  4.251368E-14
6552.94804716823  4.490049E-14
6553.01243186543  4.418358E-14
6553.07681656262  4.058396E-14
6553.14120125982  3.865896E-14
6553.20558595702  3.975758E-14
6553.26997065422  4.361451E-14
6553.33435535141  4.897187E-14
6553.39874004861  4.779029E-14
6553.46312474581  5.123617E-14
6553.527509443  6.855608E-14
6553.5918941402  7.073678E-14
6553.6562788374  7.041693E-14
6553.7206635346  6.844559E-14
6553.78504823179  6.031631E-14
6553.84943292899  4.927550E-14
6553.91381762619  5.171804E-14
6553.97820232339  4.694941E-14
6554.04258702058  4.180005E-14
6554.10697171778  4.590847E-14
6554.17135641498  4.808936E-14
6554.23574111217  4.866114E-14
6554.30012580937  4.988280E-14
6554.36451050657  4.777155E-14
6554.42889520377  4.623959E-14
6554.49327990096  4.583302E-14
6554.55766459816  4.776768E-14
6554.62204929536  4.503120E-14
6554.68643399255  5.036005E-14
6554.75081868975  4.713857E-14
6554.81520338695  4.431618E-14
6554.87958808415  4.756506E-14
6554.94397278134  4.935057E-14
6555.00835747854  5.159475E-14
6555.07274217574  5.052618E-14
6555.13712687294  4.529723E-14
6555.20151157013  4.718709E-14
6555.26589626733  4.587878E-14
6555.33028096453  3.966370E-14
6555.39466566172  4.182673E-14
6555.45905035892  4.415419E-14
6555.52343505612  3.851441E-14
6555.58781975332  3.483379E-14
6555.65220445051  4.585316E-14
6555.71658914771  4.931359E-14
6555.78097384491  4.420528E-14
6555.8453585421  4.079189E-14
6555.9097432393  4.116749E-14
6555.9741279365  4.758734E-14
6556.0385126337  4.291108E-14
6556.10289733089  4.386328E-14
6556.16728202809  4.642718E-14
6556.23166672529  3.658250E-14
6556.29605142248  4.254337E-14
6556.36043611968  4.089337E-14
6556.42482081688  4.695249E-14
6556.48920551407  4.356754E-14
6556.55359021127  3.844696E-14
6556.61797490847  3.902100E-14
6556.68235960567  3.769850E-14
6556.74674430287  4.379390E-14
6556.81112900006  4.680364E-14
6556.87551369726  3.856491E-14
6556.93989839446  4.319981E-14
6557.00428309165  4.261933E-14
6557.06866778885  4.393804E-14
6557.13305248605  4.882651E-14
6557.19743718325  5.276613E-14
6557.26182188044  4.819865E-14
6557.32620657764  4.554574E-14
6557.39059127484  4.255848E-14
6557.45497597203  4.605823E-14
6557.51936066923  4.653723E-14
6557.58374536643  4.120723E-14
6557.64813006363  4.871428E-14
6557.71251476082  5.220612E-14
6557.77689945802  4.281826E-14
6557.84128415522  5.264184E-14
6557.90566885241  6.726169E-14
6557.97005354961  7.064694E-14
6558.03443824681  9.614769E-14
6558.09882294401  1.983021E-13
6558.1632076412  1.658697E-13
6558.2275923384  1.822547E-13
6558.2919770356  2.400264E-13
6558.35636173279  2.935282E-13
6558.42074642999  3.788776E-13
6558.48513112719  4.895237E-13
6558.54951582439  6.166717E-13
6558.61390052158  7.443126E-13
6558.67828521878  8.616300E-13
6558.74266991598  9.765022E-13
6558.80705461317  1.089581E-12
6558.87143931037  1.203499E-12
6558.93582400757  1.295151E-12
6559.00020870477  1.378507E-12
6559.06459340196  1.446483E-12
6559.12897809916  1.435389E-12
6559.19336279636  1.415664E-12
6559.25774749356  1.390716E-12
6559.32213219075  1.305257E-12
6559.38651688795  1.206707E-12
6559.45090158515  1.100990E-12
6559.51528628234  9.901146E-13
6559.57967097954  8.415588E-13
6559.64405567674  6.941997E-13
6559.70844037394  5.613134E-13
6559.77282507113  4.334401E-13
6559.83720976833  3.340682E-13
6559.90159446553  2.463926E-13
6559.96597916272  1.967693E-13
6560.03036385992  1.692855E-13
6560.09474855712  1.545027E-13
6560.15913325432  1.749161E-13
6560.22351795151  2.241237E-13
6560.28790264871  3.020268E-13
6560.35228734591  4.901745E-13
6560.4166720431  7.885552E-13
6560.4810567403  1.282898E-12
6560.5454414375  2.056295E-12
6560.6098261347  3.255611E-12
6560.67421083189  5.055397E-12
6560.73859552909  7.590630E-12
6560.80298022629  1.115486E-11
6560.86736492349  1.583454E-11
6560.93174962068  2.190196E-11
6560.99613431788  2.957066E-11
6561.06051901508  3.813479E-11
6561.12490371227  4.759700E-11
6561.18928840947  5.816252E-11
6561.25367310667  6.817177E-11
6561.31805780387  7.676537E-11
6561.38244250106  8.275090E-11
6561.44682719826  8.649580E-11
6561.51121189546  8.991427E-11
6561.57559659265  9.141088E-11
6561.63998128985  9.203185E-11
6561.70436598705  9.242261E-11
6561.76875068425  9.230688E-11
6561.83313538144  9.107785E-11
6561.89752007864  8.974499E-11
6561.96190477584  8.777944E-11
6562.02628947303  8.562075E-11
6562.09067417023  8.345175E-11
6562.15505886743  8.009923E-11
6562.21944356463  7.414987E-11
6562.28382826182  6.531015E-11
6562.34821295902  5.559904E-11
6562.41259765622  4.625093E-11
6562.47698235341  3.720395E-11
6562.54136705061  2.860328E-11
6562.60575174781  2.145943E-11
6562.67013644501  1.573389E-11
6562.7345211422  1.100558E-11
6562.7989058394  7.540579E-12
6562.8632905366  4.790923E-12
6562.9276752338  3.251769E-12
6562.99205993099  2.266597E-12
6563.05644462819  1.530967E-12
6563.12082932539  1.079751E-12
6563.18521402258  7.777391E-13
6563.24959871978  5.694094E-13
6563.31398341698  4.444776E-13
6563.37836811418  3.605737E-13
6563.44275281137  2.851519E-13
6563.50713750857  2.335452E-13
6563.57152220577  1.988352E-13
6563.63590690296  1.733652E-13
6563.70029160016  1.547156E-13
6563.76467629736  1.264434E-13
6563.82906099456  1.056300E-13
6563.89344569175  9.723837E-14
6563.95783038895  9.130247E-14
6564.02221508615  8.171450E-14
6564.08659978334  8.019998E-14
6564.15098448054  7.548869E-14
6564.21536917774  7.222296E-14
6564.27975387494  7.144276E-14
6564.34413857213  6.819771E-14
6564.40852326933  6.890916E-14
6564.47290796653  7.467371E-14
6564.53729266372  7.066598E-14
6564.60167736092  6.323814E-14
6564.66606205812  7.323223E-14
6564.73044675532  6.667656E-14
6564.79483145251  6.187294E-14
6564.85921614971  5.782110E-14
6564.92360084691  5.433585E-14
6564.98798554411  5.370689E-14
6565.05237024131  5.078377E-14
6565.1167549385  5.095994E-14
6565.1811396357  5.633736E-14
6565.24552433289  5.889362E-14
6565.30990903009  5.790506E-14
6565.37429372729  5.782905E-14
6565.43867842449  5.767930E-14
6565.50306312168  4.770969E-14
6565.56744781888  4.284127E-14
6565.63183251608  5.612919E-14
6565.69621721327  5.860269E-14
6565.76060191047  5.415660E-14
6565.82498660767  5.243960E-14
6565.88937130487  5.277553E-14
6565.95375600207  4.948398E-14
6566.01814069926  4.540443E-14
6566.08252539646  4.801486E-14
6566.14691009366  4.815944E-14
6566.21129479085  4.873259E-14
6566.27567948805  5.079987E-14
6566.34006418525  5.621384E-14
6566.40444888244  5.585889E-14
6566.46883357964  4.943514E-14
6566.53321827684  4.999301E-14
6566.59760297404  4.914292E-14
6566.66198767123  4.057644E-14
6566.72637236843  4.431261E-14
6566.79075706563  4.098112E-14
6566.85514176282  4.176922E-14
6566.91952646002  4.638073E-14
6566.98391115722  4.798171E-14
6567.04829585442  5.123889E-14
6567.11268055162  4.877547E-14
6567.17706524881  4.936172E-14
6567.24144994601  4.765636E-14
6567.3058346432  4.973686E-14
6567.3702193404  4.959523E-14
6567.4346040376  4.468062E-14
6567.4989887348  4.468905E-14
6567.56337343199  4.762801E-14
6567.62775812919  4.483240E-14
6567.69214282639  4.402075E-14
6567.75652752359  4.815880E-14
6567.82091222078  4.518143E-14
6567.88529691798  4.420498E-14
6567.94968161518  4.707528E-14
6568.01406631237  4.352786E-14
6568.07845100957  4.247500E-14
6568.14283570677  4.185098E-14
6568.20722040397  3.729647E-14
6568.27160510116  4.313708E-14
6568.33598979836  4.685109E-14
6568.40037449556  5.086044E-14
6568.46475919276  4.246059E-14
6568.52914388995  4.526390E-14
6568.59352858715  5.000518E-14
6568.65791328435  5.120318E-14
6568.72229798154  4.879660E-14
6568.78668267874  5.022495E-14
6568.85106737594  5.456191E-14
6568.91545207314  4.462535E-14
6568.97983677033  4.676651E-14
6569.04422146753  4.723956E-14
6569.10860616473  4.473332E-14
6569.17299086193  4.883718E-14
6569.23737555912  5.044905E-14
6569.30176025632  4.528944E-14
6569.36614495351  4.776445E-14
6569.43052965071  4.974438E-14
6569.49491434791  5.386858E-14
6569.55929904511  4.784981E-14
6569.62368374231  4.594347E-14
6569.6880684395  4.631845E-14
6569.7524531367  4.401880E-14
6569.8168378339  4.412494E-14
6569.88122253109  4.921489E-14
6569.94560722829  5.118455E-14
6570.00999192549  5.080445E-14
6570.07437662269  4.902211E-14
6570.13876131988  4.780632E-14
6570.20314601708  4.334972E-14
6570.26753071428  3.888269E-14
6570.33191541147  4.135787E-14
6570.39630010867  5.046822E-14
6570.46068480587  3.815303E-14
6570.52506950306  3.947950E-14
6570.58945420026  4.109983E-14
6570.65383889746  4.875335E-14
6570.71822359466  4.533225E-14
6570.78260829185  4.211262E-14
6570.84699298905  5.099168E-14
6570.91137768625  4.985680E-14
6570.97576238345  4.887371E-14
6571.04014708064  4.671919E-14
6571.10453177784  4.059050E-14
6571.16891647504  4.604736E-14
6571.23330117223  4.534558E-14
6571.29768586943  3.968396E-14
6571.36207056663  4.590555E-14
6571.42645526382  4.627709E-14
6571.49083996102  4.630495E-14
6571.55522465822  4.392548E-14
6571.61960935542  4.535968E-14
6571.68399405262  4.367671E-14
6571.74837874981  4.634073E-14
6571.81276344701  4.055447E-14
6571.87714814421  4.860518E-14
6571.9415328414  5.218728E-14
6572.0059175386  4.668349E-14
6572.0703022358  4.846889E-14
6572.134686933  4.362059E-14
6572.19907163019  3.854615E-14
6572.26345632739  4.933261E-14
6572.32784102459  4.683928E-14
6572.39222572178  3.934390E-14
6572.45661041898  4.590517E-14
6572.52099511618  4.724736E-14
6572.58537981337  5.108316E-14
6572.64976451057  5.227102E-14
6572.71414920777  4.597042E-14
6572.77853390497  4.357881E-14
6572.84291860216  4.537033E-14
6572.90730329936  3.824077E-14
6572.97168799656  3.691733E-14
6573.03607269376  4.038326E-14
6573.10045739095  4.379886E-14
6573.16484208815  4.527936E-14
6573.22922678535  4.093303E-14
6573.29361148254  4.145906E-14
6573.35799617974  3.904310E-14
6573.42238087694  3.685774E-14
6573.48676557414  4.379366E-14
6573.55115027133  4.107686E-14
6573.61553496853  4.423411E-14
6573.67991966573  4.149266E-14
6573.74430436292  4.265395E-14
6573.80868906012  3.672703E-14
6573.87307375732  4.274480E-14
6573.93745845452  5.261736E-14
6574.00184315171  4.597927E-14
6574.06622784891  4.218698E-14
6574.13061254611  4.573842E-14
6574.19499724331  4.804497E-14
6574.2593819405  4.520105E-14
6574.3237666377  4.338869E-14
6574.3881513349  3.924469E-14
6574.45253603209  3.956844E-14
6574.51692072929  4.560623E-14
6574.58130542649  5.280965E-14
6574.64569012369  5.153394E-14
6574.71007482088  3.984900E-14
6574.77445951808  4.965159E-14
6574.83884421528  4.305729E-14
6574.90322891248  3.787169E-14
6574.96761360967  3.420149E-14
6575.03199830687  4.781292E-14
6575.09638300407  4.428581E-14
6575.16076770126  4.495563E-14
6575.22515239846  3.869499E-14
6575.28953709566  3.662690E-14
6575.35392179285  4.129989E-14
6575.41830649005  3.461179E-14
6575.48269118725  4.002474E-14
6575.54707588445  3.703135E-14
6575.61146058164  3.981281E-14
6575.67584527884  3.822749E-14
6575.74022997604  4.621511E-14
6575.80461467324  3.748666E-14
6575.86899937043  4.301441E-14
6575.93338406763  4.181389E-14
6575.99776876483  4.202067E-14
6576.06215346202  4.189044E-14
6576.12653815922  4.974643E-14
6576.19092285642  5.560735E-14
6576.25530755361  5.609013E-14
6576.31969225081  5.485280E-14
6576.38407694801  7.761765E-14
6576.44846164521  8.676609E-14
6576.5128463424  9.398328E-14
6576.5772310396  1.072434E-13
6576.6416157368  1.117322E-13
6576.706000434  1.192482E-13
6576.77038513119  1.299371E-13
6576.83476982839  1.294411E-13
6576.89915452559  1.410529E-13
6576.96353922279  1.484085E-13
6577.02792391998  1.422460E-13
6577.09230861718  1.432036E-13
6577.15669331438  1.382902E-13
6577.22107801157  1.460991E-13
6577.28546270877  1.568412E-13
6577.34984740597  1.540991E-13
6577.41423210316  1.425139E-13
6577.47861680036  1.289350E-13
6577.54300149756  9.903699E-14
6577.60738619476  8.846910E-14
6577.67177089195  7.492601E-14
6577.73615558915  6.079944E-14
6577.80054028635  5.912069E-14
6577.86492498355  5.264363E-14
6577.92930968074  4.806943E-14
6577.99369437794  4.380067E-14
6578.05807907514  4.308023E-14
6578.12246377233  5.109205E-14
6578.18684846953  5.489285E-14
6578.25123316673  4.740683E-14
6578.31561786393  4.330763E-14
6578.38000256112  4.333252E-14
6578.44438725832  4.829735E-14
6578.50877195552  4.839998E-14
6578.57315665271  4.420623E-14
6578.63754134991  4.306593E-14
6578.70192604711  4.294834E-14
6578.76631074431  4.436957E-14
6578.8306954415  3.875743E-14
6578.8950801387  4.090428E-14
6578.9594648359  3.926254E-14
6579.0238495331  4.088356E-14
6579.08823423029  4.135918E-14
6579.15261892749  4.588199E-14
6579.21700362469  5.667881E-14
6579.28138832188  5.266462E-14
6579.34577301908  4.342564E-14
6579.41015771628  4.891030E-14
6579.47454241348  5.078601E-14
6579.53892711067  4.668776E-14
6579.60331180787  4.106333E-14
6579.66769650507  4.272562E-14
6579.73208120226  3.915775E-14
6579.79646589946  3.277426E-14
6579.86085059666  3.390480E-14
6579.92523529386  3.650924E-14
6579.98961999105  4.024994E-14
6580.05400468825  4.015820E-14
6580.11838938545  3.602415E-14
6580.18277408264  4.333634E-14
6580.24715877984  3.870529E-14
6580.31154347704  3.374845E-14
6580.37592817424  4.122890E-14
6580.44031287143  4.514533E-14
6580.50469756863  5.319255E-14
6580.56908226583  5.021795E-14
6580.63346696302  4.152083E-14
6580.69785166022  3.848737E-14
6580.76223635742  4.168692E-14
6580.82662105462  4.163373E-14
6580.89100575181  4.336077E-14
6580.95539044901  5.110974E-14
6581.01977514621  7.183717E-14
6581.08415984341  1.140710E-13
6581.1485445406  1.983413E-13
6581.2129292378  3.331431E-13
6581.277313935  5.931722E-13
6581.34169863219  9.999894E-13
6581.40608332939  1.600739E-12
6581.47046802659  2.407449E-12
6581.53485272379  3.404605E-12
6581.59923742098  4.653165E-12
6581.66362211818  6.282102E-12
6581.72800681538  8.212047E-12
6581.79239151257  1.039718E-11
6581.85677620977  1.287017E-11
6581.92116090697  1.514516E-11
6581.98554560417  1.680271E-11
6582.04993030136  1.795627E-11
6582.11431499856  1.793717E-11
6582.17869969576  1.681142E-11
6582.24308439295  1.482492E-11
6582.30746909015  1.212218E-11
6582.37185378735  9.583623E-12
6582.43623848455  7.646786E-12
6582.50062318174  6.506677E-12
6582.56500787894  6.241434E-12
6582.62939257614  6.609913E-12
6582.69377727333  7.379868E-12
6582.75816197053  7.959144E-12
6582.82254666773  8.234970E-12
6582.88693136493  7.998965E-12
6582.95131606212  7.161458E-12
6583.01570075932  6.127178E-12
6583.08008545652  4.980380E-12
6583.14447015372  3.995519E-12
6583.20885485091  3.164628E-12
6583.27323954811  2.430236E-12
6583.33762424531  1.772175E-12
6583.4020089425  1.274470E-12
6583.4663936397  8.615555E-13
6583.5307783369  5.845815E-13
6583.5951630341  3.743969E-13
6583.65954773129  2.508323E-13
6583.72393242849  1.856007E-13
6583.78831712569  1.347005E-13
6583.85270182288  1.064531E-13
6583.91708652008  1.018850E-13
6583.98147121728  9.417373E-14
6584.04585591448  8.639655E-14
6584.11024061167  7.719757E-14
6584.17462530887  6.651832E-14
6584.23901000607  5.771340E-14
6584.30339470326  5.119943E-14
6584.36777940046  5.455302E-14
6584.43216409766  4.686089E-14
6584.49654879486  5.145316E-14
6584.56093349205  4.320004E-14
6584.62531818925  4.322839E-14
6584.68970288645  4.830490E-14
6584.75408758364  4.372366E-14
6584.81847228084  4.680951E-14
6584.88285697804  4.604896E-14
6584.94724167524  4.955337E-14
6585.01162637243  4.824642E-14
6585.07601106963  4.885054E-14
6585.14039576683  4.301616E-14
6585.20478046403  4.430307E-14
6585.26916516122  4.101004E-14
6585.33354985842  3.476923E-14
6585.39793455562  4.810249E-14
6585.46231925281  4.498991E-14
6585.52670395001  4.461112E-14
6585.59108864721  4.930015E-14
6585.65547334441  4.187647E-14
6585.7198580416  3.375717E-14
6585.7842427388  3.254613E-14
6585.848627436  3.205322E-14
6585.91301213319  3.983137E-14
6585.97739683039  3.351433E-14
6586.04178152759  3.482035E-14
6586.10616622479  3.984480E-14
6586.17055092198  3.639238E-14
6586.23493561918  4.146636E-14
6586.29932031638  4.612806E-14
6586.36370501358  4.788090E-14
6586.42808971077  4.202354E-14
6586.49247440797  4.466693E-14
6586.55685910517  4.091290E-14
6586.62124380236  4.195520E-14
6586.68562849956  3.871256E-14
6586.75001319676  3.597151E-14
6586.81439789396  3.543411E-14
6586.87878259115  3.733088E-14
6586.94316728835  3.686750E-14
6587.00755198555  3.335021E-14
6587.07193668274  3.153596E-14
6587.13632137994  3.488360E-14
6587.20070607714  3.746989E-14
6587.26509077434  3.803149E-14
6587.32947547153  3.785728E-14
6587.39386016873  4.243294E-14
6587.45824486593  4.458504E-14
6587.52262956313  4.152811E-14
6587.58701426032  4.412135E-14
6587.65139895752  3.303775E-14
6587.71578365472  4.629624E-14
6587.78016835191  1.034297E-13
6587.84455304911  4.876606E-14
6587.90893774631  2.296904E-14
6587.97332244351  3.356789E-14
6588.0377071407  3.681961E-14
6588.1020918379  3.475690E-14
6588.1664765351  2.869671E-14
6588.23086123229  3.989399E-14
6588.29524592949  3.838198E-14
6588.35963062669  3.956220E-14
6588.42401532389  4.323249E-14
6588.48840002108  3.920152E-14
6588.55278471828  3.667964E-14
6588.61716941548  3.991604E-14
6588.68155411268  4.108456E-14
6588.74593880987  3.989494E-14
6588.81032350707  4.563673E-14
6588.87470820427  4.398275E-14
6588.93909290146  4.122310E-14
6589.00347759866  3.967537E-14
6589.06786229586  4.548490E-14
6589.13224699305  4.527225E-14
6589.19663169025  4.101333E-14
6589.26101638745  5.511469E-14
6589.32540108465  4.799693E-14
6589.38978578184  5.165334E-14
6589.45417047904  5.052446E-14
6589.51855517624  4.439968E-14
6589.58293987344  4.005019E-14
6589.64732457063  4.711120E-14
6589.71170926783  5.917714E-14
6589.77609396503  4.735019E-14
6589.84047866222  4.633152E-14
6589.90486335942  3.427165E-14
6589.96924805662  3.898431E-14
6590.03363275382  4.346055E-14
6590.09801745101  4.479783E-14
6590.16240214821  3.885431E-14
6590.22678684541  3.567171E-14
6590.2911715426  3.273948E-14
6590.3555562398  3.519830E-14
6590.419940937  3.633509E-14
6590.4843256342  4.125484E-14
6590.54871033139  3.841797E-14
6590.61309502859  4.524228E-14
6590.67747972579  4.071696E-14
6590.74186442299  4.718290E-14
6590.80624912018  4.189774E-14
6590.87063381738  4.154037E-14
6590.93501851458  4.669994E-14
6590.99940321177  3.931955E-14
6591.06378790897  2.334126E-14
6591.12817260617  3.589604E-14
6591.19255730336  4.426568E-14
6591.25694200056  3.708142E-14
6591.32132669776  4.003511E-14
6591.38571139496  3.369176E-14
6591.45009609215  3.611638E-14
6591.51448078935  4.185600E-14
6591.57886548655  3.727625E-14
6591.64325018375  3.776268E-14
6591.70763488094  3.731324E-14
6591.77201957814  4.060514E-14
6591.83640427534  3.509664E-14
6591.90078897253  3.853339E-14
6591.96517366973  3.278387E-14
6592.02955836693  3.424540E-14
6592.09394306413  3.506603E-14
6592.15832776132  3.609288E-14
6592.22271245852  3.861672E-14
6592.28709715572  4.214803E-14
6592.35148185291  4.659332E-14
6592.41586655011  4.402459E-14
6592.48025124731  4.596514E-14
6592.54463594451  4.725832E-14
6592.6090206417  4.473992E-14
6592.6734053389  3.640028E-14
6592.7377900361  3.728872E-14
6592.8021747333  4.142050E-14
6592.86655943049  5.336301E-14
6592.93094412769  3.362368E-14
6592.99532882489  4.315115E-14
6593.05971352208  3.904814E-14
6593.12409821928  4.203977E-14
6593.18848291648  3.374932E-14
6593.25286761368  3.011612E-14
6593.31725231087  3.782624E-14
6593.38163700807  3.708859E-14
6593.44602170527  3.451442E-14
6593.51040640246  3.298525E-14
6593.57479109966  2.900649E-14
6593.63917579686  3.429875E-14
6593.70356049406  3.513666E-14
6593.76794519125  3.419698E-14
6593.83232988845  3.700729E-14
6593.89671458565  3.194838E-14
6593.96109928285  3.210794E-14
6594.02548398004  4.223536E-14
6594.08986867724  4.137275E-14
6594.15425337444  4.046127E-14
6594.21863807163  4.662668E-14
6594.28302276883  3.617523E-14
6594.34740746603  3.585747E-14
6594.41179216322  2.679786E-14
6594.47617686042  4.356623E-14
6594.54056155762  3.570125E-14
6594.60494625482  3.492365E-14
6594.66933095201  3.774074E-14
6594.73371564921  3.717327E-14
6594.79810034641  3.662780E-14
6594.86248504361  3.036148E-14
6594.9268697408  3.300207E-14
6594.991254438  3.902568E-14
6595.0556391352  3.885605E-14
6595.12002383239  4.195532E-14
6595.18440852959  4.255662E-14
6595.24879322679  4.485400E-14
6595.31317792399  3.634331E-14
6595.37756262118  4.772614E-14
6595.44194731838  4.549873E-14
6595.50633201558  3.120027E-14
6595.57071671278  3.886926E-14
6595.63510140997  4.558765E-14
6595.69948610717  4.433708E-14
6595.76387080437  3.388653E-14
6595.82825550156  4.511597E-14
6595.89264019876  3.006282E-14
6595.95702489596  2.655200E-14
6596.02140959315  2.928583E-14
6596.08579429035  3.025237E-14
6596.15017898755  3.177905E-14
6596.21456368475  3.698543E-14
6596.27894838194  4.435425E-14
6596.34333307914  5.101913E-14
6596.40771777634  3.378708E-14
6596.47210247353  3.990666E-14
6596.53648717073  3.572841E-14
6596.60087186793  4.101685E-14
6596.66525656513  5.039006E-14
6596.72964126233  4.161798E-14
6596.79402595952  4.215967E-14
6596.85841065672  3.541204E-14
6596.92279535392  2.302871E-14
6596.98718005111  3.138727E-14
6597.05156474831  2.494974E-14
6597.11594944551  2.945107E-14
6597.1803341427  3.557972E-14
6597.2447188399  3.353411E-14
6597.3091035371  4.009034E-14
6597.3734882343  4.431060E-14
6597.43787293149  2.780750E-14
6597.50225762869  3.983826E-14
6597.56664232589  4.537412E-14
6597.63102702308  4.447949E-14
6597.69541172028  4.490558E-14
6597.75979641748  4.369254E-14
6597.82418111468  4.805866E-14
6597.88856581187  3.713827E-14
6597.95295050907  3.440394E-14
6598.01733520627  3.966870E-14
6598.08171990347  2.790390E-14
6598.14610460066  3.325077E-14
6598.21048929786  3.715328E-14
6598.27487399506  3.047663E-14
6598.33925869225  4.205955E-14
6598.40364338945  3.987546E-14
6598.46802808665  3.624428E-14
6598.53241278385  3.564935E-14
6598.59679748104  3.568501E-14
6598.66118217824  3.438994E-14
6598.72556687544  2.791305E-14
6598.78995157264  3.841366E-14
6598.85433626983  4.452141E-14
6598.91872096703  3.721489E-14
6598.98310566423  2.834851E-14
6599.04749036142  4.116018E-14
6599.11187505862  3.967308E-14
6599.17625975582  3.933584E-14
6599.24064445301  2.850973E-14
6599.30502915021  4.044870E-14
6599.36941384741  4.973355E-14
6599.43379854461  4.475739E-14
6599.4981832418  4.539407E-14
6599.562567939  3.444788E-14
6599.6269526362  3.728765E-14
6599.6913373334  3.678061E-14
6599.75572203059  4.433494E-14
6599.82010672779  3.602567E-14
6599.88449142499  3.299259E-14
6599.94887612218  3.394513E-14
6600.01326081938  3.948379E-14
6600.07764551658  4.002070E-14
6600.14203021377  3.555888E-14
6600.20641491097  9.643567E-14
6600.27079960817  8.478180E-14
6600.33518430537  7.516593E-14
6600.39956900256  1.428645E-13
6600.46395369976  3.071576E-14
6600.52833839696  2.922893E-14
6600.59272309416  4.630667E-14
6600.65710779135  4.534256E-14
6600.72149248855  4.750353E-14
6600.78587718575  3.065009E-14
6600.85026188295  3.094590E-14
6600.91464658014  3.664057E-14
6600.97903127734  2.946962E-14
6601.04341597454  3.772547E-14
6601.10780067173  4.667183E-14
6601.17218536893  3.586826E-14
6601.23657006613  3.947870E-14
6601.30095476333  3.030627E-14
6601.36533946052  3.232321E-14
6601.42972415772  3.725355E-14
6601.49410885492  2.786751E-14
6601.55849355211  3.568069E-14
6601.62287824931  3.759426E-14
6601.68726294651  4.211833E-14
6601.75164764371  3.168028E-14
6601.8160323409  4.584098E-14
6601.8804170381  4.139632E-14
6601.9448017353  3.435187E-14
6602.00918643249  4.299021E-14
6602.07357112969  4.199053E-14
6602.13795582689  3.622978E-14
6602.20234052409  3.314578E-14
6602.26672522128  2.606868E-14
6602.33110991848  3.289329E-14
6602.39549461568  3.597545E-14
6602.45987931287  3.899829E-14
6602.52426401007  3.841210E-14
6602.58864870727  3.275139E-14
6602.65303340447  4.369080E-14
6602.71741810166  3.743480E-14
6602.78180279886  4.004747E-14
6602.84618749606  3.628241E-14
6602.91057219326  3.594290E-14
6602.97495689045  3.457421E-14
6603.03934158765  3.618516E-14
6603.10372628485  4.342450E-14
6603.16811098204  4.834629E-14
6603.23249567924  3.619170E-14
6603.29688037644  3.083526E-14
6603.36126507364  3.910841E-14
6603.42564977083  5.472265E-14
6603.49003446803  3.504598E-14
6603.55441916523  3.551835E-14
6603.61880386242  5.240406E-14
6603.68318855962  3.113568E-14
6603.74757325682  3.013360E-14
6603.81195795402  3.047028E-14
6603.87634265121  4.511589E-14
6603.94072734841  5.035126E-14
6604.00511204561  4.592806E-14
6604.0694967428  3.293797E-14
6604.13388144  4.101073E-14
6604.1982661372  4.819803E-14
6604.2626508344  5.341261E-14
6604.32703553159  4.133873E-14
6604.39142022879  3.297331E-14
6604.45580492599  4.059782E-14
6604.52018962318  5.045569E-14
6604.58457432038  4.573011E-14
6604.64895901758  4.427749E-14
6604.71334371478  4.257095E-14
6604.77772841197  2.507709E-14
6604.84211310917  3.570640E-14
6604.90649780637  4.699203E-14
6604.97088250357  3.576759E-14
6605.03526720076  2.451738E-14
6605.09965189796  3.917892E-14
6605.16403659516  4.391949E-14
6605.22842129235  4.226327E-14
6605.29280598955  1.726139E-14
6605.35719068675  1.583633E-13
6605.42157538395  8.757581E-14
6605.48596008114  2.753865E-14
6605.55034477834  3.176376E-14
6605.61472947554  3.806738E-14
6605.67911417274  4.923872E-14
6605.74349886993  4.022395E-14
6605.80788356713  2.090689E-14
6605.87226826433  4.446074E-14
6605.93665296152  3.907527E-14
6606.00103765872  3.241994E-14
6606.06542235592  2.654679E-14
6606.12980705311  3.660604E-14
6606.19419175031  4.079635E-14
6606.25857644751  2.475070E-14
6606.32296114471  2.597902E-14
6606.3873458419  4.005687E-14
6606.4517305391  -3.219164E-14
6606.5161152363  7.333148E-13
6606.5804999335  2.966255E-13
6606.64488463069  1.792493E-14
6606.70926932789  2.924125E-14
6606.77365402509  2.799069E-14
6606.83803872228  3.489088E-14
6606.90242341948  2.493087E-14
6606.96680811668  2.601276E-14
6607.03119281388  3.186045E-14
6607.09557751107  3.862221E-14
6607.15996220827  3.452208E-14
6607.22434690547  4.516253E-14
6607.28873160266  4.160739E-14
6607.35311629986  3.691821E-14
6607.41750099706  3.308051E-14
6607.48188569426  2.464317E-14
6607.54627039145  3.068079E-14
6607.61065508865  2.428312E-14
6607.67503978585  4.290565E-14
6607.73942448305  6.033561E-14
6607.80380918024  4.286685E-14
6607.86819387744  3.867272E-14
6607.93257857464  2.935831E-14
6607.99696327183  3.708289E-14
6608.06134796903  6.015480E-14
6608.12573266623  4.322365E-14
6608.19011736343  3.373671E-14
6608.25450206062  4.490405E-14
6608.31888675782  3.511008E-14
6608.38327145502  3.964871E-14
6608.44765615221  3.658980E-14
6608.51204084941  2.766373E-14
6608.57642554661  3.455910E-14
6608.64081024381  4.204352E-14
6608.705194941  4.410698E-14
6608.7695796382  3.060101E-14
6608.8339643354  4.255597E-14
6608.8983490326  3.041372E-14
6608.96273372979  2.927867E-14
6609.02711842699  3.744383E-14
6609.09150312419  4.128355E-14
6609.15588782138  4.486161E-14
6609.22027251858  4.242040E-14
6609.28465721578  2.512593E-14
6609.34904191297  4.393839E-14
6609.41342661017  4.099724E-14
6609.47781130737  3.116394E-14
6609.54219600457  3.987639E-14
6609.60658070176  3.528393E-14
6609.67096539896  3.768248E-14
6609.73535009616  3.237186E-14
6609.79973479336  3.450513E-14
6609.86411949055  3.835694E-14
6609.92850418775  4.114746E-14
6609.99288888495  4.961209E-14
6610.05727358214  3.555997E-14
6610.12165827934  5.591516E-14
6610.18604297654  6.100058E-14
6610.25042767374  4.545217E-14
6610.31481237093  3.567499E-14
6610.37919706813  3.999528E-14
6610.44358176533  4.726844E-14
6610.50796646252  3.250202E-14
6610.57235115972  5.821640E-14
6610.63673585692  4.826559E-14
6610.70112055412  4.799824E-14
6610.76550525131  3.764028E-14
6610.82988994851  2.933900E-14
6610.89427464571  3.194615E-14
6610.9586593429  5.064578E-14
6611.0230440401  4.663133E-14
6611.0874287373  5.505806E-14
6611.1518134345  3.742934E-14
6611.21619813169  2.533542E-14
6611.28058282889  2.699080E-14
6611.34496752609  3.101411E-14
6611.40935222328  2.999735E-14
6611.47373692048  3.066117E-14
6611.53812161768  4.655548E-14
6611.60250631488  4.566713E-14
6611.66689101207  2.895716E-14
6611.73127570927  5.623515E-14
6611.79566040647  5.235335E-14
6611.86004510367  4.540271E-14
6611.92442980086  4.560110E-14
6611.98881449806  5.063268E-14
6612.05319919526  7.245953E-14
6612.11758389245  4.796380E-14
6612.18196858965  2.841851E-14
6612.24635328685  4.081640E-14
6612.31073798405  3.067261E-14
6612.37512268124  4.876628E-14
6612.43950737844  6.710938E-14
6612.50389207564  4.991024E-14
6612.56827677283  4.909028E-14
6612.63266147003  3.455425E-14
6612.69704616723  3.052417E-14
6612.76143086443  1.285989E-14
6612.82581556162  1.575272E-13
6612.89020025882  5.580176E-13
6612.95458495602  7.492881E-14
6613.01896965321  1.002451E-14
6613.08335435041  -2.974756E-15
6613.14773904761  5.030754E-14
6613.21212374481  3.018369E-14
6613.276508442  4.653820E-14
6613.3408931392  5.538663E-14
6613.4052778364  3.586897E-14
6613.46966253359  3.107458E-14
6613.53404723079  4.102881E-14
6613.59843192799  3.043395E-14
6613.66281662519  2.015589E-14
6613.72720132238  3.386978E-14
6613.79158601958  3.902064E-14
6613.85597071678  4.949446E-14
6613.92035541398  3.025650E-14
6613.98474011117  3.725806E-14
6614.04912480837  4.485607E-14
6614.11350950557  4.240527E-14
6614.17789420276  4.732828E-14
6614.24227889996  5.549479E-14
6614.30666359716  4.425404E-14
6614.37104829436  5.262678E-14
6614.43543299155  3.745357E-14
6614.49981768875  4.185916E-14
6614.56420238595  5.360918E-14
6614.62858708314  3.982814E-14
6614.69297178034  5.079678E-14
6614.75735647754  3.717842E-14
6614.82174117474  3.429173E-14
6614.88612587193  6.055527E-14
6614.95051056913  4.965080E-14
6615.01489526633  5.038098E-14
6615.07927996352  4.268166E-14
6615.14366466072  3.961286E-14
6615.20804935792  3.203427E-14
6615.27243405512  2.463042E-14
6615.33681875232  4.691326E-14
6615.40120344951  4.093751E-14
6615.46558814671  3.320570E-14
6615.5299728439  4.351521E-14
6615.5943575411  5.400242E-14
6615.6587422383  5.347879E-14
6615.7231269355  3.640499E-14
6615.78751163269  5.233876E-14
6615.85189632989  4.329576E-14
6615.91628102709  4.872390E-14
6615.98066572429  5.155967E-14
6616.04505042148  4.328448E-14
6616.10943511868  2.772852E-14
6616.17381981588  3.060601E-14
6616.23820451307  4.779287E-14
6616.30258921027  5.376912E-14
6616.36697390747  5.725610E-14
6616.43135860467  3.737383E-14
6616.49574330187  4.053774E-14
6616.56012799906  3.155574E-14
6616.62451269626  4.487207E-14
6616.68889739345  4.601254E-14
6616.75328209065  4.479040E-14
6616.81766678785  4.617028E-14
6616.88205148505  4.716745E-14
6616.94643618224  3.107887E-14
6617.01082087944  2.611712E-14
6617.07520557664  5.171234E-14
6617.13959027383  4.308813E-14
6617.20397497103  4.888524E-14
6617.26835966823  5.185114E-14
6617.33274436543  3.773876E-14
6617.39712906262  4.359460E-14
6617.46151375982  4.133964E-14
6617.52589845702  3.799248E-14
6617.59028315422  4.112841E-14
6617.65466785141  4.344339E-14
6617.71905254861  2.818581E-14
6617.78343724581  4.461632E-14
6617.84782194301  2.464821E-14
6617.9122066402  3.002543E-14
6617.9765913374  4.651797E-14
6618.0409760346  5.608709E-14
6618.10536073179  4.386442E-14
6618.16974542899  3.172009E-14
6618.23413012619  6.649542E-14
6618.29851482338  6.990726E-14
6618.36289952058  5.278728E-14
6618.42728421778  5.044652E-14
6618.49166891498  4.995020E-14
6618.55605361218  2.722235E-14
6618.62043830937  3.604859E-14
6618.68482300657  4.256729E-14
6618.74920770377  4.114452E-14
6618.81359240096  3.681783E-14
6618.87797709816  3.836717E-14
6618.94236179536  5.577365E-14
6619.00674649255  4.160897E-14
6619.07113118975  5.376035E-14
6619.13551588695  3.348314E-14
6619.19990058415  5.401345E-14
6619.26428528134  5.418568E-14
6619.32866997854  3.932601E-14
6619.39305467574  2.740848E-14
6619.45743937294  2.519540E-14
6619.52182407013  3.181020E-14
6619.58620876733  2.677701E-14
6619.65059346453  8.640113E-14
6619.71497816172  1.098760E-13
6619.77936285892  4.850870E-14
6619.84374755612  5.037739E-14
6619.90813225331  3.532104E-14
6619.97251695051  3.223498E-14
6620.03690164771  5.846362E-14
6620.10128634491  4.156818E-14
6620.1656710421  4.927369E-14
6620.2300557393  6.616979E-14
6620.2944404365  5.972453E-14
6620.3588251337  4.283108E-14
6620.42320983089  3.872827E-14
6620.48759452809  6.308710E-14
6620.55197922529  5.303437E-14
6620.61636392249  1.712178E-14
6620.68074861968  3.596231E-14
6620.74513331688  2.052509E-14
6620.80951801408  2.073032E-14
6620.87390271127  4.370115E-14
6620.93828740847  9.034029E-14
6621.00267210567  7.305084E-14
6621.06705680287  4.975627E-14
6621.13144150006  6.019031E-14
6621.19582619726  3.985949E-14
6621.26021089446  4.889113E-14
6621.32459559165  5.552275E-14
6621.38898028885  4.238648E-14
6621.45336498605  4.362996E-14
6621.51774968325  2.376096E-14
6621.58213438044  1.954424E-13
6621.64651907764  4.519303E-13
6621.71090377484  1.960638E-14
6621.77528847203  4.917110E-14
6621.83967316923  3.124654E-14
6621.90405786643  4.823544E-14
6621.96844256363  6.195875E-14
6622.03282726082  5.634503E-14
6622.09721195802  2.875231E-14
6622.16159665522  2.130336E-14
6622.22598135242  2.020570E-13
6622.29036604961  5.189065E-13
6622.35475074681  4.117130E-14
6622.41913544401  4.848210E-14
6622.4835201412  4.810682E-14
6622.5479048384  5.842742E-14
6622.6122895356  5.425245E-14
6622.6766742328  3.963241E-14
6622.74105892999  3.477112E-14
6622.80544362719  6.022888E-14
6622.86982832439  2.337554E-14
6622.93421302158  8.031125E-14
6622.99859771878  3.846858E-14
6623.06298241598  4.795267E-14
6623.12736711318  4.712097E-14
6623.19175181037  4.398281E-14
6623.25613650757  5.598565E-14
6623.32052120477  6.969672E-14
6623.38490590196  6.404457E-14
6623.44929059916  4.206838E-14
6623.51367529636  6.145429E-14
6623.57805999356  4.761930E-14
6623.64244469075  2.794411E-14
6623.70682938795  1.010375E-14
6623.77121408515  2.672332E-14
6623.83559878234  2.738369E-14
6623.89998347954  2.920348E-14
6623.96436817674  3.048071E-14
6624.02875287394  4.454518E-14
6624.09313757113  1.027740E-14
6624.15752226833  5.023892E-14
6624.22190696553  2.928862E-14
6624.28629166272  5.241642E-14
6624.35067635992  9.109921E-14
6624.41506105712  9.673524E-14
6624.47944575432  3.863600E-14
6624.54383045151  4.480625E-14
6624.60821514871  7.148110E-14
6624.67259984591  4.410329E-14
6624.73698454311  3.449199E-14
6624.8013692403  5.488494E-15
6624.8657539375  4.982480E-14
6624.9301386347  3.776746E-14
6624.99452333189  4.703266E-15
6625.05890802909  4.061072E-14
6625.12329272629  3.893506E-14
6625.18767742349  1.038452E-13
6625.25206212068  4.733552E-14
6625.31644681788  4.423995E-14
6625.38083151508  2.364396E-14
6625.44521621227  7.084591E-14
6625.50960090947  8.919837E-14
6625.57398560667  7.617030E-15
6625.63837030387  6.257748E-14
6625.70275500106  3.120046E-14
6625.76713969826  5.239059E-14
6625.83152439546  4.390138E-14
6625.89590909265  5.240409E-14
6625.96029378985  6.284347E-14
6626.02467848705  3.696034E-14
6626.08906318425  2.600306E-14
6626.15344788144  2.382478E-14
6626.21783257864  2.649209E-14
6626.28221727584  5.535482E-14
6626.34660197304  4.843509E-14
6626.41098667023  2.356357E-14
6626.47537136743  5.396638E-14
6626.53975606463  5.642730E-14
6626.60414076182  3.256139E-14
6626.66852545902  6.762208E-14
6626.73291015622  7.008822E-14
