4805.33056640622  1.647708E-12
4805.37839279706  7.860158E-13
4805.4262191879  1.357193E-12
4805.47404557875  1.411976E-12
4805.52187196959  -1.478322E-13
4805.56969836043  1.251945E-13
4805.61752475128  1.446869E-12
4805.66535114212  1.509317E-12
4805.71317753297  3.073458E-13
4805.76100392381  3.809443E-13
4805.80883031466  7.479932E-13
4805.8566567055  7.899771E-13
4805.90448309634  5.071616E-13
4805.95230948719  2.091494E-13
4806.00013587803  8.171455E-13
4806.04796226887  9.636065E-13
4806.09578865972  3.169082E-13
4806.14361505056  2.636753E-13
4806.19144144141  5.543583E-14
4806.23926783225  -3.587989E-13
4806.28709422309  -9.340551E-14
4806.33492061394  9.774823E-13
4806.38274700478  4.526175E-13
4806.43057339563  1.616061E-13
4806.47839978647  7.471249E-13
4806.52622617731  7.434670E-13
4806.57405256816  2.243292E-13
4806.621878959  -1.330409E-12
4806.66970534985  6.634126E-12
4806.71753174069  2.099428E-11
4806.76535813153  8.250677E-12
4806.81318452238  -1.290234E-12
4806.86101091322  4.398292E-13
4806.90883730407  2.230013E-13
4806.95666369491  2.306450E-13
4807.00449008575  2.859042E-14
4807.0523164766  -1.341879E-13
4807.10014286744  1.945391E-13
4807.14796925829  5.602337E-13
4807.19579564913  3.018876E-13
4807.24362203998  1.767919E-14
4807.29144843082  2.900963E-13
4807.33927482166  8.504697E-13
4807.38710121251  1.703546E-12
4807.43492760335  1.472890E-12
4807.48275399419  4.520469E-13
4807.53058038504  3.919982E-13
4807.57840677588  3.935510E-13
4807.62623316673  1.037380E-13
4807.67405955757  -2.139470E-13
4807.72188594841  -1.665003E-13
4807.76971233926  2.834513E-13
4807.8175387301  5.190449E-13
4807.86536512094  5.959110E-13
4807.91319151179  9.331190E-13
4807.96101790263  1.149033E-12
4808.00884429348  -1.840866E-13
4808.05667068432  -1.021521E-12
4808.10449707517  2.177452E-13
4808.15232346601  1.108824E-12
4808.20014985685  9.652803E-13
4808.2479762477  3.462670E-13
4808.29580263854  1.045390E-13
4808.34362902938  3.900744E-13
4808.39145542023  2.581245E-13
4808.43928181107  1.047232E-14
4808.48710820192  -4.300191E-15
4808.53493459276  -1.838787E-14
4808.5827609836  -5.457588E-14
4808.63058737445  -1.120629E-14
4808.67841376529  1.341046E-13
4808.72624015614  1.564437E-13
4808.77406654698  -1.614041E-13
4808.82189293782  4.806622E-13
4808.86971932867  1.396627E-12
4808.91754571951  1.232772E-12
4808.96537211036  4.520699E-13
4809.0131985012  9.055473E-14
4809.06102489204  2.010782E-13
4809.10885128289  2.898099E-13
4809.15667767373  2.257071E-13
4809.20450406458  4.355075E-13
4809.25233045542  4.265043E-13
4809.30015684626  1.465056E-13
4809.34798323711  1.285823E-13
4809.39580962795  1.825861E-13
4809.4436360188  5.347404E-13
4809.49146240964  5.127961E-13
4809.53928880049  -6.530951E-14
4809.58711519133  3.750949E-13
4809.63494158217  5.553064E-13
4809.68276797302  2.773487E-13
4809.73059436386  2.098129E-13
4809.7784207547  3.131679E-13
4809.82624714555  -5.446027E-14
4809.87407353639  -1.773840E-13
4809.92189992724  4.443992E-13
4809.96972631808  1.080292E-12
4810.01755270892  8.321280E-13
4810.06537909977  1.177232E-13
4810.11320549061  -5.274880E-14
4810.16103188146  4.435272E-13
4810.2088582723  4.355416E-13
4810.25668466314  8.899433E-13
4810.30451105399  9.069411E-13
4810.35233744483  3.470118E-15
4810.40016383568  3.749143E-14
4810.44799022652  5.811829E-13
4810.49581661736  6.499008E-13
4810.54364300821  3.271155E-13
4810.59146939905  4.202284E-13
4810.6392957899  5.089859E-13
4810.68712218074  8.354947E-13
4810.73494857158  6.869176E-13
4810.78277496243  -1.725162E-13
4810.83060135327  1.591425E-13
4810.87842774412  7.173513E-13
4810.92625413496  5.425676E-13
4810.9740805258  7.627572E-14
4811.02190691665  3.917144E-13
4811.06973330749  8.794877E-13
4811.11755969834  6.802452E-13
4811.16538608918  -2.733296E-14
4811.21321248002  -2.614235E-13
4811.26103887087  2.622266E-13
4811.30886526171  8.109788E-13
4811.35669165256  5.559872E-13
4811.4045180434  -1.461977E-13
4811.45234443424  2.679353E-14
4811.50017082509  1.260483E-14
4811.54799721593  3.604804E-13
4811.59582360677  8.763527E-13
4811.64364999762  2.462868E-13
4811.69147638846  1.601560E-13
4811.73930277931  1.062305E-13
4811.78712917015  6.154739E-14
4811.834955561  4.377928E-13
4811.88278195184  2.575118E-13
4811.93060834268  -1.913468E-14
4811.97843473353  7.154438E-14
4812.02626112437  4.218138E-13
4812.07408751522  5.976024E-13
4812.12191390606  4.347912E-13
4812.1697402969  1.218477E-14
4812.21756668775  -1.828314E-13
4812.26539307859  2.248589E-13
4812.31321946944  7.431321E-13
4812.36104586028  6.435485E-13
4812.40887225112  2.433112E-13
4812.45669864197  4.778134E-14
4812.50452503281  -9.925024E-14
4812.55235142365  1.623533E-13
4812.6001778145  7.469198E-13
4812.64800420534  8.140617E-13
4812.69583059619  -2.442345E-14
4812.74365698703  -3.445229E-13
4812.79148337787  1.902613E-13
4812.83930976872  5.547074E-13
4812.88713615956  2.878906E-13
4812.93496255041  3.317325E-13
4812.98278894125  1.644835E-13
4813.03061533209  -1.319194E-14
4813.07844172294  7.668361E-14
4813.12626811378  1.966888E-13
4813.17409450463  8.847693E-14
4813.22192089547  2.741120E-13
4813.26974728631  5.997420E-13
4813.31757367716  5.229848E-13
4813.365400068  1.670902E-13
4813.41322645885  3.407393E-13
4813.46105284969  3.611849E-13
4813.50887924053  -2.855282E-14
4813.55670563138  -3.810043E-14
4813.60453202222  4.854746E-13
4813.65235841307  5.258353E-13
4813.70018480391  3.656947E-13
4813.74801119475  3.337945E-13
4813.7958375856  -1.601442E-13
4813.84366397644  1.072569E-13
4813.89149036728  3.356257E-13
4813.93931675813  6.996999E-14
4813.98714314897  -1.008598E-14
4814.03496953982  1.861027E-13
4814.08279593066  6.318402E-14
4814.13062232151  8.847038E-14
4814.17844871235  4.015088E-13
4814.22627510319  2.099498E-13
4814.27410149404  1.142852E-13
4814.32192788488  9.453546E-14
4814.36975427573  2.081866E-13
4814.41758066657  3.960299E-13
4814.46540705741  1.141182E-13
4814.51323344826  1.354834E-13
4814.5610598391  2.463199E-13
4814.60888622995  1.314100E-13
4814.65671262079  6.268972E-14
4814.70453901163  -1.031921E-14
4814.75236540248  1.046599E-13
4814.80019179332  4.488778E-13
4814.84801818416  6.335233E-13
4814.89584457501  2.801073E-13
4814.94367096585  1.577132E-13
4814.9914973567  1.894678E-13
4815.03932374754  2.249798E-13
4815.08715013838  3.031871E-13
4815.13497652923  1.658703E-13
4815.18280292007  3.200911E-13
4815.23062931092  5.085787E-13
4815.27845570176  4.564809E-13
4815.3262820926  3.810702E-13
4815.37410848345  -1.489675E-14
4815.42193487429  -5.723757E-14
4815.46976126514  1.786655E-13
4815.51758765598  1.473085E-13
4815.56541404683  1.494494E-14
4815.61324043767  3.344467E-14
4815.66106682851  8.391821E-14
4815.70889321936  -4.561145E-15
4815.7567196102  -8.994505E-14
4815.80454600104  1.484319E-13
4815.85237239189  3.053359E-13
4815.90019878273  2.362687E-13
4815.94802517358  1.298285E-13
4815.99585156442  8.245355E-14
4816.04367795526  -7.962466E-14
4816.09150434611  3.497690E-14
4816.13933073695  3.086224E-13
4816.18715712779  3.445140E-13
4816.23498351864  2.058868E-13
4816.28280990948  1.061617E-13
4816.33063630033  8.038676E-14
4816.37846269117  6.958570E-14
4816.42628908202  9.572539E-14
4816.47411547286  2.367279E-13
4816.5219418637  2.439887E-13
4816.56976825455  1.360991E-13
4816.61759464539  1.456667E-13
4816.66542103624  2.609524E-13
4816.71324742708  7.604814E-14
4816.76107381792  1.219765E-13
4816.80890020877  1.548304E-13
4816.85672659961  4.343012E-15
4816.90455299046  1.398070E-13
4816.9523793813  1.596951E-13
4817.00020577214  1.056539E-13
4817.04803216299  2.204548E-14
4817.09585855383  -4.785419E-14
4817.14368494467  5.862393E-14
4817.19151133552  1.763796E-13
4817.23933772636  3.265526E-13
4817.28716411721  3.745578E-13
4817.33499050805  2.437909E-13
4817.38281689889  2.292779E-13
4817.43064328974  1.943663E-13
4817.47846968058  2.351150E-14
4817.52629607143  1.400924E-14
4817.57412246227  2.526702E-13
4817.62194885311  4.850706E-14
4817.66977524396  3.630969E-15
4817.7176016348  1.646326E-13
4817.76542802565  2.034395E-13
4817.81325441649  9.483454E-14
4817.86108080734  4.944881E-14
4817.90890719818  8.573272E-14
4817.95673358902  2.560488E-13
4818.00455997987  3.257833E-13
4818.05238637071  6.588449E-15
4818.10021276155  -1.390752E-13
4818.1480391524  7.205458E-14
4818.19586554324  2.608543E-13
4818.24369193409  1.741710E-13
4818.29151832493  4.891141E-14
4818.33934471577  -1.581194E-14
4818.38717110662  1.554836E-13
4818.43499749746  2.595614E-13
4818.48282388831  1.714500E-13
4818.53065027915  2.469604E-13
4818.57847666999  -3.204350E-14
4818.62630306084  -1.422495E-13
4818.67412945168  5.265432E-14
4818.72195584253  1.260401E-13
4818.76978223337  3.362084E-14
4818.81760862421  1.374858E-13
4818.86543501506  1.347747E-13
4818.9132614059  2.092279E-14
4818.96108779675  6.694822E-14
4819.00891418759  1.477225E-13
4819.05674057843  2.116751E-13
4819.10456696928  2.455802E-13
4819.15239336012  1.969755E-13
4819.20021975097  1.069004E-13
4819.24804614181  1.463155E-13
4819.29587253265  1.587084E-13
4819.3436989235  2.590934E-13
4819.39152531434  2.695773E-13
4819.43935170519  5.519261E-14
4819.48717809603  5.611847E-14
4819.53500448687  3.407164E-14
4819.58283087772  1.939235E-13
4819.63065726856  2.888775E-13
4819.67848365941  -1.725726E-14
4819.72631005025  -1.679949E-13
4819.77413644109  -3.976058E-14
4819.82196283194  1.168029E-13
4819.86978922278  1.435336E-13
4819.91761561363  1.352705E-13
4819.96544200447  2.034560E-13
4820.01326839531  2.522662E-13
4820.06109478616  1.257514E-13
4820.108921177  -3.221264E-14
4820.15674756785  4.110864E-14
4820.20457395869  2.594730E-13
4820.25240034953  2.801724E-13
4820.30022674038  1.513286E-13
4820.34805313122  5.241935E-14
4820.39587952207  3.457600E-14
4820.44370591291  6.810184E-14
4820.49153230375  1.668992E-13
4820.5393586946  1.777902E-13
4820.58718508544  9.193675E-14
4820.63501147629  4.954074E-14
4820.68283786713  7.493389E-14
4820.73066425797  5.462614E-14
4820.77849064882  2.043052E-13
4820.82631703966  2.574914E-13
4820.87414343051  6.364513E-14
4820.92196982135  1.090422E-13
4820.96979621219  1.361630E-13
4821.01762260304  5.397335E-14
4821.06544899388  8.039056E-14
4821.11327538473  2.450775E-13
4821.16110177557  2.438230E-13
4821.20892816641  1.165355E-13
4821.25675455726  4.752987E-14
4821.3045809481  1.106286E-13
4821.35240733894  1.518928E-13
4821.40023372979  9.607034E-14
4821.44806012063  2.714599E-13
4821.49588651148  1.843499E-13
4821.54371290232  -3.661957E-14
4821.59153929316  1.230922E-14
4821.63936568401  2.252547E-13
4821.68719207485  2.369626E-13
4821.7350184657  1.762003E-13
4821.78284485654  6.885592E-14
4821.83067124738  -3.276141E-14
4821.87849763823  -1.205841E-14
4821.92632402907  6.542783E-14
4821.97415041992  1.847521E-13
4822.02197681076  2.547474E-13
4822.0698032016  1.672719E-13
4822.11762959245  2.739491E-14
4822.16545598329  7.384581E-14
4822.21328237414  4.303012E-14
4822.26110876498  9.582309E-14
4822.30893515582  1.683321E-13
4822.35676154667  1.034628E-13
4822.40458793751  4.363172E-14
4822.45241432836  -2.105584E-14
4822.5002407192  1.222919E-13
4822.54806711004  1.994446E-13
4822.59589350089  5.985726E-14
4822.64371989173  5.812735E-14
4822.69154628258  1.874132E-13
4822.73937267342  2.449239E-14
4822.78719906426  2.447157E-14
4822.83502545511  2.022842E-13
4822.88285184595  7.659245E-14
4822.9306782368  6.171077E-14
4822.97850462764  1.171683E-13
4823.02633101848  7.693324E-14
4823.07415740933  2.085436E-14
4823.12198380017  8.571411E-14
4823.16981019102  1.590322E-13
4823.21763658186  1.506903E-13
4823.2654629727  2.125419E-13
4823.31328936355  2.333538E-13
4823.36111575439  1.093369E-13
4823.40894214524  2.079476E-14
4823.45676853608  2.698329E-14
4823.50459492692  1.061585E-13
4823.55242131777  8.491496E-14
4823.60024770861  1.023866E-15
4823.64807409945  2.791339E-14
4823.6959004903  6.675492E-14
4823.74372688114  7.907919E-14
4823.79155327199  1.115336E-13
4823.83937966283  1.572065E-13
4823.88720605367  1.517576E-13
4823.93503244452  7.916728E-14
4823.98285883536  1.435391E-14
4824.03068522621  1.195077E-13
4824.07851161705  1.418128E-13
4824.12633800789  4.308469E-14
4824.17416439874  8.810704E-14
4824.22199078958  6.993341E-14
4824.26981718043  6.190628E-14
4824.31764357127  7.267988E-14
4824.36546996211  4.345498E-14
4824.41329635296  1.885350E-14
4824.4611227438  9.677491E-14
4824.50894913465  1.151632E-13
4824.55677552549  7.313497E-14
4824.60460191633  5.262192E-14
4824.65242830718  5.149937E-14
4824.70025469802  3.193602E-14
4824.74808108887  6.813266E-14
4824.79590747971  1.031475E-13
4824.84373387055  4.507672E-14
4824.8915602614  -2.774528E-14
4824.93938665224  -1.490723E-14
4824.98721304309  2.159244E-14
4825.03503943393  1.053209E-13
4825.08286582477  1.162853E-13
4825.13069221562  1.207865E-13
4825.17851860646  1.228358E-13
4825.22634499731  5.178949E-14
4825.27417138815  9.865686E-14
4825.32199777899  5.009556E-14
4825.36982416984  4.085301E-14
4825.41765056068  9.363239E-14
4825.46547695153  8.016618E-14
4825.51330334237  6.165844E-14
4825.56112973321  8.087427E-14
4825.60895612406  5.211958E-14
4825.6567825149  2.717356E-14
4825.70460890575  5.144018E-14
4825.75243529659  9.342733E-14
4825.80026168743  1.529668E-13
4825.84808807828  9.184289E-14
4825.89591446912  6.755257E-14
4825.94374085997  -9.318626E-14
4825.99156725081  3.879528E-13
4826.03939364165  1.841413E-12
4826.0872200325  1.130013E-12
4826.13504642334  2.020862E-13
4826.18287281419  -2.691773E-14
4826.23069920503  -7.676598E-15
4826.27852559587  5.574438E-15
4826.32635198672  6.911857E-14
4826.37417837756  1.236616E-13
4826.42200476841  1.107678E-13
4826.46983115925  7.071158E-14
4826.51765755009  7.145559E-14
4826.56548394094  8.830458E-14
4826.61331033178  5.168737E-14
4826.66113672262  7.278683E-14
4826.70896311347  3.767075E-14
4826.75678950431  5.252364E-14
4826.80461589516  1.083732E-13
4826.852442286  3.126754E-14
4826.90026867684  6.646942E-14
4826.94809506769  1.054687E-13
4826.99592145853  1.435057E-13
4827.04374784938  8.421278E-14
4827.09157424022  -1.344831E-15
4827.13940063106  9.969621E-14
4827.18722702191  5.433064E-14
4827.23505341275  -1.953763E-15
4827.2828798036  -7.735129E-15
4827.33070619444  6.001903E-15
4827.37853258529  1.211660E-14
4827.42635897613  -8.365623E-15
4827.47418536697  5.858488E-15
4827.52201175782  4.257416E-14
4827.56983814866  6.627555E-14
4827.6176645395  1.164850E-13
4827.66549093035  1.680936E-13
4827.71331732119  9.188594E-14
4827.76114371204  4.090746E-14
4827.80897010288  2.850860E-14
4827.85679649372  2.348915E-14
4827.90462288457  1.900753E-14
4827.95244927541  3.263299E-14
4828.00027566626  7.148070E-14
4828.0481020571  6.842571E-14
4828.09592844794  7.514258E-14
4828.14375483879  1.075412E-13
4828.19158122963  5.989190E-14
4828.23940762048  -1.221203E-14
4828.28723401132  1.159912E-13
4828.33506040216  4.118616E-14
4828.38288679301  3.013212E-14
4828.43071318385  1.075780E-13
4828.4785395747  1.096249E-13
4828.52636596554  7.488103E-14
4828.57419235638  6.214405E-14
4828.62201874723  6.334444E-14
4828.66984513807  7.465511E-14
4828.71767152892  6.376299E-14
4828.76549791976  4.118865E-14
4828.8133243106  4.492819E-14
4828.86115070145  4.098487E-14
4828.90897709229  1.668684E-14
4828.95680348314  2.698013E-14
4829.00462987398  2.916432E-14
4829.05245626482  4.588313E-14
4829.10028265567  9.439694E-14
4829.14810904651  3.554710E-14
4829.19593543736  2.405417E-14
4829.2437618282  7.727383E-14
4829.29158821904  6.216634E-14
4829.33941460989  3.194539E-14
4829.38724100073  8.234066E-14
4829.43506739158  6.278138E-14
4829.48289378242  1.611544E-14
4829.53072017326  2.206070E-14
4829.57854656411  1.947097E-15
4829.62637295495  -1.451652E-14
4829.6741993458  6.445349E-14
4829.72202573664  1.118577E-13
4829.76985212748  1.585377E-14
4829.81767851833  6.277674E-14
4829.86550490917  9.910340E-14
4829.91333130001  4.137536E-14
4829.96115769086  3.602340E-14
4830.0089840817  8.544823E-14
4830.05681047255  1.247058E-13
4830.10463686339  7.499638E-14
4830.15246325423  4.387216E-14
4830.20028964508  5.908524E-14
4830.24811603592  6.432340E-14
4830.29594242677  6.088392E-14
4830.34376881761  4.908572E-14
4830.39159520845  2.837721E-14
4830.4394215993  3.477117E-14
4830.48724799014  2.572262E-14
4830.53507438099  4.868943E-14
4830.58290077183  1.097464E-13
4830.63072716268  2.148853E-14
4830.67855355352  2.742348E-14
4830.72637994436  3.805231E-14
4830.77420633521  4.882192E-14
4830.82203272605  6.042957E-14
4830.86985911689  6.158137E-14
4830.91768550774  1.019924E-13
4830.96551189858  5.169418E-14
4831.01333828943  2.628581E-14
4831.06116468027  4.326280E-14
4831.10899107111  7.243549E-14
4831.15681746196  7.135488E-14
4831.2046438528  3.192430E-14
4831.25247024365  4.976955E-14
4831.30029663449  2.182600E-14
4831.34812302533  4.079160E-14
4831.39594941618  4.351597E-14
4831.44377580702  1.492567E-14
4831.49160219787  3.850355E-14
4831.53942858871  4.183224E-14
4831.58725497955  3.663708E-14
4831.6350813704  5.120061E-14
4831.68290776124  2.569650E-14
4831.73073415209  1.446186E-14
4831.77856054293  4.955649E-14
4831.82638693377  4.036220E-14
4831.87421332462  4.112051E-14
4831.92203971546  7.457171E-14
4831.96986610631  9.694849E-14
4832.01769249715  8.836092E-14
4832.06551888799  4.393090E-14
4832.11334527884  7.123164E-15
4832.16117166968  4.205036E-14
4832.20899806053  4.290275E-14
4832.25682445137  3.751416E-14
4832.30465084221  5.695519E-14
4832.35247723306  7.368407E-14
4832.4003036239  6.650594E-14
4832.44813001474  4.854810E-14
4832.49595640559  3.559901E-14
4832.54378279643  7.152371E-14
4832.59160918728  5.177991E-14
4832.63943557812  1.311994E-14
4832.68726196897  3.094239E-14
4832.73508835981  4.895546E-14
4832.78291475065  9.623888E-15
4832.8307411415  6.822403E-15
4832.87856753234  1.525726E-15
4832.92639392319  3.696039E-14
4832.97422031403  4.045150E-14
4833.02204670487  7.954175E-15
4833.06987309572  2.061658E-14
4833.11769948656  2.000511E-14
4833.16552587741  5.679529E-15
4833.21335226825  8.178999E-14
4833.26117865909  1.033260E-13
4833.30900504994  5.681846E-14
4833.35683144078  3.422615E-14
4833.40465783162  3.205007E-14
4833.45248422247  3.401146E-14
4833.50031061331  1.295518E-14
4833.54813700416  4.452805E-14
4833.595963395  6.287877E-14
4833.64378978585  5.009822E-14
4833.69161617669  4.802168E-14
4833.73944256753  5.225825E-14
4833.78726895838  6.285344E-14
4833.83509534922  5.352402E-14
4833.88292174007  4.885240E-14
4833.93074813091  3.978454E-14
4833.97857452175  3.774315E-14
4834.0264009126  4.977062E-14
4834.07422730344  3.637779E-14
4834.12205369429  3.400809E-15
4834.16988008513  2.575496E-14
4834.21770647597  3.944997E-14
4834.26553286682  -3.320218E-15
4834.31335925766  4.202491E-13
4834.3611856485  7.269963E-13
4834.40901203935  1.006047E-13
4834.45683843019  7.755919E-14
4834.50466482104  4.703532E-14
4834.55249121188  2.241947E-14
4834.60031760272  3.897256E-14
4834.64814399357  3.371706E-14
4834.69597038441  3.943262E-14
4834.74379677525  6.336267E-14
4834.7916231661  4.717105E-14
4834.83944955694  5.480583E-14
4834.88727594779  3.588225E-14
4834.93510233863  5.971980E-14
4834.98292872948  6.669075E-14
4835.03075512032  2.595640E-14
4835.07858151116  3.892003E-14
4835.12640790201  6.592689E-14
4835.17423429285  7.439250E-14
4835.2220606837  5.822559E-14
4835.26988707454  4.514565E-14
4835.31771346538  5.073218E-14
4835.36553985623  4.299639E-14
4835.41336624707  1.766071E-14
4835.46119263792  2.902159E-14
4835.50901902876  5.434067E-14
4835.5568454196  7.637376E-14
4835.60467181045  7.850399E-14
4835.65249820129  6.550389E-14
4835.70032459213  6.203025E-14
4835.74815098298  5.379023E-14
4835.79597737382  1.914220E-14
4835.84380376467  2.074968E-14
4835.89163015551  4.028794E-14
4835.93945654636  4.483875E-14
4835.9872829372  1.705250E-14
4836.03510932804  2.389198E-14
4836.08293571889  7.150260E-14
4836.13076210973  6.663218E-14
4836.17858850058  2.579850E-14
4836.22641489142  2.632368E-14
4836.27424128226  5.517328E-14
4836.32206767311  6.513065E-14
4836.36989406395  5.430899E-14
4836.4177204548  5.668731E-14
4836.46554684564  6.185559E-14
4836.51337323648  3.578848E-14
4836.56119962733  2.945524E-14
4836.60902601817  4.570822E-14
4836.65685240901  4.675977E-14
4836.70467879986  3.563145E-14
4836.7525051907  3.828368E-14
4836.80033158155  3.875108E-14
4836.84815797239  2.651826E-14
4836.89598436323  3.946324E-14
4836.94381075408  3.868638E-14
4836.99163714492  3.000999E-14
4837.03946353577  -4.649180E-14
4837.08728992661  6.151858E-13
4837.13511631745  8.233355E-13
4837.1829427083  2.158645E-14
4837.23076909914  4.742256E-14
4837.27859548999  7.717317E-14
4837.32642188083  4.877147E-14
4837.37424827167  1.611780E-14
4837.42207466252  6.319018E-15
4837.46990105336  2.431673E-14
4837.51772744421  2.425868E-14
4837.56555383505  1.782953E-14
4837.61338022589  5.697045E-14
4837.66120661674  4.455850E-14
4837.70903300758  3.625170E-14
4837.75685939843  2.490767E-14
4837.80468578927  6.649219E-15
4837.85251218011  1.673456E-14
4837.90033857096  3.709141E-14
4837.9481649618  3.177269E-14
4837.99599135265  3.617928E-14
4838.04381774349  5.808091E-14
4838.09164413433  7.667787E-14
4838.13947052518  5.285527E-14
4838.18729691602  2.772332E-14
4838.23512330687  1.832464E-14
4838.28294969771  2.048733E-14
4838.33077608855  3.720676E-14
4838.3786024794  4.531825E-14
4838.42642887024  4.261276E-14
4838.47425526109  3.324889E-14
4838.52208165193  5.728000E-14
4838.56990804277  6.476022E-14
4838.61773443362  4.526575E-14
4838.66556082446  4.757794E-14
4838.71338721531  7.152066E-14
4838.76121360615  7.939928E-14
4838.80903999699  7.396966E-14
4838.85686638784  5.001800E-14
4838.90469277868  4.856210E-14
4838.95251916953  -9.096660E-16
4839.00034556037  3.445732E-13
4839.04817195121  4.701430E-13
4839.09599834206  2.255792E-14
4839.1438247329  1.647093E-14
4839.19165112375  2.899879E-14
4839.23947751459  3.844506E-14
4839.28730390543  5.027372E-14
4839.33513029628  5.012654E-14
4839.38295668712  5.598147E-14
4839.43078307797  5.096580E-14
4839.47860946881  3.456418E-14
4839.52643585965  3.953512E-14
4839.5742622505  4.322072E-14
4839.62208864134  4.720202E-14
4839.66991503218  2.501894E-14
4839.71774142303  2.662640E-14
4839.76556781387  3.934561E-14
4839.81339420472  3.885160E-14
4839.86122059556  3.160042E-14
4839.9090469864  1.865809E-14
4839.95687337725  5.629635E-15
4840.00469976809  1.973375E-14
4840.05252615894  4.912597E-14
4840.10035254978  5.654215E-14
4840.14817894063  4.067947E-14
4840.19600533147  3.575751E-14
4840.24383172231  2.442879E-14
4840.29165811316  1.093031E-14
4840.339484504  1.074509E-14
4840.38731089485  -1.292976E-14
4840.43513728569  1.206012E-14
4840.48296367653  4.867186E-14
4840.53079006738  4.671028E-14
4840.57861645822  8.430738E-15
4840.62644284906  -2.282749E-15
4840.67426923991  2.097531E-14
4840.72209563075  1.476969E-14
4840.7699220216  8.116386E-15
4840.81774841244  6.556074E-14
4840.86557480328  5.590661E-14
4840.91340119413  5.037163E-14
4840.96122758497  5.345477E-14
4841.00905397582  4.283487E-14
4841.05688036666  3.691729E-14
4841.1047067575  3.740813E-14
4841.15253314835  4.720455E-14
4841.20035953919  5.064973E-14
4841.24818593004  8.502007E-15
4841.29601232088  3.540065E-14
4841.34383871172  6.343170E-14
4841.39166510257  3.530502E-14
4841.43949149341  3.649872E-14
4841.48731788426  6.124810E-14
4841.5351442751  6.254680E-14
4841.58297066594  4.220390E-14
4841.63079705679  2.633456E-14
4841.67862344763  3.729361E-14
4841.72644983848  2.406546E-14
4841.77427622932  4.142905E-14
4841.82210262016  2.452218E-14
4841.86992901101  3.199291E-14
4841.91775540185  3.070393E-14
4841.96558179269  2.220823E-14
4842.01340818354  3.948749E-14
4842.06123457438  4.906993E-14
4842.10906096523  4.021576E-14
4842.15688735607  1.087658E-14
4842.20471374691  4.020279E-14
4842.25254013776  4.492993E-14
4842.3003665286  3.610279E-14
4842.34819291945  2.479945E-14
4842.39601931029  2.637880E-14
4842.44384570114  3.976814E-14
4842.49167209198  3.918798E-14
4842.53949848282  3.388872E-14
4842.58732487367  3.897285E-14
4842.63515126451  3.476159E-14
4842.68297765536  2.628756E-14
4842.7308040462  3.113528E-14
4842.77863043704  2.729588E-14
4842.82645682789  2.001370E-14
4842.87428321873  2.711598E-14
4842.92210960957  3.722386E-14
4842.96993600042  4.072702E-14
4843.01776239126  3.572826E-14
4843.06558878211  1.553865E-14
4843.11341517295  3.212805E-14
4843.16124156379  5.195529E-14
4843.20906795464  1.723072E-14
4843.25689434548  2.362051E-14
4843.30472073633  3.052094E-14
4843.35254712717  2.723121E-14
4843.40037351801  2.933595E-14
4843.44819990886  2.075106E-14
4843.4960262997  4.334163E-14
4843.54385269055  4.451828E-14
4843.59167908139  3.302118E-14
4843.63950547223  3.867115E-14
4843.68733186308  3.521808E-14
4843.73515825392  2.934965E-14
4843.78298464477  4.062650E-14
4843.83081103561  5.015184E-14
4843.87863742645  4.931766E-14
4843.9264638173  3.758166E-14
4843.97429020814  2.064422E-14
4844.02211659899  3.261791E-14
4844.06994298983  2.413320E-14
4844.11776938067  3.529720E-14
4844.16559577152  4.627015E-14
4844.21342216236  4.965439E-14
4844.2612485532  6.338799E-14
4844.30907494405  3.299996E-14
4844.35690133489  1.570769E-14
4844.40472772574  4.564938E-14
4844.45255411658  4.362283E-14
4844.50038050743  4.443313E-14
4844.54820689827  2.301877E-14
4844.59603328911  1.656267E-14
4844.64385967996  9.435546E-15
4844.6916860708  3.911892E-14
4844.73951246165  5.275781E-14
4844.78733885249  2.430249E-14
4844.83516524333  2.340585E-14
4844.88299163418  5.624056E-14
4844.93081802502  5.885730E-14
4844.97864441587  3.604429E-14
4845.02647080671  2.240804E-14
4845.07429719755  1.809522E-14
4845.1221235884  3.137363E-14
4845.16994997924  2.633743E-14
4845.21777637009  3.073073E-14
4845.26560276093  4.177332E-14
4845.31342915177  3.812277E-14
4845.36125554262  3.394026E-14
4845.40908193346  3.782416E-14
4845.4569083243  3.920133E-14
4845.50473471515  3.162614E-14
4845.55256110599  1.102258E-14
4845.60038749684  6.664432E-15
4845.64821388768  3.205308E-14
4845.69604027853  3.593312E-14
4845.74386666937  4.769916E-14
4845.79169306021  5.173802E-14
4845.83951945106  3.317404E-14
4845.8873458419  2.695915E-14
4845.93517223274  2.755432E-14
4845.98299862359  1.174348E-14
4846.03082501443  8.112816E-15
4846.07865140528  2.098787E-14
4846.12647779612  1.859620E-14
4846.17430418697  2.240528E-14
4846.22213057781  1.940276E-14
4846.26995696865  1.359366E-14
4846.3177833595  2.462579E-14
4846.36560975034  1.608783E-14
4846.41343614118  2.898690E-14
4846.46126253203  -3.496433E-16
4846.50908892287  3.765002E-13
4846.55691531372  5.782210E-13
4846.60474170456  1.120824E-14
4846.6525680954  -3.044601E-15
4846.70039448625  3.588053E-14
4846.74822087709  4.752049E-14
4846.79604726794  3.975395E-14
4846.84387365878  3.287668E-14
4846.89170004962  3.739182E-14
4846.93952644047  4.209773E-14
4846.98735283131  3.858455E-14
4847.03517922216  3.598265E-14
4847.083005613  2.274885E-14
4847.13083200384  1.868784E-14
4847.17865839469  4.199623E-14
4847.22648478553  4.249328E-14
4847.27431117638  2.889825E-14
4847.32213756722  2.878678E-14
4847.36996395806  4.395670E-14
4847.41779034891  3.415997E-14
4847.46561673975  3.302074E-14
4847.5134431306  5.266677E-14
4847.56126952144  4.699749E-14
4847.60909591228  3.370871E-14
4847.65692230313  3.387753E-14
4847.70474869397  2.557905E-14
4847.75257508482  2.005105E-14
4847.80040147566  3.582422E-14
4847.8482278665  3.676155E-14
4847.89605425735  2.271261E-14
4847.94388064819  4.181504E-14
4847.99170703904  4.295691E-14
4848.03953342988  1.764638E-14
4848.08735982072  1.678758E-14
4848.13518621157  3.864542E-14
4848.18301260241  4.764105E-14
4848.23083899326  3.306734E-14
4848.2786653841  1.517530E-14
4848.32649177494  2.378044E-14
4848.37431816579  3.997453E-14
4848.42214455663  3.092577E-14
4848.46997094748  2.007473E-14
4848.51779733832  2.261621E-14
4848.56562372916  3.264249E-14
4848.61345012001  4.300166E-14
4848.66127651085  5.603583E-14
4848.7091029017  4.274230E-14
4848.75692929254  5.050522E-14
4848.80475568338  8.730296E-15
4848.85258207423  -6.462398E-15
4848.90040846507  4.420891E-14
4848.94823485592  7.042637E-14
4848.99606124676  5.303033E-14
4849.0438876376  5.773311E-14
4849.09171402845  7.579502E-14
4849.13954041929  7.323337E-14
4849.18736681014  7.419079E-14
4849.23519320098  5.341683E-14
4849.28301959182  7.056340E-14
4849.33084598267  5.692175E-14
4849.37867237351  8.137474E-14
4849.42649876435  2.688579E-14
4849.4743251552  -1.095876E-14
4849.52215154604  4.911230E-14
4849.56997793689  6.977195E-14
4849.61780432773  7.297660E-14
4849.66563071857  9.665967E-14
4849.71345710942  1.063606E-13
4849.76128350026  1.074620E-13
4849.80910989111  9.816705E-14
4849.85693628195  8.840381E-14
4849.9047626728  8.829871E-14
4849.95258906364  1.080713E-13
4850.00041545448  6.843427E-14
4850.04824184533  -1.025327E-14
4850.09606823617  -8.920483E-15
4850.14389462701  4.082755E-14
4850.19172101786  6.434943E-14
4850.2395474087  7.534454E-14
4850.28737379955  6.471183E-14
4850.33520019039  7.078014E-14
4850.38302658123  8.180290E-14
4850.43085297208  7.424687E-14
4850.47867936292  6.624860E-14
4850.52650575377  5.837848E-14
4850.57433214461  5.244714E-14
4850.62215853545  3.740213E-14
4850.6699849263  9.551029E-15
4850.71781131714  6.932455E-15
4850.76563770799  2.374246E-14
4850.81346409883  2.187614E-14
4850.86129048967  4.224682E-14
4850.90911688052  6.251470E-14
4850.95694327136  3.369901E-14
4851.00476966221  1.583925E-14
4851.05259605305  2.931085E-14
4851.10042244389  4.399129E-14
4851.14824883474  3.649877E-14
4851.19607522558  3.099853E-14
4851.24390161643  2.122472E-14
4851.29172800727  1.575466E-14
4851.33955439811  1.757530E-14
4851.38738078896  6.875915E-15
4851.4352071798  1.994065E-14
4851.48303357065  2.307606E-14
4851.53085996149  4.356047E-14
4851.57868635233  4.977053E-14
4851.62651274318  3.675742E-14
4851.67433913402  4.060269E-14
4851.72216552486  3.049388E-14
4851.76999191571  2.732717E-14
4851.81781830655  3.549790E-14
4851.8656446974  2.548706E-14
4851.91347108824  3.612479E-14
4851.96129747908  2.827518E-14
4852.00912386993  3.354569E-14
4852.05695026077  3.268496E-14
4852.10477665162  1.692725E-14
4852.15260304246  2.406162E-14
4852.20042943331  4.462834E-14
4852.24825582415  4.858533E-14
4852.29608221499  3.344976E-14
4852.34390860584  4.455411E-14
4852.39173499668  3.374395E-14
4852.43956138753  4.656347E-14
4852.48738777837  2.387672E-14
4852.53521416921  1.968067E-14
4852.58304056006  2.140883E-14
4852.6308669509  2.598486E-14
4852.67869334174  2.634650E-14
4852.72651973259  2.028314E-14
4852.77434612343  3.009471E-14
4852.82217251428  2.272990E-14
4852.86999890512  2.084221E-14
4852.91782529596  3.979547E-14
4852.96565168681  3.598550E-14
4853.01347807765  3.155529E-14
4853.0613044685  3.066984E-14
4853.10913085934  3.654448E-14
4853.15695725018  4.299093E-14
4853.20478364103  2.029713E-14
4853.25261003187  9.610756E-15
4853.30043642272  1.603103E-14
4853.34826281356  2.111965E-14
4853.3960892044  1.980507E-14
4853.44391559525  2.593062E-14
4853.49174198609  2.387679E-14
4853.53956837694  3.527881E-14
4853.58739476778  3.438645E-14
4853.63522115862  3.880801E-14
4853.68304754947  2.846347E-14
4853.73087394031  3.200570E-14
4853.77870033116  3.164569E-14
4853.826526722  2.352199E-14
4853.87435311284  5.865637E-14
4853.92217950369  4.062480E-14
4853.97000589453  2.122944E-14
4854.01783228537  3.298698E-14
4854.06565867622  2.564431E-14
4854.11348506706  9.622481E-15
4854.16131145791  6.653005E-15
4854.20913784875  1.954104E-14
4854.25696423959  1.899898E-14
4854.30479063044  2.119884E-14
4854.35261702128  4.242145E-14
4854.40044341213  3.169671E-14
4854.44826980297  2.837751E-14
4854.49609619382  3.838578E-14
4854.54392258466  3.918174E-14
4854.5917489755  3.428755E-14
4854.63957536635  4.302551E-14
4854.68740175719  4.265409E-14
4854.73522814804  3.154922E-14
4854.78305453888  4.670570E-14
4854.83088092972  3.489337E-14
4854.87870732057  1.242297E-15
4854.92653371141  -3.541762E-15
4854.97436010225  3.253596E-15
4855.0221864931  4.675941E-14
4855.07001288394  1.178574E-13
4855.11783927479  4.096563E-14
4855.16566566563  1.033225E-14
4855.21349205648  2.732408E-14
4855.26131844732  5.131257E-14
4855.30914483816  3.647508E-14
4855.35697122901  1.168768E-14
4855.40479761985  1.739801E-14
4855.45262401069  1.884907E-14
4855.50045040154  3.229621E-14
4855.54827679238  3.297270E-14
4855.59610318323  2.259020E-14
4855.64392957407  4.391333E-14
4855.69175596491  2.709619E-14
4855.73958235576  -6.736032E-15
4855.7874087466  -1.535416E-15
4855.83523513745  3.891816E-15
4855.88306152829  3.459637E-14
4855.93088791913  4.012055E-14
4855.97871430998  3.433383E-14
4856.02654070082  2.989727E-14
4856.07436709167  4.882488E-14
4856.12219348251  4.628702E-14
4856.17001987335  2.955989E-14
4856.2178462642  2.299441E-14
4856.26567265504  2.212586E-14
4856.31349904589  4.406873E-14
4856.36132543673  2.136028E-14
4856.40915182757  4.620802E-14
4856.45697821842  1.941848E-13
4856.50480460926  4.668764E-14
4856.55263100011  -6.752644E-15
4856.60045739095  2.078967E-14
4856.64828378179  2.010266E-14
4856.69611017264  2.558489E-14
4856.74393656348  2.059740E-14
4856.79176295433  3.708715E-14
4856.83958934517  3.055605E-14
4856.88741573601  2.765669E-14
4856.93524212686  3.610472E-14
4856.9830685177  4.066971E-14
4857.03089490855  4.455109E-14
4857.07872129939  3.772069E-14
4857.12654769023  4.213643E-14
4857.17437408108  4.938239E-14
4857.22220047192  3.105395E-14
4857.27002686276  1.979415E-14
4857.31785325361  3.752362E-14
4857.36567964445  3.804544E-14
4857.4135060353  1.976955E-14
4857.46133242614  3.495021E-14
4857.50915881699  4.646530E-14
4857.55698520783  4.907539E-14
4857.60481159867  5.466361E-14
4857.65263798952  4.333555E-14
4857.70046438036  5.415354E-14
4857.7482907712  5.037823E-14
4857.79611716205  4.381872E-14
4857.84394355289  4.683215E-14
4857.89176994374  6.123960E-14
4857.93959633458  6.780065E-14
4857.98742272543  6.822637E-14
4858.03524911627  9.943040E-14
4858.08307550711  1.212985E-13
4858.13090189796  1.246000E-13
4858.1787282888  1.337087E-13
4858.22655467964  1.607786E-13
4858.27438107049  2.080048E-13
4858.32220746133  2.435882E-13
4858.37003385218  2.457085E-13
4858.41786024302  2.455277E-13
4858.46568663386  2.762280E-13
4858.51351302471  3.034982E-13
4858.56133941555  3.098626E-13
4858.6091658064  3.189620E-13
4858.65699219724  2.994730E-13
4858.70481858809  2.823019E-13
4858.75264497893  2.738543E-13
4858.80047136977  2.583947E-13
4858.84829776062  2.385346E-13
4858.89612415146  2.187919E-13
4858.9439505423  1.970898E-13
4858.99177693315  1.672240E-13
4859.03960332399  1.411426E-13
4859.08742971484  1.147857E-13
4859.13525610568  8.192228E-14
4859.18308249652  6.781916E-14
4859.23090888737  7.435696E-14
4859.27873527821  6.144580E-14
4859.32656166906  5.023389E-14
4859.3743880599  5.141888E-14
4859.42221445074  7.159980E-14
4859.47004084159  8.064224E-14
4859.51786723243  1.048613E-13
4859.56569362328  1.520802E-13
4859.61352001412  2.443660E-13
4859.66134640496  3.651164E-13
4859.70917279581  5.515835E-13
4859.75699918665  8.675034E-13
4859.8048255775  1.357529E-12
4859.85265196834  1.947631E-12
4859.90047835918  2.893267E-12
4859.94830475003  4.152562E-12
4859.99613114087  5.627340E-12
4860.04395753172  7.494422E-12
4860.09178392256  9.463244E-12
4860.1396103134  1.152930E-11
4860.18743670425  1.368394E-11
4860.23526309509  1.587395E-11
4860.28308948594  1.764202E-11
4860.33091587678  1.891560E-11
4860.37874226762  2.039491E-11
4860.42656865847  2.119812E-11
4860.47439504931  2.172012E-11
4860.52222144016  2.205870E-11
4860.570047831  2.168862E-11
4860.61787422184  2.094704E-11
4860.66570061269  2.013258E-11
4860.71352700353  1.909995E-11
4860.76135339437  1.822375E-11
4860.80917978522  1.654983E-11
4860.85700617606  1.546151E-11
4860.90483256691  1.409443E-11
4860.95265895775  1.235587E-11
4861.0004853486  1.061788E-11
4861.04831173944  8.788502E-12
4861.09613813028  6.958024E-12
4861.14396452113  5.331228E-12
4861.19179091197  3.941390E-12
4861.23961730281  2.801381E-12
4861.28744369366  1.956259E-12
4861.3352700845  1.390061E-12
4861.38309647535  9.210200E-13
4861.43092286619  6.018668E-13
4861.47874925704  3.710578E-13
4861.52657564788  2.429222E-13
4861.57440203872  1.895100E-13
4861.62222842957  1.621426E-13
4861.67005482041  1.381862E-13
4861.71788121125  1.393284E-13
4861.7657076021  1.252318E-13
4861.81353399294  9.293168E-14
4861.86136038379  7.860027E-14
4861.90918677463  8.625259E-14
4861.95701316547  7.141103E-14
4862.00483955632  6.103843E-14
4862.05266594716  5.495538E-14
4862.10049233801  4.820871E-14
4862.14831872885  5.687834E-14
4862.19614511969  4.746872E-14
4862.24397151054  2.515224E-14
4862.29179790138  2.614636E-14
4862.33962429223  2.860292E-14
4862.38745068307  2.990521E-14
4862.43527707391  2.752838E-14
4862.48310346476  4.105491E-14
4862.5309298556  4.876376E-14
4862.57875624645  3.465980E-14
4862.62658263729  3.358105E-14
4862.67440902813  4.059232E-14
4862.72223541898  2.706957E-14
4862.77006180982  2.057902E-14
4862.81788820067  2.821711E-14
4862.86571459151  4.479321E-14
4862.91354098235  4.682625E-14
4862.9613673732  3.000532E-14
4863.00919376404  4.068166E-14
4863.05702015488  4.766882E-14
4863.10484654573  4.258724E-14
4863.15267293657  2.565601E-14
4863.20049932742  3.249960E-14
4863.24832571826  4.264878E-14
4863.29615210911  4.493244E-14
4863.34397849995  2.779772E-14
4863.39180489079  3.173443E-14
4863.43963128164  4.522053E-14
4863.48745767248  2.610791E-14
4863.53528406332  4.631717E-14
4863.58311045417  4.394897E-14
4863.63093684501  2.729441E-14
4863.67876323586  3.248151E-14
4863.7265896267  3.100761E-14
4863.77441601755  4.589323E-14
4863.82224240839  5.062527E-14
4863.87006879923  4.902073E-14
4863.91789519008  5.459364E-14
4863.96572158092  4.238353E-14
4864.01354797176  2.322293E-14
4864.06137436261  1.956273E-14
4864.10920075345  -4.164156E-15
4864.1570271443  2.018692E-14
4864.20485353514  1.905990E-14
4864.25267992598  3.077934E-14
4864.30050631683  2.913225E-14
4864.34833270767  2.416303E-14
4864.39615909852  2.266618E-14
4864.44398548936  4.406164E-14
4864.4918118802  3.930780E-14
4864.53963827105  4.371848E-14
4864.58746466189  2.761356E-14
4864.63529105274  2.761150E-14
4864.68311744358  2.772926E-14
4864.73094383442  3.113125E-14
4864.77877022527  3.707627E-14
4864.82659661611  2.979350E-14
4864.87442300696  3.555569E-14
4864.9222493978  4.841661E-14
4864.97007578864  3.761550E-14
4865.01790217949  1.719013E-14
4865.06572857033  4.098233E-14
4865.11355496118  4.356249E-14
4865.16138135202  2.964886E-14
4865.20920774286  3.356282E-14
4865.25703413371  3.214983E-14
4865.30486052455  2.983145E-14
4865.3526869154  3.485618E-14
4865.40051330624  3.749844E-14
4865.44833969708  5.083308E-14
4865.49616608793  3.538160E-14
4865.54399247877  4.251919E-14
4865.59181886962  1.947144E-14
4865.63964526046  1.449709E-13
4865.6874716513  3.199288E-12
4865.73529804215  6.916052E-13
4865.78312443299  -9.885465E-14
4865.83095082384  3.832407E-14
4865.87877721468  2.477296E-14
4865.92660360552  3.239094E-14
4865.97442999637  5.004569E-14
4866.02225638721  4.126000E-14
4866.07008277806  4.732668E-14
4866.1179091689  5.956158E-14
4866.16573555974  7.215207E-14
4866.21356195059  3.458115E-14
4866.26138834143  2.126870E-14
4866.30921473228  4.251921E-14
4866.35704112312  3.377687E-14
4866.40486751396  2.428152E-14
4866.45269390481  2.948584E-14
4866.50052029565  4.137675E-14
4866.5483466865  5.212733E-14
4866.59617307734  4.418629E-14
4866.64399946818  2.622374E-14
4866.69182585903  4.740945E-14
4866.73965224987  5.243230E-14
4866.78747864072  4.393811E-14
4866.83530503156  2.015128E-14
4866.8831314224  2.304685E-15
4866.93095781325  2.294087E-14
4866.97878420409  2.051393E-14
4867.02661059494  5.449274E-14
4867.07443698578  3.415743E-14
4867.12226337662  1.674416E-14
4867.17008976747  5.607950E-14
4867.21791615831  3.397880E-14
4867.26574254915  2.194084E-14
4867.31356894  5.531495E-14
4867.36139533084  2.715169E-14
4867.40922172169  2.223845E-14
4867.45704811253  5.259973E-14
4867.50487450338  4.430129E-14
4867.55270089422  2.698738E-14
4867.60052728506  5.405439E-14
4867.64835367591  5.621395E-14
4867.69618006675  3.068655E-14
4867.74400645759  2.787364E-14
4867.79183284844  2.357867E-14
4867.83965923928  2.552682E-14
4867.88748563013  2.463929E-14
4867.93531202097  2.676086E-14
4867.98313841181  2.520518E-14
4868.03096480266  1.602934E-14
4868.0787911935  1.467452E-14
4868.12661758435  1.430645E-14
4868.17444397519  1.807988E-14
4868.22227036604  1.692681E-14
4868.27009675688  1.524776E-14
4868.31792314772  3.249371E-14
4868.36574953857  2.957472E-14
4868.41357592941  4.102425E-14
4868.46140232025  2.707433E-14
4868.5092287111  1.911199E-14
4868.55705510194  3.434488E-14
4868.60488149279  2.534608E-14
4868.65270788363  4.028142E-14
4868.70053427447  5.785496E-14
4868.74836066532  3.793040E-14
4868.79618705616  4.588272E-14
4868.84401344701  1.804439E-15
4868.89183983785  -3.204510E-16
4868.93966622869  1.594275E-14
4868.98749261954  3.715084E-14
4869.03531901038  2.957491E-14
4869.08314540123  1.834877E-14
4869.13097179207  1.804960E-14
4869.17879818291  4.311713E-14
4869.22662457376  2.439500E-14
4869.2744509646  1.935218E-14
4869.32227735545  2.102013E-14
4869.37010374629  1.778510E-14
4869.41793013713  2.552017E-14
4869.46575652798  2.223965E-14
4869.51358291882  2.737033E-14
4869.56140930967  1.606278E-14
4869.60923570051  1.720482E-14
4869.65706209135  3.182818E-14
4869.7048884822  3.338686E-14
4869.75271487304  3.176632E-14
4869.80054126389  4.175783E-14
4869.84836765473  7.270395E-14
4869.89619404557  5.743938E-14
4869.94402043642  2.255579E-14
4869.99184682726  4.263269E-14
4870.03967321811  4.057244E-14
4870.08749960895  2.672358E-14
4870.13532599979  4.416578E-14
4870.18315239064  2.922946E-14
4870.23097878148  2.306735E-14
4870.27880517232  4.871193E-14
4870.32663156317  4.916121E-14
4870.37445795401  4.032016E-14
4870.42228434486  4.557050E-14
4870.4701107357  3.564010E-14
4870.51793712655  1.857761E-14
4870.56576351739  3.361197E-14
4870.61358990823  4.584680E-14
4870.66141629908  5.166271E-14
4870.70924268992  2.393052E-14
4870.75706908076  3.818076E-15
4870.80489547161  4.461950E-14
4870.85272186245  4.103023E-14
4870.9005482533  2.557104E-14
4870.94837464414  3.438060E-14
4870.99620103499  4.807289E-14
4871.04402742583  3.477334E-14
4871.09185381667  5.253330E-14
4871.13968020752  4.120923E-14
4871.18750659836  4.593884E-14
4871.23533298921  3.378196E-14
4871.28315938005  3.006418E-14
4871.33098577089  3.372389E-14
4871.37881216174  4.501424E-14
4871.42663855258  4.438896E-14
4871.47446494342  5.187365E-14
4871.52229133427  4.205171E-14
4871.57011772511  3.365491E-14
4871.61794411596  4.237148E-14
4871.6657705068  8.757618E-15
4871.71359689765  3.373985E-14
4871.76142328849  5.741384E-14
4871.80924967933  4.659575E-14
4871.85707607018  6.299128E-14
4871.90490246102  5.377581E-14
4871.95272885186  7.359352E-15
4872.00055524271  1.176634E-14
4872.04838163355  5.832187E-14
4872.0962080244  4.444449E-14
4872.14403441524  4.391020E-14
4872.19186080609  3.208856E-14
4872.23968719693  3.289668E-14
4872.28751358777  4.930539E-14
4872.33533997862  3.374110E-14
4872.38316636946  3.523108E-14
4872.4309927603  3.107050E-14
4872.47881915115  2.310565E-14
4872.52664554199  4.135618E-14
4872.57447193284  3.368291E-14
4872.62229832368  3.281042E-14
4872.67012471452  3.674297E-14
4872.71795110537  4.467060E-14
4872.76577749621  2.898804E-14
4872.81360388706  1.466816E-14
4872.8614302779  2.050736E-14
4872.90925666874  2.357489E-14
4872.95708305959  1.879540E-14
4873.00490945043  2.781203E-14
4873.05273584128  2.935214E-14
4873.10056223212  4.158109E-14
4873.14838862296  6.543565E-14
4873.19621501381  4.624360E-14
4873.24404140465  4.373830E-14
4873.2918677955  3.477824E-14
4873.33969418634  2.766540E-14
4873.38752057718  1.985530E-14
4873.43534696803  2.513173E-14
4873.48317335887  5.335787E-14
4873.53099974972  2.524751E-14
4873.57882614056  2.814578E-14
4873.6266525314  1.696426E-14
4873.67447892225  4.055585E-14
4873.72230531309  3.769877E-14
4873.77013170393  2.903107E-14
4873.81795809478  5.736692E-14
4873.86578448562  4.551694E-14
4873.91361087647  3.305254E-14
4873.96143726731  5.153988E-14
4874.00926365816  4.622752E-14
4874.057090049  5.766974E-14
4874.10491643984  1.463266E-14
4874.15274283069  4.846858E-14
4874.20056922153  2.731176E-14
4874.24839561237  2.285608E-14
4874.29622200322  4.034313E-14
4874.34404839406  2.267333E-14
4874.39187478491  6.998290E-15
4874.43970117575  2.108826E-14
4874.4875275666  2.417795E-14
4874.53535395744  2.733534E-14
4874.58318034828  3.609337E-14
4874.63100673913  3.041182E-14
4874.67883312997  4.727738E-14
4874.72665952081  5.198655E-14
4874.77448591166  3.070306E-14
4874.8223123025  3.536651E-14
4874.87013869335  3.850040E-14
4874.91796508419  7.153781E-14
4874.96579147503  5.862909E-14
4875.01361786588  4.143588E-14
4875.06144425672  1.892519E-14
4875.10927064757  3.642410E-14
4875.15709703841  3.658745E-14
4875.20492342925  2.248053E-14
4875.2527498201  2.863845E-14
4875.30057621094  4.822264E-14
4875.34840260179  2.988293E-14
4875.39622899263  2.810964E-14
4875.44405538347  1.550089E-14
4875.49188177432  1.507246E-13
4875.53970816516  1.092840E-13
4875.58753455601  3.401878E-14
4875.63536094685  1.503416E-14
4875.68318733769  3.386567E-14
4875.73101372854  5.003987E-14
4875.77884011938  4.119187E-14
4875.82666651023  2.418916E-14
4875.87449290107  3.855180E-14
4875.92231929191  3.049043E-14
4875.97014568276  1.009994E-14
4876.0179720736  2.071474E-14
4876.06579846444  1.375416E-14
4876.11362485529  3.821667E-14
4876.16145124613  2.988464E-14
4876.20927763698  5.131833E-14
4876.25710402782  4.024228E-14
4876.30493041867  5.120956E-14
4876.35275680951  8.870759E-14
4876.40058320035  6.794503E-14
4876.4484095912  4.775280E-14
4876.49623598204  3.709769E-14
4876.54406237288  4.268634E-14
4876.59188876373  2.428851E-14
4876.63971515457  2.896441E-14
4876.68754154542  1.210219E-14
4876.73536793626  2.808783E-14
4876.78319432711  5.970144E-14
4876.83102071795  4.228058E-14
4876.87884710879  3.409960E-14
4876.92667349964  3.026786E-14
4876.97449989048  1.520390E-14
4877.02232628133  4.723602E-14
4877.07015267217  5.600005E-14
4877.11797906301  2.602895E-14
4877.16580545386  1.308793E-14
4877.2136318447  2.781896E-14
4877.26145823554  3.051932E-14
4877.30928462639  1.968668E-14
4877.35711101723  3.784654E-14
4877.40493740808  8.233807E-15
4877.45276379892  1.739243E-14
4877.50059018976  6.957783E-14
4877.54841658061  6.019491E-14
4877.59624297145  5.416807E-14
4877.6440693623  3.152983E-14
4877.69189575314  1.447612E-13
4877.73972214398  1.249153E-13
4877.78754853483  5.854763E-14
4877.83537492567  4.316688E-14
4877.88320131652  4.457157E-14
4877.93102770736  3.482990E-14
4877.9788540982  2.760719E-15
4878.02668048905  2.523084E-14
4878.07450687989  2.595441E-14
4878.12233327074  3.529545E-14
4878.17015966158  1.700646E-14
4878.21798605242  7.098760E-15
4878.26581244327  3.310886E-14
4878.31363883411  5.606389E-14
4878.36146522496  4.208780E-14
4878.4092916158  3.966366E-14
4878.45711800664  1.737746E-14
4878.50494439749  3.408449E-14
4878.55277078833  1.622562E-14
4878.60059717918  2.371826E-14
4878.64842357002  3.027804E-14
4878.69624996086  4.642825E-14
4878.74407635171  5.995996E-14
4878.79190274255  6.296148E-14
4878.8397291334  1.671150E-14
4878.88755552424  4.023935E-15
4878.93538191508  5.711328E-14
4878.98320830593  3.380524E-16
4879.03103469677  1.003580E-13
4879.07886108762  3.134230E-13
4879.12668747846  5.728727E-14
4879.1745138693  -1.358442E-15
4879.22234026015  4.690934E-14
4879.27016665099  5.068068E-14
4879.31799304184  6.303916E-15
4879.36581943268  3.585803E-14
4879.41364582352  3.924676E-14
4879.46147221437  5.173776E-14
4879.50929860521  8.210960E-14
4879.55712499606  4.154687E-14
4879.6049513869  2.117049E-14
4879.65277777774  1.987887E-14
4879.70060416859  1.366630E-14
4879.74843055943  1.396380E-14
4879.79625695028  8.958715E-14
4879.84408334112  1.000032E-13
4879.89190973196  5.273647E-14
4879.93973612281  2.511891E-14
4879.98756251365  2.905913E-14
4880.03538890449  2.167832E-13
4880.08321529534  4.972675E-14
4880.13104168618  4.834780E-14
4880.17886807703  4.587623E-14
4880.22669446787  9.104118E-14
4880.27452085871  3.886711E-14
4880.32234724956  6.219711E-14
4880.3701736404  6.067110E-14
4880.41800003125  5.966793E-14
4880.46582642209  5.434557E-14
4880.51365281294  7.988992E-14
4880.56147920378  8.363431E-14
4880.60930559462  5.099714E-14
4880.65713198547  6.886923E-14
4880.70495837631  6.687680E-14
4880.75278476715  7.974423E-14
4880.800611158  4.698981E-14
4880.84843754884  2.947456E-14
4880.89626393969  4.345417E-14
4880.94409033053  4.313462E-14
4880.99191672137  1.821060E-14
4881.03974311222  9.412450E-15
4881.08756950306  3.222236E-14
4881.13539589391  3.783741E-14
4881.18322228475  2.175897E-14
4881.23104867559  3.853935E-14
4881.27887506644  4.426324E-14
4881.32670145728  5.212776E-14
4881.37452784813  6.694916E-14
4881.42235423897  5.237027E-14
4881.47018062981  3.882976E-14
4881.51800702066  2.398535E-14
4881.5658334115  5.135732E-14
4881.61365980235  3.475410E-14
4881.66148619319  1.888368E-14
4881.70931258403  -4.957010E-16
4881.75713897488  -6.497743E-15
4881.80496536572  2.087993E-14
4881.85279175657  3.345298E-14
4881.90061814741  5.046335E-14
4881.94844453825  3.333950E-14
4881.9962709291  4.537503E-14
4882.04409731994  3.645021E-14
4882.09192371079  5.969598E-14
4882.13975010163  4.237441E-14
4882.18757649247  2.412053E-14
4882.23540288332  2.947391E-14
4882.28322927416  2.479925E-14
4882.331055665  3.428969E-14
4882.37888205585  1.114965E-13
4882.42670844669  7.697769E-14
4882.47453483754  2.993245E-14
4882.52236122838  8.536170E-14
4882.57018761922  1.465347E-13
4882.61801401007  7.419580E-14
4882.66584040091  8.465728E-14
4882.71366679176  6.248221E-14
4882.7614931826  2.081602E-14
4882.80931957345  6.761212E-14
4882.85714596429  4.811863E-14
4882.90497235513  5.397144E-14
4882.95279874598  5.363653E-14
4883.00062513682  4.325922E-14
4883.04845152766  7.830462E-15
4883.09627791851  3.815209E-14
4883.14410430935  1.219219E-13
4883.1919307002  4.477544E-14
4883.23975709104  3.263998E-14
4883.28758348188  2.602555E-14
4883.33540987273  6.023951E-14
4883.38323626357  8.084109E-14
4883.43106265442  4.537650E-14
4883.47888904526  5.613706E-14
4883.5267154361  4.121811E-14
4883.57454182695  6.609324E-14
4883.62236821779  6.539976E-14
4883.67019460864  8.719392E-14
4883.71802099948  7.767157E-14
4883.76584739032  7.114583E-14
4883.81367378117  6.769876E-14
4883.86150017201  4.420447E-14
4883.90932656286  1.446184E-14
4883.9571529537  -2.024827E-15
4884.00497934454  2.701437E-14
4884.05280573539  1.107532E-13
4884.10063212623  8.291493E-14
4884.14845851708  2.319853E-14
4884.19628490792  6.946871E-14
4884.24411129876  7.487125E-14
4884.29193768961  2.986942E-14
4884.33976408045  8.301777E-14
4884.3875904713  5.006660E-14
4884.43541686214  2.090469E-14
4884.48324325298  5.901745E-14
4884.53106964383  3.731375E-14
4884.57889603467  5.972749E-14
4884.62672242552  8.909626E-14
4884.67454881636  7.910022E-14
4884.7223752072  3.658770E-14
4884.77020159805  7.687518E-14
4884.81802798889  3.234179E-14
4884.86585437973  5.750146E-14
4884.91368077058  2.924578E-14
4884.96150716142  2.614565E-15
4885.00933355227  2.333230E-14
4885.05715994311  5.712004E-14
4885.10498633396  4.537545E-14
4885.1528127248  4.635854E-13
4885.20063911564  5.224860E-13
4885.24846550649  8.908655E-14
4885.29629189733  6.936997E-14
4885.34411828818  6.595455E-15
4885.39194467902  2.832917E-14
4885.43977106986  3.422185E-14
4885.48759746071  2.480001E-14
4885.53542385155  6.402864E-14
4885.58325024239  4.011390E-14
4885.63107663324  3.579055E-14
4885.67890302408  6.187788E-14
4885.72672941493  2.213394E-14
4885.77455580577  4.831732E-14
4885.82238219662  1.342408E-14
4885.87020858746  4.602903E-14
4885.9180349783  6.617746E-14
4885.96586136915  9.045468E-14
4886.01368775999  8.080823E-14
4886.06151415083  1.062495E-13
4886.10934054168  6.005017E-14
4886.15716693252  4.787553E-14
4886.20499332337  2.340931E-14
4886.25281971421  1.695707E-14
4886.30064610505  -1.723513E-14
4886.3484724959  6.159851E-14
4886.39629888674  9.134728E-14
4886.44412527759  2.798126E-14
4886.49195166843  7.245443E-14
4886.53977805927  4.228845E-14
4886.58760445012  1.254503E-13
4886.63543084096  1.244225E-13
4886.68325723181  2.067062E-14
4886.73108362265  9.112562E-15
4886.77891001349  5.896473E-14
4886.82673640434  6.349237E-14
4886.87456279518  6.306908E-14
4886.92238918603  7.358738E-14
4886.97021557687  8.323142E-14
4887.01804196771  3.091958E-14
4887.06586835856  8.279624E-14
4887.1136947494  1.741580E-14
4887.16152114024  2.965174E-14
4887.20934753109  4.865982E-14
4887.25717392193  6.332233E-14
4887.30500031278  5.152551E-14
4887.35282670362  6.549009E-14
4887.40065309447  5.038534E-14
4887.44847948531  9.837258E-14
4887.49630587615  -1.291549E-14
4887.544132267  5.028382E-14
4887.59195865784  1.109118E-13
4887.63978504869  6.637385E-14
4887.68761143953  1.427473E-13
4887.73543783037  6.122162E-14
4887.78326422122  2.452194E-14
4887.83109061206  8.764990E-15
4887.87891700291  3.068089E-14
4887.92674339375  -1.289769E-14
4887.97456978459  -1.142931E-14
4888.02239617544  1.017931E-13
4888.07022256628  1.050264E-13
4888.11804895713  5.537624E-14
4888.16587534797  5.089745E-14
4888.21370173881  9.381343E-14
4888.26152812966  6.166348E-14
4888.3093545205  4.588591E-15
4888.35718091135  9.342397E-14
4888.40500730219  5.830591E-14
4888.45283369303  7.472720E-14
4888.50066008388  2.023254E-14
4888.54848647472  1.866899E-14
4888.59631286556  1.286085E-13
4888.64413925641  6.568604E-14
4888.69196564725  3.769072E-14
4888.7397920381  3.897754E-14
4888.78761842894  3.152888E-14
4888.83544481978  1.180428E-14
4888.88327121063  5.807807E-14
4888.93109760147  7.076207E-14
4888.97892399232  3.631732E-14
4889.02675038316  4.167437E-14
4889.074576774  1.765816E-14
4889.12240316485  1.311522E-14
4889.17022955569  4.655960E-14
4889.21805594654  1.386946E-13
4889.26588233738  4.856474E-14
4889.31370872823  5.517108E-14
4889.36153511907  9.200458E-15
4889.40936150991  4.147959E-14
4889.45718790076  4.456702E-14
4889.5050142916  1.308526E-13
4889.55284068244  1.098283E-13
4889.60066707329  3.933486E-14
4889.64849346413  1.740506E-14
4889.69631985498  -4.214873E-14
4889.74414624582  7.174325E-15
4889.79197263666  9.042440E-14
4889.83979902751  1.191439E-13
4889.88762541835  5.320529E-14
4889.9354518092  2.997205E-14
4889.98327820004  8.874955E-15
4890.03110459088  1.296490E-13
4890.07893098173  2.809706E-14
4890.12675737257  2.042583E-13
4890.17458376342  1.485727E-13
4890.22241015426  8.687654E-14
4890.2702365451  5.977566E-14
4890.31806293595  4.089488E-14
4890.36588932679  -1.062048E-14
4890.41371571764  1.805246E-14
4890.46154210848  -5.807000E-15
4890.50936849932  2.899983E-14
4890.55719489017  6.909639E-14
4890.60502128101  5.210542E-14
4890.65284767186  1.369573E-13
4890.7006740627  3.502486E-14
4890.74850045354  4.759302E-14
4890.79632684439  9.676056E-14
4890.84415323523  -2.923727E-15
4890.89197962607  6.611302E-14
4890.93980601692  6.131471E-14
4890.98763240776  1.013258E-13
4891.03545879861  6.106456E-14
4891.08328518945  2.552293E-14
4891.13111158029  4.197463E-14
4891.17893797114  -2.522974E-14
4891.22676436198  2.977841E-14
4891.27459075283  7.622193E-14
4891.32241714367  -6.067754E-16
4891.37024353451  1.101243E-13
4891.41806992536  9.741189E-14
4891.4658963162  9.501780E-14
4891.51372270705  2.064439E-13
4891.56154909789  6.088860E-14
4891.60937548874  -1.163450E-14
4891.65720187958  -4.746308E-14
4891.70502827042  1.143428E-13
4891.75285466127  1.098059E-13
4891.80068105211  5.234962E-14
4891.84850744296  9.610660E-14
4891.8963338338  1.098527E-13
4891.94416022464  4.470599E-14
4891.99198661549  1.053757E-13
4892.03981300633  1.789218E-13
4892.08763939717  1.007171E-13
4892.13546578802  1.166802E-13
4892.18329217886  7.297120E-14
4892.23111856971  -8.962124E-15
4892.27894496055  2.027048E-14
4892.3267713514  6.663446E-14
4892.37459774224  7.435766E-14
4892.42242413308  1.977804E-14
4892.47025052393  4.215284E-14
4892.51807691477  3.520022E-15
4892.56590330561  1.170518E-13
4892.61372969646  2.601761E-14
4892.6615560873  5.690739E-14
4892.70938247815  8.316488E-14
4892.75720886899  8.087292E-14
4892.80503525984  -9.791286E-16
4892.85286165068  1.182829E-13
4892.90068804152  2.065034E-13
4892.94851443237  1.624248E-13
4892.99634082321  6.895341E-14
4893.04416721405  1.436091E-13
4893.0919936049  -6.086422E-14
4893.13981999574  4.650674E-14
4893.18764638659  2.369475E-13
4893.23547277743  1.284157E-13
4893.28329916827  1.855169E-13
4893.33112555912  1.983937E-14
4893.37895194996  6.550309E-14
4893.42677834081  2.500131E-14
4893.47460473165  1.195207E-14
4893.52243112249  1.194640E-13
4893.57025751334  1.518720E-13
4893.61808390418  7.686968E-14
4893.66591029502  -3.935554E-14
4893.71373668587  6.620318E-14
4893.76156307671  2.505056E-13
4893.80938946756  1.144218E-13
4893.8572158584  8.164218E-14
4893.90504224925  7.780522E-14
4893.95286864009  2.237597E-13
4894.00069503093  1.592499E-13
4894.04852142178  4.426614E-14
4894.09634781262  1.290721E-13
4894.14417420347  3.974800E-14
4894.19200059431  7.291545E-14
4894.23982698515  1.757822E-13
4894.287653376  1.956254E-14
4894.33547976684  8.307449E-14
4894.38330615769  1.467492E-13
4894.43113254853  -7.121095E-14
4894.47895893937  -8.396663E-14
4894.52678533022  6.697498E-14
4894.57461172106  2.049211E-13
4894.62243811191  -6.078261E-14
4894.67026450275  1.571406E-13
4894.71809089359  1.026437E-13
4894.76591728444  1.341535E-13
4894.81374367528  3.855566E-14
4894.86157006612  1.822914E-14
4894.90939645697  2.163997E-12
4894.95722284781  4.577748E-13
4895.00504923866  1.324485E-13
4895.0528756295  3.860155E-13
4895.10070202035  7.341042E-12
4895.14852841119  6.256495E-13
4895.19635480203  6.535115E-14
4895.24418119288  7.021244E-14
4895.29200758372  1.461948E-13
4895.33983397456  2.056020E-13
4895.38766036541  1.562561E-13
4895.43548675625  4.564783E-14
4895.4833131471  2.025125E-13
4895.53113953794  1.171093E-13
4895.57896592878  1.534114E-13
4895.62679231963  1.274226E-13
4895.67461871047  1.978731E-13
4895.72244510132  -1.580140E-15
4895.77027149216  1.054630E-13
4895.818097883  9.418349E-14
4895.86592427385  1.412874E-14
4895.91375066469  1.557083E-13
4895.96157705554  2.862569E-13
4896.00940344638  2.986043E-13
4896.05722983722  1.337958E-13
4896.10505622807  4.390964E-14
4896.15288261891  -3.979339E-14
4896.20070900976  1.007444E-13
4896.2485354006  5.385459E-14
4896.29636179144  2.556671E-14
4896.34418818229  -2.115981E-14
4896.39201457313  1.004980E-13
4896.43984096398  1.938109E-13
4896.48766735482  9.727840E-14
4896.53549374566  1.133320E-13
4896.58332013651  1.830461E-13
4896.63114652735  1.031584E-13
4896.6789729182  7.423447E-14
4896.72679930904  1.375592E-13
4896.77462569988  2.089360E-13
4896.82245209073  2.618806E-13
4896.87027848157  -3.547143E-14
4896.91810487242  1.063114E-13
4896.96593126326  1.092969E-13
4897.0137576541  1.151655E-13
4897.06158404495  -1.846560E-14
4897.10941043579  7.900346E-14
4897.15723682664  -2.210784E-14
4897.20506321748  4.065884E-14
4897.25288960832  8.975488E-14
4897.30071599917  1.307409E-14
4897.34854239001  8.750879E-14
4897.39636878086  1.326218E-13
4897.4441951717  7.720487E-15
4897.49202156254  3.955629E-14
4897.53984795339  3.729568E-13
4897.58767434423  3.824390E-13
4897.63550073508  2.476167E-13
4897.68332712592  1.193404E-13
4897.73115351676  -7.145389E-15
4897.77897990761  1.073230E-13
4897.82680629845  5.760205E-13
4897.87463268929  1.514830E-13
4897.92245908014  5.505453E-14
4897.97028547098  2.047385E-13
4898.01811186183  1.398804E-14
4898.06593825267  1.566802E-14
4898.11376464352  3.453203E-14
4898.16159103436  1.766727E-13
4898.2094174252  1.692497E-13
4898.25724381605  2.502596E-13
4898.30507020689  2.255865E-13
4898.35289659773  3.254399E-13
4898.40072298858  2.729163E-13
4898.44854937942  7.997000E-14
4898.49637577027  2.950825E-13
4898.54420216111  3.560748E-13
4898.59202855195  3.099487E-13
4898.6398549428  2.236291E-13
4898.68768133364  7.663487E-14
4898.73550772449  1.440154E-13
4898.78333411533  1.480910E-13
4898.83116050618  1.285483E-13
4898.87898689702  2.052042E-13
4898.92681328786  5.647014E-14
4898.97463967871  1.197239E-13
4899.02246606955  1.497370E-13
4899.0702924604  2.108732E-13
4899.11811885124  1.930871E-13
4899.16594524208  5.190775E-13
4899.21377163293  6.101958E-15
4899.26159802377  4.715036E-13
4899.30942441461  8.130779E-14
4899.35725080546  2.430521E-13
4899.4050771963  1.858572E-13
4899.45290358715  3.150141E-13
4899.50072997799  1.259956E-13
4899.54855636883  1.750586E-13
4899.59638275968  2.160040E-13
4899.64420915052  2.320543E-13
4899.69203554137  2.760279E-13
4899.73986193221  1.347890E-13
4899.78768832305  1.647929E-13
4899.8355147139  3.343972E-13
4899.88334110474  1.509608E-13
4899.93116749559  1.664953E-14
4899.97899388643  1.464964E-13
4900.02682027727  7.680322E-15
4900.07464666812  -8.760690E-15
4900.12247305896  7.742777E-14
4900.1702994498  1.211513E-13
4900.21812584065  5.767526E-13
4900.26595223149  9.710336E-14
4900.31377862234  2.308295E-13
4900.36160501318  3.391475E-13
4900.40943140403  -8.811685E-15
4900.45725779487  5.674930E-14
4900.50508418571  3.086776E-13
4900.55291057656  -3.259350E-14
4900.6007369674  -1.953557E-14
4900.64856335824  5.552227E-13
4900.69638974909  3.612511E-14
4900.74421613993  2.944165E-13
4900.79204253078  3.710595E-13
4900.83986892162  1.826289E-13
4900.88769531246  2.347136E-13
