4805.33655976077  7.974875E-13
4805.39983191589  1.605918E-12
4805.46308978029  1.983895E-12
4805.52633334535  4.810381E-13
4805.58956260248  5.092786E-13
4805.65277754314  1.143534E-12
4805.71597815877  -5.790053E-13
4805.77916444089  -2.754896E-14
4805.84233638104  4.757390E-13
4805.90549397076  1.733211E-12
4805.96863720164  -6.765882E-13
4806.03176606531  -7.230950E-13
4806.09488055341  5.428343E-13
4806.15798065763  1.630833E-13
4806.22106636966  1.823518E-13
4806.28413768124  7.200306E-13
4806.34719458414  9.613427E-13
4806.41023707014  6.692082E-13
4806.47326513108  1.396522E-12
4806.5362787588  7.524539E-13
4806.59927794518  9.839214E-13
4806.66226268213  4.489686E-13
4806.72523296159  2.643800E-13
4806.78818877552  7.072282E-14
4806.85113011592  2.672854E-13
4806.91405697481  5.752334E-14
4806.97696934425  4.271275E-13
4807.0398672163  -4.177095E-13
4807.10275058309  -1.947846E-13
4807.16561943674  2.972314E-13
4807.22847376943  -7.583855E-14
4807.29131357333  8.579905E-13
4807.35413884069  4.042454E-13
4807.41694956373  1.118172E-13
4807.47974573475  -4.527993E-13
4807.54252734604  7.617390E-13
4807.60529438994  4.444454E-13
4807.66804685881  1.026560E-12
4807.73078474503  -1.677049E-13
4807.79350804103  2.032433E-13
4807.85621673924  -1.711316E-14
4807.91891083214  3.617761E-13
4807.98159031223  -1.111852E-13
4808.04425517202  6.748486E-13
4808.10690540408  5.865489E-13
4808.16954100099  8.473182E-13
4808.23216195535  3.642394E-14
4808.29476825981  1.456325E-13
4808.35735990701  -1.032328E-13
4808.41993688965  5.330401E-13
4808.48249920046  6.361558E-13
4808.54504683216  8.037116E-13
4808.60757977754  1.880140E-13
4808.67009802938  1.213503E-12
4808.73260158052  2.868196E-13
4808.79509042381  6.446992E-13
4808.85756455212  2.734370E-13
4808.92002395836  -1.504902E-13
4808.98246863546  2.540689E-13
4809.04489857637  1.606907E-13
4809.10731377408  2.046710E-13
4809.16971422161  8.664012E-13
4809.23209991198  7.183594E-14
4809.29447083827  6.124755E-13
4809.35682699356  6.385513E-13
4809.41916837096  3.834660E-13
4809.48149496362  9.530978E-13
4809.54380676472  9.771545E-14
4809.60610376743  9.457262E-13
4809.66838596499  5.600453E-13
4809.73065335063  -3.303157E-13
4809.79290591763  -6.926499E-14
4809.85514365929  8.480343E-13
4809.91736656893  8.834011E-14
4809.9795746399  3.365400E-13
4810.04176786558  1.137692E-12
4810.10394623936  1.754726E-13
4810.16610975467  5.171886E-13
4810.22825840496  8.223586E-14
4810.29039218372  5.835833E-13
4810.35251108444  3.409651E-13
4810.41461510065  5.066015E-13
4810.4767042259  5.485266E-13
4810.53877845378  -3.986681E-13
4810.60083777788  1.889864E-13
4810.66288219183  1.636440E-13
4810.72491168929  -5.613420E-15
4810.78692626394  -5.879030E-15
4810.84892590947  -1.008063E-13
4810.91091061962  4.211143E-13
4810.97288038815  8.727479E-13
4811.03483520882  5.455337E-13
4811.09677507545  7.174467E-13
4811.15869998185  4.839307E-14
4811.22060992188  -4.416926E-14
4811.28250488943  6.920827E-13
4811.34438487838  5.233086E-13
4811.40624988267  1.496128E-13
4811.46809989624  3.151052E-13
4811.52993491307  5.549713E-14
4811.59175492716  4.554231E-14
4811.65355993253  2.289155E-13
4811.71534992323  5.574049E-13
4811.77712489333  2.235954E-13
4811.83888483692  5.222827E-13
4811.90062974813  3.598584E-13
4811.96235962109  3.121046E-13
4812.02407444998  1.481662E-13
4812.08577422899  6.913938E-14
4812.14745895233  3.793239E-14
4812.20912861423  6.502012E-13
4812.27078320897  6.133082E-13
4812.33242273084  2.702711E-14
4812.39404717412  2.990780E-13
4812.45565653317  1.107809E-13
4812.51725080234  3.326322E-13
4812.57882997601  -6.392160E-14
4812.64039404858  2.806487E-13
4812.70194301448  8.436437E-14
4812.76347686817  3.432154E-13
4812.8249956041  3.022549E-13
4812.88649921679  2.946609E-13
4812.94798770075  8.408576E-14
4813.00946105053  7.130073E-13
4813.07091926068  -1.131102E-13
4813.13236232581  9.689577E-14
4813.19379024051  3.155456E-13
4813.25520299944  3.645085E-13
4813.31660059723  4.150887E-13
4813.37798302859  6.795971E-13
4813.4393502882  1.978926E-14
4813.50070237079  1.009731E-13
4813.56203927112  -8.077917E-15
4813.62336098395  1.207551E-13
4813.68466750408  5.007492E-14
4813.74595882633  2.199302E-13
4813.80723494553  -2.853956E-14
4813.86849585654  5.225315E-13
4813.92974155425  2.239265E-13
4813.99097203356  1.701153E-13
4814.0521872894  3.010334E-13
4814.11338731672  1.720210E-13
4814.17457211049  3.694031E-13
4814.23574166571  3.168767E-13
4814.2968959774  1.060744E-13
4814.35803504058  3.739835E-13
4814.41915885033  -1.047765E-13
4814.48026740171  1.329990E-13
4814.54136068985  -5.404987E-14
4814.60243870985  7.750681E-14
4814.66350145688  3.468983E-13
4814.72454892609  1.371209E-13
4814.78558111269  1.010638E-13
4814.84659801187  2.362317E-13
4814.90759961888  3.004566E-13
4814.96858592897  4.700416E-13
4815.02955693741  3.147787E-13
4815.09051263951  5.682516E-13
4815.15145303058  4.538466E-13
4815.21237810596  2.252512E-13
4815.27328786102  4.594197E-13
4815.33418229113  -6.715163E-15
4815.39506139171  3.886003E-13
4815.45592515817  -9.386953E-14
4815.51677358597  3.055251E-13
4815.57760667057  1.805328E-13
4815.63842440745  3.676900E-13
4815.69922679213  4.217313E-13
4815.76001382014  1.308265E-13
4815.82078548702  1.991486E-13
4815.88154178835  1.984984E-13
4815.94228271972  3.461398E-13
4816.00300827674  1.791551E-13
4816.06371845504  3.611948E-13
4816.12441325028  3.570557E-13
4816.18509265814  5.389748E-13
4816.2457566743  3.219762E-13
4816.30640529448  4.233892E-13
4816.36703851442  1.087975E-14
4816.42765632987  1.509339E-13
4816.48825873661  1.775100E-13
4816.54884573044  4.042707E-13
4816.60941730716  6.014457E-14
4816.66997346261  2.818794E-13
4816.73051419266  2.313079E-13
4816.79103949318  3.859192E-13
4816.85154936006  1.381839E-13
4816.91204378922  2.464352E-13
4816.9725227766  3.519572E-13
4817.03298631815  3.562686E-13
4817.09343440985  7.385677E-14
4817.15386704769  1.329276E-13
4817.21428422768  3.198755E-13
4817.27468594587  1.075097E-13
4817.33507219831  4.108298E-13
4817.39544298106  1.718650E-13
4817.45579829023  1.024780E-13
4817.51613812192  9.758609E-14
4817.57646247226  9.042334E-14
4817.63677133742  7.536515E-14
4817.69706471355  1.752563E-13
4817.75734259685  -3.952897E-14
4817.81760498354  6.593408E-14
4817.87785186982  1.919721E-13
4817.93808325195  3.270604E-13
4817.99829912621  9.862462E-14
4818.05849948887  2.701887E-13
4818.11868433624  1.475174E-13
4818.17885366464  6.578893E-14
4818.23900747041  1.563050E-13
4818.29914574992  2.527931E-13
4818.35926849954  1.883270E-13
4818.41937571567  2.665338E-13
4818.47946739473  3.549173E-13
4818.53954353316  2.414032E-13
4818.5996041274  9.224006E-14
4818.65964917394  2.141239E-13
4818.71967866926  2.100291E-13
4818.77969260987  2.848513E-13
4818.83969099231  1.596600E-13
4818.89967381311  3.647856E-13
4818.95964106884  3.692324E-13
4819.01959275609  1.387026E-13
4819.07952887146  3.773416E-13
4819.13944941156  1.349988E-13
4819.19935437304  1.593961E-13
4819.25924375255  2.328297E-13
4819.31911754676  1.405531E-13
4819.37897575237  1.680299E-13
4819.43881836609  1.893336E-13
4819.49864538463  2.058173E-13
4819.55845680476  1.284729E-13
4819.61825262323  2.541898E-13
4819.67803283682  1.705728E-13
4819.73779744233  2.881049E-13
4819.79754643658  2.885285E-13
4819.85727981641  1.618901E-13
4819.91699757866  1.258458E-13
4819.97669972021  6.878885E-14
4820.03638623794  8.165308E-14
4820.09605712875  1.900666E-13
4820.15571238957  4.621739E-14
4820.21535201733  1.686961E-13
4820.27497600901  6.635318E-14
4820.33458436155  1.740380E-13
4820.39417707196  1.826504E-13
4820.45375413726  1.601587E-13
4820.51331555445  3.183049E-13
4820.57286132059  2.196069E-13
4820.63239143272  1.439305E-13
4820.69190588794  2.413212E-13
4820.75140468334  1.355115E-13
4820.81088781602  1.822859E-13
4820.8703552831  1.763441E-13
4820.92980708175  7.545019E-14
4820.98924320911  3.238335E-13
4821.04866366237  1.795746E-13
4821.10806843871  1.652186E-13
4821.16745753536  2.126973E-13
4821.22683094953  1.773343E-13
4821.28618867848  2.330098E-13
4821.34553071946  1.851215E-13
4821.40485706975  9.803449E-14
4821.46416772665  1.550517E-13
4821.52346268746  1.695713E-13
4821.58274194952  2.442775E-14
4821.64200551016  1.877516E-13
4821.70125336674  1.437330E-13
4821.76048551665  9.469201E-14
4821.81970195726  1.488732E-13
4821.878902686  2.337366E-13
4821.93808770028  1.314888E-13
4821.99725699755  2.198794E-13
4822.05641057525  2.058508E-13
4822.11554843087  1.942180E-13
4822.17467056189  2.371987E-13
4822.23377696582  1.502820E-13
4822.29286764016  2.829955E-13
4822.35194258247  1.606798E-13
4822.41100179029  1.507902E-13
4822.47004526119  2.153312E-13
4822.52907299275  1.205001E-13
4822.58808498257  1.155889E-13
4822.64708122827  1.644997E-13
4822.70606172747  9.928219E-14
4822.76502647782  1.044826E-13
4822.82397547698  9.763209E-14
4822.88290872263  1.404901E-13
4822.94182621246  1.713442E-13
4823.00072794417  1.632965E-13
4823.05961391549  1.674175E-13
4823.11848412416  2.390938E-13
4823.17733856792  9.002230E-14
4823.23617724455  1.558020E-13
4823.29500015183  1.232612E-13
4823.35380728756  1.367834E-13
4823.41259864955  1.507761E-13
4823.47137423563  2.391051E-13
4823.53013404364  1.085395E-13
4823.58887807144  9.613922E-14
4823.64760631691  1.041579E-13
4823.70631877793  1.975922E-13
4823.76501545241  1.598073E-13
4823.82369633826  1.373209E-13
4823.88236143342  1.572191E-13
4823.94101073583  1.904307E-13
4823.99964424345  1.618741E-13
4824.05826195427  1.555869E-13
4824.11686386627  1.339743E-13
4824.17544997746  1.830333E-13
4824.23402028585  1.711377E-13
4824.29257478949  1.647100E-13
4824.35111348642  1.971571E-13
4824.40963637471  1.450094E-13
4824.46814345243  1.106787E-13
4824.52663471768  1.588341E-13
4824.58511016856  1.432753E-13
4824.64356980319  1.913321E-13
4824.70201361971  1.123276E-13
4824.76044161627  1.211327E-13
4824.81885379102  1.227982E-13
4824.87725014215  1.748497E-13
4824.93563066785  1.682161E-13
4824.99399536632  9.797963E-14
4825.05234423578  1.789551E-13
4825.11067727446  1.458971E-13
4825.16899448062  2.218428E-13
4825.22729585251  1.190460E-13
4825.28558138841  1.804132E-13
4825.3438510866  1.769037E-13
4825.40210494538  1.289897E-13
4825.46034296309  1.549200E-13
4825.51856513803  1.841234E-13
4825.57677146855  1.030523E-13
4825.63496195302  1.731760E-13
4825.6931365898  1.341501E-13
4825.75129537726  1.678544E-13
4825.80943831383  1.142630E-13
4825.86756539789  1.200405E-13
4825.92567662788  1.707378E-13
4825.98377200222  8.562143E-14
4826.04185151939  1.275825E-13
4826.09991517782  1.355386E-13
4826.15796297601  1.755860E-13
4826.21599491244  1.435323E-13
4826.27401098561  2.314165E-13
4826.33201119405  1.533628E-13
4826.38999553627  1.900828E-13
4826.44796401083  1.882544E-13
4826.50591661627  1.370847E-13
4826.56385335117  1.746475E-13
4826.62177421411  1.528602E-13
4826.67967920368  1.760084E-13
4826.73756831848  2.063871E-13
4826.79544155714  1.731682E-13
4826.85329891829  1.117130E-13
4826.91114040057  1.391908E-13
4826.96896600265  1.726539E-13
4827.02677572318  1.387919E-13
4827.08456956087  1.696349E-13
4827.14234751439  1.632634E-13
4827.20010958246  1.424645E-13
4827.2578557638  1.095715E-13
4827.31558605714  1.574376E-13
4827.37330046122  1.301257E-13
4827.43099897482  1.940062E-13
4827.48868159668  1.412475E-13
4827.54634832561  1.452748E-13
4827.60399916038  1.534095E-13
4827.66163409982  1.412712E-13
4827.71925314273  1.332087E-13
4827.77685628796  1.364386E-13
4827.83444353434  1.244485E-13
4827.89201488072  1.513345E-13
4827.94957032598  1.584981E-13
4828.007109869  1.389917E-13
4828.06463350866  1.670164E-13
4828.12214124388  1.977888E-13
4828.17963307356  1.916057E-13
4828.23710899664  1.277607E-13
4828.29456901205  1.845309E-13
4828.35201311874  1.350630E-13
4828.40944131568  1.809931E-13
4828.46685360184  1.474819E-13
4828.5242499762  1.054286E-13
4828.58163043777  1.459780E-13
4828.63899498556  1.271253E-13
4828.69634361858  1.973173E-13
4828.75367633587  1.238596E-13
4828.81099313646  1.702199E-13
4828.86829401943  1.667328E-13
4828.92557898383  1.566691E-13
4828.98284802875  1.790059E-13
4829.04010115326  1.645394E-13
4829.09733835648  1.350909E-13
4829.15455963751  1.427682E-13
4829.21176499549  1.434442E-13
4829.26895442954  1.376500E-13
4829.3261279388  1.942400E-13
4829.38328552245  1.510941E-13
4829.44042717964  1.511868E-13
4829.49755290956  1.432786E-13
4829.55466271139  1.508923E-13
4829.61175658434  1.196570E-13
4829.66883452762  1.300300E-13
4829.72589654045  1.153876E-13
4829.78294262207  1.171921E-13
4829.83997277172  1.734073E-13
4829.89698698867  1.205937E-13
4829.95398527217  1.021418E-13
4830.01096762149  1.004530E-13
4830.06793403595  1.252110E-13
4830.12488451482  1.614263E-13
4830.18181905742  1.617627E-13
4830.23873766308  1.579158E-13
4830.29564033112  1.406488E-13
4830.35252706088  1.427361E-13
4830.40939785171  1.946614E-13
4830.46625270299  1.292205E-13
4830.52309161407  1.333989E-13
4830.57991458436  1.302620E-13
4830.63672161323  1.407156E-13
4830.69351270009  1.453181E-13
4830.75028784436  1.419811E-13
4830.80704704547  1.724728E-13
4830.86379030284  1.535300E-13
4830.92051761593  7.579328E-14
4830.97722898419  1.660347E-13
4831.03392440707  1.472339E-13
4831.09060388408  1.669366E-13
4831.14726741467  1.313297E-13
4831.20391499836  1.676524E-13
4831.26054663465  1.395229E-13
4831.31716232306  1.655604E-13
4831.37376206311  1.547920E-13
4831.43034585433  1.653395E-13
4831.48691369628  1.551242E-13
4831.5434655885  1.546097E-13
4831.60000153057  1.674646E-13
4831.65652152206  1.525536E-13
4831.71302556256  1.391806E-13
4831.76951365165  1.300159E-13
4831.82598578895  1.371545E-13
4831.88244197407  1.317981E-13
4831.93888220663  1.529304E-13
4831.99530648627  1.309723E-13
4832.05171481263  1.691933E-13
4832.10810718535  1.457152E-13
4832.16448360411  1.645069E-13
4832.22084406858  1.379323E-13
4832.27718857843  1.537243E-13
4832.33351713337  1.491613E-13
4832.38982973307  1.505579E-13
4832.44612637727  1.119565E-13
4832.50240706566  1.606889E-13
4832.55867179799  1.536552E-13
4832.61492057399  1.254871E-13
4832.67115339341  1.082950E-13
4832.72737025599  1.149508E-13
4832.78357116151  1.453623E-13
4832.83975610974  1.716612E-13
4832.89592510046  1.414308E-13
4832.95207813346  1.259302E-13
4833.00821520855  1.310839E-13
4833.06433632553  1.595477E-13
4833.12044148422  1.571331E-13
4833.17653068445  1.208696E-13
4833.23260392606  1.713316E-13
4833.2886612089  1.177009E-13
4833.34470253281  1.834025E-13
4833.40072789766  1.788914E-13
4833.45673730332  1.617889E-13
4833.51273074967  1.529380E-13
4833.56870823661  1.835549E-13
4833.62466976402  1.520232E-13
4833.68061533182  1.117795E-13
4833.73654493992  1.600811E-13
4833.79245858825  1.442876E-13
4833.84835627673  1.571269E-13
4833.90423800531  1.258562E-13
4833.96010377395  1.139158E-13
4834.01595358258  1.850221E-13
4834.07178743119  1.452080E-13
4834.12760531975  1.855398E-13
4834.18340724823  1.419912E-13
4834.23919321664  1.591106E-13
4834.29496322496  1.446641E-13
4834.35071727322  1.528481E-13
4834.40645536142  1.394060E-13
4834.4621774896  1.367743E-13
4834.51788365777  1.526668E-13
4834.57357386599  1.622517E-13
4834.6292481143  1.571094E-13
4834.68490640276  1.871569E-13
4834.74054873143  1.205844E-13
4834.7961751004  1.411428E-13
4834.85178550972  1.339205E-13
4834.90737995951  1.175859E-13
4834.96295844986  1.132698E-13
4835.01852098086  1.439892E-13
4835.07406755263  1.547620E-13
4835.12959816531  1.708609E-13
4835.185112819  1.491676E-13
4835.24061151385  1.234698E-13
4835.29609425  1.509917E-13
4835.35156102761  1.483399E-13
4835.40701184683  1.152667E-13
4835.46244670783  1.451576E-13
4835.51786561079  1.105859E-13
4835.57326855589  1.494611E-13
4835.62865554332  1.350265E-13
4835.68402657327  1.000031E-13
4835.73938164596  1.151149E-13
4835.79472076159  1.509875E-13
4835.85004392038  1.300487E-13
4835.90535112257  1.612501E-13
4835.96064236839  1.510872E-13
4836.01591765807  1.293736E-13
4836.07117699188  1.408241E-13
4836.12642037006  1.210288E-13
4836.18164779289  1.361428E-13
4836.23685926063  1.368462E-13
4836.29205477356  1.290938E-13
4836.34723433197  1.673699E-13
4836.40239793616  1.541492E-13
4836.45754558641  1.354822E-13
4836.51267728305  1.414783E-13
4836.56779302638  1.608817E-13
4836.62289281673  1.249248E-13
4836.67797665442  1.445379E-13
4836.7330445398  1.524273E-13
4836.7880964732  1.376865E-13
4836.84313245498  1.660844E-13
4836.89815248548  1.614002E-13
4836.95315656509  1.396828E-13
4837.00814469415  1.215990E-13
4837.06311687307  1.500816E-13
4837.11807310221  1.594992E-13
4837.17301338197  1.244772E-13
4837.22793771275  1.535805E-13
4837.28284609495  1.370053E-13
4837.33773852898  1.264067E-13
4837.39261501526  1.430058E-13
4837.44747555422  1.513407E-13
4837.50232014628  1.389583E-13
4837.55714879189  1.570591E-13
4837.61196149148  1.576941E-13
4837.66675824552  1.680230E-13
4837.72153905446  1.533447E-13
4837.77630391875  1.487839E-13
4837.83105283888  1.297862E-13
4837.88578581532  1.505004E-13
4837.94050284855  1.629843E-13
4837.99520393906  1.400246E-13
4838.04988908735  1.351269E-13
4838.10455829392  1.080520E-13
4838.15921155928  1.250532E-13
4838.21384888394  1.315223E-13
4838.26847026843  1.365500E-13
4838.32307571327  1.134935E-13
4838.377665219  1.531416E-13
4838.43223878615  1.622896E-13
4838.48679641528  1.640589E-13
4838.54133810693  1.382885E-13
4838.59586386166  1.512956E-13
4838.65037368004  1.283936E-13
4838.70486756264  1.325440E-13
4838.75934551002  1.484129E-13
4838.81380752279  1.413891E-13
4838.86825360152  1.416831E-13
4838.9226837468  1.616110E-13
4838.97709795925  1.553522E-13
4839.03149623945  1.299991E-13
4839.08587858803  1.469718E-13
4839.14024500561  1.235347E-13
4839.1945954928  1.331951E-13
4839.24893005023  1.266265E-13
4839.30324867855  1.381094E-13
4839.35755137839  1.656245E-13
4839.41183815039  1.298322E-13
4839.46610899521  1.739749E-13
4839.52036391352  1.466971E-13
4839.57460290596  1.334757E-13
4839.62882597321  1.273326E-13
4839.68303311594  1.602643E-13
4839.73722433484  1.448137E-13
4839.79139963058  1.428323E-13
4839.84555900386  1.434385E-13
4839.89970245539  1.413552E-13
4839.95382998585  1.305865E-13
4840.00794159595  1.363475E-13
4840.06203728641  1.147611E-13
4840.11611705795  1.117928E-13
4840.17018091129  1.560575E-13
4840.22422884715  1.404685E-13
4840.27826086628  1.355904E-13
4840.33227696941  1.414010E-13
4840.38627715728  1.377977E-13
4840.44026143065  9.894489E-14
4840.49422979027  1.142093E-13
4840.5481822369  1.108228E-13
4840.60211877131  1.149637E-13
4840.65603939426  1.310170E-13
4840.70994410653  1.537067E-13
4840.7638329089  1.347907E-13
4840.81770580217  1.252040E-13
4840.8715627871  1.406332E-13
4840.92540386451  1.374716E-13
4840.9792290352  1.624384E-13
4841.03303829996  1.390704E-13
4841.08683165961  1.356329E-13
4841.14060911497  1.429950E-13
4841.19437066685  1.464972E-13
4841.24811631609  1.204604E-13
4841.30184606349  1.310801E-13
4841.35555990992  1.386820E-13
4841.40925785619  1.243113E-13
4841.46293990317  1.479300E-13
4841.51660605169  1.491867E-13
4841.57025630261  1.304110E-13
4841.62389065678  1.409684E-13
4841.67750911508  1.187210E-13
4841.73111167837  1.420028E-13
4841.78469834751  1.264195E-13
4841.83826912339  1.445078E-13
4841.89182400689  1.325561E-13
4841.94536299889  1.492085E-13
4841.99888610029  1.647313E-13
4842.05239331197  1.325275E-13
4842.10588463484  1.448043E-13
4842.1593600698  1.216855E-13
4842.21281961776  1.419214E-13
4842.26626327963  1.354877E-13
4842.31969105633  1.322631E-13
4842.37310294878  1.333858E-13
4842.42649895791  1.139808E-13
4842.47987908464  1.354868E-13
4842.53324332991  1.190249E-13
4842.58659169465  1.484583E-13
4842.63992417982  1.494554E-13
4842.69324078635  1.118494E-13
4842.7465415152  1.082315E-13
4842.79982636732  1.410395E-13
4842.85309534367  1.242155E-13
4842.90634844522  1.421879E-13
4842.95958567292  1.357927E-13
4843.01280702777  1.386391E-13
4843.06601251072  1.268000E-13
4843.11920212276  1.423165E-13
4843.17237586488  1.442265E-13
4843.22553373805  1.304978E-13
4843.27867574328  1.587445E-13
4843.33180188155  1.389106E-13
4843.38491215387  1.371433E-13
4843.43800656124  1.394019E-13
4843.49108510467  1.186366E-13
4843.54414778516  1.312522E-13
4843.59719460373  1.373478E-13
4843.65022556141  1.529264E-13
4843.70324065921  1.391586E-13
4843.75623989816  1.245560E-13
4843.80922327929  1.397132E-13
4843.86219080364  1.277527E-13
4843.91514247223  1.388712E-13
4843.96807828612  1.287942E-13
4844.02099824634  1.461054E-13
4844.07390235394  1.314661E-13
4844.12679060998  1.432925E-13
4844.17966301552  1.323801E-13
4844.2325195716  1.559071E-13
4844.28536027929  1.468183E-13
4844.33818513967  1.560401E-13
4844.39099415379  1.391418E-13
4844.44378732274  1.447216E-13
4844.49656464758  1.320860E-13
4844.5493261294  1.249392E-13
4844.60207176928  1.044089E-13
4844.65480156831  1.315790E-13
4844.70751552757  1.286014E-13
4844.76021364817  1.376716E-13
4844.81289593119  1.255453E-13
4844.86556237774  1.370169E-13
4844.91821298893  1.304963E-13
4844.97084776585  1.099121E-13
4845.02346670962  1.276845E-13
4845.07606982134  1.362623E-13
4845.12865710215  1.326210E-13
4845.18122855315  1.340461E-13
4845.23378417547  1.255641E-13
4845.28632397023  1.356070E-13
4845.33884793857  1.390732E-13
4845.39135608161  1.289265E-13
4845.44384840049  1.317724E-13
4845.49632489635  1.405604E-13
4845.54878557033  1.331401E-13
4845.60123042357  1.395204E-13
4845.65365945722  1.397903E-13
4845.70607267243  1.323409E-13
4845.75847007035  1.181187E-13
4845.81085165214  1.369291E-13
4845.86321741896  1.177053E-13
4845.91556737197  1.369195E-13
4845.96790151233  1.473862E-13
4846.02021984122  1.497774E-13
4846.07252235979  1.500242E-13
4846.12480906923  1.402165E-13
4846.17707997071  1.367152E-13
4846.22933506541  1.189566E-13
4846.28157435451  1.166420E-13
4846.3337978392  1.356157E-13
4846.38600552065  1.398802E-13
4846.43819740006  1.683498E-13
4846.49037347863  1.443179E-13
4846.54253375755  1.526770E-13
4846.59467823801  1.690508E-13
4846.64680692121  1.602490E-13
4846.69891980837  1.396521E-13
4846.75101690067  1.413468E-13
4846.80309819934  1.344993E-13
4846.85516370558  1.411933E-13
4846.9072134206  1.515082E-13
4846.95924734562  1.214800E-13
4847.01126548186  1.322115E-13
4847.06326783053  1.390519E-13
4847.11525439286  1.524921E-13
4847.16722517008  1.441366E-13
4847.21918016341  1.400633E-13
4847.27111937408  1.495744E-13
4847.32304280333  1.600207E-13
4847.37495045238  1.458071E-13
4847.42684232248  1.356022E-13
4847.47871841486  1.348814E-13
4847.53057873077  1.444323E-13
4847.58242327145  1.367820E-13
4847.63425203814  1.416160E-13
4847.6860650321  1.472056E-13
4847.73786225457  1.544989E-13
4847.7896437068  1.289027E-13
4847.84140939006  1.446932E-13
4847.8931593056  1.441327E-13
4847.94489345467  1.187350E-13
4847.99661183854  1.295810E-13
4848.04831445847  1.199812E-13
4848.10000131573  1.336072E-13
4848.15167241158  1.418484E-13
4848.20332774729  1.376091E-13
4848.25496732414  1.285331E-13
4848.3065911434  1.273656E-13
4848.35819920634  1.451820E-13
4848.40979151424  1.179126E-13
4848.46136806838  1.396215E-13
4848.51292887004  1.347280E-13
4848.5644739205  1.177871E-13
4848.61600322105  1.294633E-13
4848.66751677298  1.270780E-13
4848.71901457757  1.340378E-13
4848.77049663612  1.344966E-13
4848.82196294991  1.260215E-13
4848.87341352025  1.160477E-13
4848.92484834842  1.276327E-13
4848.97626743573  1.443777E-13
4849.02767078348  1.392881E-13
4849.07905839295  1.372845E-13
4849.13043026547  1.218124E-13
4849.18178640233  1.337019E-13
4849.23312680484  1.386270E-13
4849.28445147431  1.308765E-13
4849.33576041204  1.398513E-13
4849.38705361935  1.297162E-13
4849.43833109756  1.421997E-13
4849.48959284796  1.423491E-13
4849.5408388719  1.334734E-13
4849.59206917066  1.422248E-13
4849.64328374559  1.180111E-13
4849.694482598  1.201228E-13
4849.7456657292  1.441873E-13
4849.79683314053  1.383508E-13
4849.84798483331  1.387285E-13
4849.89912080886  1.524524E-13
4849.95024106852  1.323491E-13
4850.00134561361  1.481131E-13
4850.05243444546  1.274857E-13
4850.10350756541  1.354151E-13
4850.15456497479  1.252447E-13
4850.20560667493  1.196198E-13
4850.25663266717  1.436949E-13
4850.30764295285  1.444667E-13
4850.35863753331  1.465158E-13
4850.40961640988  1.335581E-13
4850.46057958391  1.250629E-13
4850.51152705674  1.229501E-13
4850.56245882971  1.284107E-13
4850.61337490417  1.319568E-13
4850.66427528148  1.402316E-13
4850.71515996296  1.253072E-13
4850.76602894997  1.252877E-13
4850.81688224386  1.198153E-13
4850.86771984598  1.383305E-13
4850.91854175769  1.150014E-13
4850.96934798034  1.335305E-13
4851.02013851527  1.331362E-13
4851.07091336385  1.541121E-13
4851.12167252744  1.416224E-13
4851.17241600738  1.249372E-13
4851.22314380504  1.340850E-13
4851.27385592178  1.366069E-13
4851.32455235896  1.288168E-13
4851.37523311793  1.233801E-13
4851.42589820007  1.338888E-13
4851.47654760673  1.445204E-13
4851.52718133928  1.423824E-13
4851.57779939908  1.295196E-13
4851.6284017875  1.032427E-13
4851.6789885059  1.344804E-13
4851.72955955566  1.341149E-13
4851.78011493814  1.355500E-13
4851.83065465472  1.396046E-13
4851.88117870675  1.281240E-13
4851.93168709562  1.368541E-13
4851.98217982269  1.400841E-13
4852.03265688934  1.370488E-13
4852.08311829693  1.227752E-13
4852.13356404685  1.392275E-13
4852.18399414047  1.311061E-13
4852.23440857917  1.482612E-13
4852.28480736431  1.513391E-13
4852.33519049728  1.434611E-13
4852.38555797945  1.451372E-13
4852.4359098122  1.338672E-13
4852.48624599692  1.419697E-13
4852.53656653497  1.331165E-13
4852.58687142775  1.304263E-13
4852.63716067662  1.238002E-13
4852.68743428298  1.304264E-13
4852.7376922482  1.295130E-13
4852.78793457366  1.552610E-13
4852.83816126075  1.355274E-13
4852.88837231085  1.297553E-13
4852.93856772535  1.248705E-13
4852.98874750562  1.297090E-13
4853.03891165306  1.137500E-13
4853.08906016905  1.260221E-13
4853.13919305497  1.284164E-13
4853.18931031221  1.368252E-13
4853.23941194215  1.361477E-13
4853.28949794619  1.123554E-13
4853.33956832571  1.274379E-13
4853.38962308209  1.375341E-13
4853.43966221673  1.284391E-13
4853.48968573101  1.461416E-13
4853.53969362633  1.364724E-13
4853.58968590406  1.185344E-13
4853.6396625656  1.328335E-13
4853.68962361235  1.176335E-13
4853.73956904568  1.394981E-13
4853.78949886699  1.490803E-13
4853.83941307766  1.416798E-13
4853.8893116791  1.473293E-13
4853.93919467268  1.182681E-13
4853.9890620598  1.380151E-13
4854.03891384185  1.294063E-13
4854.08875002023  1.430904E-13
4854.13857059631  1.264126E-13
4854.1883755715  1.289687E-13
4854.23816494719  1.295300E-13
4854.28793872476  1.398015E-13
4854.33769690562  1.325613E-13
4854.38743949114  1.311023E-13
4854.43716648272  1.387553E-13
4854.48687788175  1.354272E-13
4854.53657368964  1.296827E-13
4854.58625390776  1.342744E-13
4854.63591853751  1.485661E-13
4854.68556758028  1.203323E-13
4854.73520103746  1.488554E-13
4854.78481891045  1.239549E-13
4854.83442120063  1.343704E-13
4854.88400790941  1.266924E-13
4854.93357903816  1.099114E-13
4854.98313458829  1.378397E-13
4855.03267456118  1.285205E-13
4855.08219895823  1.272166E-13
4855.13170778082  1.330435E-13
4855.18120103035  1.321764E-13
4855.23067870821  1.364692E-13
4855.28014081578  1.269314E-13
4855.32958735447  1.514807E-13
4855.37901832565  1.442550E-13
4855.42843373073  1.256912E-13
4855.47783357109  1.276706E-13
4855.52721784812  1.303788E-13
4855.57658656321  1.263968E-13
4855.62593971775  1.376724E-13
4855.67527731312  1.417272E-13
4855.72459935073  1.314556E-13
4855.77390583195  1.382076E-13
4855.82319675818  1.428002E-13
4855.87247213079  1.223196E-13
4855.92173195119  1.298181E-13
4855.97097622076  1.466555E-13
4856.02020494088  1.334048E-13
4856.06941811294  1.213428E-13
4856.11861573832  1.286769E-13
4856.16779781842  1.286797E-13
4856.21696435462  1.375265E-13
4856.2661153483  1.217339E-13
4856.31525080084  1.095415E-13
4856.36437071364  1.248088E-13
4856.41347508807  1.448516E-13
4856.46256392552  1.251351E-13
4856.51163722737  1.370337E-13
4856.56069499501  1.333783E-13
4856.60973722981  1.445731E-13
4856.65876393315  1.151532E-13
4856.70777510642  1.186124E-13
4856.756770751  1.313465E-13
4856.80575086827  1.152398E-13
4856.8547154596  1.048226E-13
4856.90366452637  1.258896E-13
4856.95259806996  1.078027E-13
4857.00151609176  1.261884E-13
4857.05041859312  1.180352E-13
4857.09930557544  1.161802E-13
4857.14817704009  1.271782E-13
4857.19703298844  1.264163E-13
4857.24587342186  1.398109E-13
4857.29469834173  1.244802E-13
4857.34350774943  1.353870E-13
4857.39230164632  1.298545E-13
4857.44108003377  1.304016E-13
4857.48984291316  1.221931E-13
4857.53859028585  1.387159E-13
4857.58732215322  1.402843E-13
4857.63603851663  1.316623E-13
4857.68473937746  1.466095E-13
4857.73342473705  1.433337E-13
4857.7820945968  1.290704E-13
4857.83074895805  1.396610E-13
4857.87938782218  1.290284E-13
4857.92801119055  1.190103E-13
4857.97661906451  1.353348E-13
4858.02521144544  1.277776E-13
4858.07378833469  1.252546E-13
4858.12234973362  9.394770E-14
4858.1708956436  1.226499E-13
4858.21942606598  1.201206E-13
4858.26794100211  1.069938E-13
4858.31644045337  1.283237E-13
4858.36492442109  1.256686E-13
4858.41339290664  1.211057E-13
4858.46184591138  1.114662E-13
4858.51028343664  1.309492E-13
4858.55870548379  1.024424E-13
4858.60711205418  1.227565E-13
4858.65550314916  1.328405E-13
4858.70387877007  1.204801E-13
4858.75223891827  1.248062E-13
4858.80058359509  1.308577E-13
4858.8489128019  1.170110E-13
4858.89722654003  1.263121E-13
4858.94552481082  1.241402E-13
4858.99380761562  1.264434E-13
4859.04207495577  1.159518E-13
4859.09032683262  1.240285E-13
4859.13856324749  1.119522E-13
4859.18678420174  1.034044E-13
4859.23498969669  1.239663E-13
4859.28317973369  1.066150E-13
4859.33135431407  1.108829E-13
4859.37951343916  1.144076E-13
4859.4276571103  1.186414E-13
4859.47578532881  1.321996E-13
4859.52389809604  1.267102E-13
4859.5719954133  1.226847E-13
4859.62007728193  1.208253E-13
4859.66814370325  1.158923E-13
4859.71619467859  1.134638E-13
4859.76423020927  1.183042E-13
4859.81225029663  1.202127E-13
4859.86025494197  1.030640E-13
4859.90824414662  1.178522E-13
4859.9562179119  1.073875E-13
4860.00417623913  1.071604E-13
4860.05211912963  1.292931E-13
4860.1000465847  1.223331E-13
4860.14795860568  1.128270E-13
4860.19585519386  1.216589E-13
4860.24373635056  1.279317E-13
4860.29160207709  1.143179E-13
4860.33945237477  1.146949E-13
4860.38728724489  1.056460E-13
4860.43510668877  1.251160E-13
4860.48291070771  1.294508E-13
4860.53069930301  1.161605E-13
4860.57847247597  1.525907E-13
4860.62623022791  1.449968E-13
4860.67397256011  1.479394E-13
4860.72169947387  1.384480E-13
4860.7694109705  1.823648E-13
4860.81710705128  6.970348E-13
4860.86478771752  4.887692E-13
4860.9124529705  1.936005E-13
4860.96010281151  1.610862E-13
4861.00773724184  1.641516E-13
4861.05535626279  1.635498E-13
4861.10295987563  1.461758E-13
4861.15054808166  1.486292E-13
4861.19812088216  1.420975E-13
4861.2456782784  1.653748E-13
4861.29322027167  1.744665E-13
4861.34074686325  1.698867E-13
4861.38825805441  1.561051E-13
4861.43575384644  1.568826E-13
4861.4832342406  1.324501E-13
4861.53069923817  1.313052E-13
4861.57814884042  1.325289E-13
4861.62558304861  1.435997E-13
4861.67300186403  1.561361E-13
4861.72040528792  1.572092E-13
4861.76779332157  1.521930E-13
4861.81516596622  1.570225E-13
4861.86252322315  1.492846E-13
4861.9098650936  1.370493E-13
4861.95719157885  1.654072E-13
4862.00450268015  1.637008E-13
4862.05179839875  1.573638E-13
4862.0990787359  1.769243E-13
4862.14634369286  1.510617E-13
4862.19359327087  1.421936E-13
4862.24082747119  1.532847E-13
4862.28804629506  1.560577E-13
4862.33524974372  1.552629E-13
4862.38243781843  1.553577E-13
4862.42961052041  1.371789E-13
4862.47676785091  1.424263E-13
4862.52390981117  1.362228E-13
4862.57103640242  1.413940E-13
4862.6181476259  1.560131E-13
4862.66524348283  1.647642E-13
4862.71232397446  1.686271E-13
4862.75938910201  1.944739E-13
4862.8064388667  2.017125E-13
4862.85347326976  1.967069E-13
4862.90049231242  2.270902E-13
4862.94749599589  2.128618E-13
4862.9944843214  2.272676E-13
4863.04145729017  2.147979E-13
4863.0884149034  2.233493E-13
4863.13535716232  2.194637E-13
4863.18228406814  2.517068E-13
4863.22919562206  2.593012E-13
4863.2760918253  2.915871E-13
4863.32297267906  3.082263E-13
4863.36983818455  3.720856E-13
4863.41668834297  4.014448E-13
4863.46352315552  4.406451E-13
4863.5103426234  4.978947E-13
4863.55714674781  5.268900E-13
4863.60393552995  5.480382E-13
4863.650708971  5.816304E-13
4863.69746707216  5.775224E-13
4863.74420983461  5.789264E-13
4863.79093725956  5.289521E-13
4863.83764934817  4.911615E-13
4863.88434610164  4.680738E-13
4863.93102752114  4.303371E-13
4863.97769360786  3.594471E-13
4864.02434436296  3.692085E-13
4864.07097978764  3.401745E-13
4864.11759988306  3.281313E-13
4864.1642046504  2.617818E-13
4864.21079409082  2.749585E-13
4864.25736820548  2.358612E-13
4864.30392699557  2.093858E-13
4864.35047046223  2.158554E-13
4864.39699860664  1.797306E-13
4864.44351142994  1.782220E-13
4864.4900089333  1.864314E-13
4864.53649111787  1.690410E-13
4864.58295798482  1.609941E-13
4864.62940953527  1.623654E-13
4864.67584577039  1.607099E-13
4864.72226669132  1.466192E-13
4864.76867229921  1.313755E-13
4864.8150625952  1.428719E-13
4864.86143758043  1.315543E-13
4864.90779725603  1.524418E-13
4864.95414162315  1.569521E-13
4865.00047068292  1.403820E-13
4865.04678443646  1.292134E-13
4865.09308288492  1.158036E-13
4865.13936602941  1.236657E-13
4865.18563387106  1.198553E-13
4865.231886411  1.120929E-13
4865.27812365035  1.427596E-13
4865.32434559021  1.142432E-13
4865.37055223173  1.082961E-13
4865.41674357599  1.367287E-13
4865.46291962413  1.201331E-13
4865.50908037724  1.342611E-13
4865.55522583644  1.183601E-13
4865.60135600283  1.357439E-13
4865.64747087751  1.271745E-13
4865.69357046159  1.132618E-13
4865.73965475617  1.065630E-13
4865.78572376233  1.312536E-13
4865.83177748118  1.180518E-13
4865.8778159138  1.358329E-13
4865.92383906129  1.307531E-13
4865.96984692474  1.242726E-13
4866.01583950522  1.255457E-13
4866.06181680382  1.304108E-13
4866.10777882163  1.189310E-13
4866.15372555972  1.220922E-13
4866.19965701916  1.265349E-13
4866.24557320103  1.214618E-13
4866.2914741064  1.107652E-13
4866.33735973635  1.213745E-13
4866.38323009193  1.304963E-13
4866.42908517421  1.169321E-13
4866.47492498425  1.182985E-13
4866.52074952312  1.205442E-13
4866.56655879186  1.100160E-13
4866.61235279154  1.155440E-13
4866.6581315232  1.090231E-13
4866.7038949879  1.110410E-13
4866.74964318669  1.301594E-13
4866.7953761206  1.270096E-13
4866.84109379069  1.429850E-13
4866.88679619799  1.244287E-13
4866.93248334354  1.119114E-13
4866.97815522838  1.266260E-13
4867.02381185353  1.246592E-13
4867.06945322004  1.239981E-13
4867.11507932893  1.077794E-13
4867.16069018122  1.009015E-13
4867.20628577794  1.138087E-13
4867.25186612011  1.276147E-13
4867.29743120875  1.416527E-13
4867.34298104487  1.141998E-13
4867.38851562949  1.409161E-13
4867.43403496362  1.137359E-13
4867.47953904826  1.431034E-13
4867.52502788444  1.150009E-13
4867.57050147313  1.323368E-13
4867.61595981537  1.051374E-13
4867.66140291212  1.237588E-13
4867.7068307644  1.292059E-13
4867.75224337321  1.020502E-13
4867.79764073952  9.897898E-14
4867.84302286432  7.968468E-14
4867.88838974862  5.274300E-13
4867.93374139338  2.759945E-12
4867.97907779959  9.396593E-14
4868.02439896824  9.992599E-14
4868.06970490028  9.115594E-14
4868.11499559671  1.133816E-13
4868.16027105848  1.158134E-13
4868.20553128657  1.287418E-13
4868.25077628194  1.375297E-13
4868.29600604557  1.307223E-13
4868.3412205784  1.281241E-13
4868.38641988139  1.547415E-13
4868.43160395551  1.156712E-13
4868.4767728017  1.299658E-13
4868.52192642092  1.330510E-13
4868.56706481412  1.289089E-13
4868.61218798223  1.360607E-13
4868.6572959262  1.339657E-13
4868.70238864697  1.149521E-13
4868.74746614549  1.353898E-13
4868.79252842267  1.162158E-13
4868.83757547946  1.293895E-13
4868.88260731679  1.171478E-13
4868.92762393558  1.265680E-13
4868.97262533676  1.428794E-13
4869.01761152124  1.241921E-13
4869.06258248995  1.328057E-13
4869.10753824381  1.104351E-13
4869.15247878373  1.269724E-13
4869.19740411061  1.195803E-13
4869.24231422537  1.160505E-13
4869.28720912892  1.326920E-13
4869.33208882214  1.305681E-13
4869.37695330596  1.265984E-13
4869.42180258126  1.309244E-13
4869.46663664894  1.300427E-13
4869.51145550989  1.158977E-13
4869.556259165  1.156690E-13
4869.60104761517  1.350472E-13
4869.64582086126  1.239975E-13
4869.69057890417  1.508916E-13
4869.73532174477  1.304079E-13
4869.78004938394  1.481940E-13
4869.82476182255  1.380473E-13
4869.86945906148  1.382539E-13
4869.91414110158  1.250325E-13
4869.95880794374  1.382623E-13
4870.0034595888  1.170059E-13
4870.04809603763  1.214730E-13
4870.09271729109  1.393509E-13
4870.13732335003  1.229919E-13
4870.1819142153  1.174615E-13
4870.22648988775  1.073877E-13
4870.27105036822  1.202621E-13
4870.31559565757  1.159576E-13
4870.36012575663  1.264146E-13
4870.40464066623  1.082192E-13
4870.44914038721  1.464394E-13
4870.49362492042  1.286627E-13
4870.53809426666  1.368776E-13
4870.58254842678  1.218454E-13
4870.62698740159  1.163106E-13
4870.67141119192  1.309256E-13
4870.71581979859  1.397424E-13
4870.7602132224  1.204937E-13
4870.80459146417  1.439733E-13
4870.84895452472  1.248524E-13
4870.89330240485  1.169846E-13
4870.93763510535  1.129511E-13
4870.98195262705  1.373580E-13
4871.02625497072  1.210363E-13
4871.07054213718  1.275400E-13
4871.11481412721  1.220290E-13
4871.1590709416  1.319356E-13
4871.20331258114  1.157220E-13
4871.24753904661  1.397730E-13
4871.2917503388  1.074333E-13
4871.33594645848  1.061690E-13
4871.38012740643  1.093787E-13
4871.42429318343  1.251816E-13
4871.46844379024  1.238246E-13
4871.51257922762  1.203834E-13
4871.55669949636  1.207915E-13
4871.6008045972  1.122439E-13
4871.6448945309  1.370774E-13
4871.68896929823  1.116625E-13
4871.73302889993  1.221990E-13
4871.77707333675  1.201936E-13
4871.82110260945  1.409388E-13
4871.86511671876  1.392540E-13
4871.90911566542  1.439678E-13
4871.95309945019  1.241653E-13
4871.99706807378  1.399073E-13
4872.04102153694  1.090457E-13
4872.08495984039  1.438225E-13
4872.12888298487  1.365425E-13
4872.17279097108  1.308096E-13
4872.21668379977  1.339971E-13
4872.26056147164  1.391459E-13
4872.30442398741  1.170897E-13
4872.34827134779  1.180483E-13
4872.39210355349  1.202318E-13
4872.43592060522  1.201430E-13
4872.47972250368  1.270965E-13
4872.52350924958  1.214934E-13
4872.5672808436  1.237424E-13
4872.61103728645  1.341781E-13
4872.65477857882  1.210241E-13
4872.69850472139  1.253328E-13
4872.74221571486  1.111027E-13
4872.7859115599  1.160830E-13
4872.8295922572  1.044114E-13
4872.87325780742  9.868249E-14
4872.91690821126  1.093747E-13
4872.96054346937  1.225898E-13
4873.00416358243  1.023043E-13
4873.04776855111  1.183904E-13
4873.09135837605  1.289253E-13
4873.13493305793  1.258459E-13
4873.1784925974  1.177529E-13
4873.22203699512  1.482192E-13
4873.26556625172  1.069413E-13
4873.30908036787  1.137978E-13
4873.35257934421  1.255175E-13
4873.39606318137  1.361273E-13
4873.43953188  1.296798E-13
4873.48298544074  9.822830E-14
4873.5264238642  1.028245E-13
4873.56984715104  1.322260E-13
4873.61325530186  1.131643E-13
4873.6566483173  1.376358E-13
4873.70002619797  1.085698E-13
4873.7433889445  1.249617E-13
4873.78673655749  1.164022E-13
4873.83006903757  1.465179E-13
4873.87338638533  1.358550E-13
4873.91668860139  1.383855E-13
4873.95997568634  1.328901E-13
4874.00324764079  1.293724E-13
4874.04650446533  1.294210E-13
4874.08974616056  1.359528E-13
4874.13297272707  1.495719E-13
4874.17618416544  1.206702E-13
4874.21938047626  1.463280E-13
4874.26256166011  1.247130E-13
4874.30572771757  1.085836E-13
4874.34887864921  1.291981E-13
4874.39201445561  1.510081E-13
4874.43513513734  1.195872E-13
4874.47824069496  1.470849E-13
4874.52133112904  1.376024E-13
4874.56440644013  1.328206E-13
4874.6074666288  1.080204E-13
4874.65051169559  1.423638E-13
4874.69354164107  1.272909E-13
4874.73655646577  1.328354E-13
4874.77955617025  1.271447E-13
4874.82254075504  1.418562E-13
4874.86551022068  1.472456E-13
4874.90846456771  1.300245E-13
4874.95140379666  1.463404E-13
4874.99432790807  1.397297E-13
4875.03723690246  1.102331E-13
4875.08013078035  1.349912E-13
4875.12300954226  1.215866E-13
4875.16587318871  1.170677E-13
4875.20872172022  1.458270E-13
4875.25155513729  1.222461E-13
4875.29437344044  1.395684E-13
4875.33717663017  9.868933E-14
4875.37996470699  1.233950E-13
4875.42273767138  1.094060E-13
4875.46549552385  1.446690E-13
4875.5082382649  1.167945E-13
4875.550965895  1.266732E-13
4875.59367841465  1.367672E-13
4875.63637582434  1.178454E-13
4875.67905812454  1.414835E-13
4875.72172531573  1.307572E-13
4875.76437739838  9.672037E-14
4875.80701437297  1.213970E-13
4875.84963623996  2.008778E-13
4875.89224299982  1.341094E-13
4875.93483465302  1.230319E-13
4875.9774112  1.417483E-13
4876.01997264123  1.391779E-13
4876.06251897717  1.363396E-13
4876.10505020825  1.262462E-13
4876.14756633493  1.331259E-13
4876.19006735765  1.467274E-13
4876.23255327685  1.413771E-13
4876.27502409296  1.445548E-13
4876.31747980643  1.253290E-13
4876.35992041769  1.295086E-13
4876.40234592716  9.559159E-14
4876.44475633526  1.165545E-13
4876.48715164242  1.264172E-13
4876.52953184906  1.589275E-13
4876.57189695559  1.153895E-13
4876.61424696243  1.619882E-13
4876.65658186998  1.183087E-13
4876.69890167866  1.961951E-13
4876.74120638886  1.370625E-13
4876.78349600098  1.195741E-13
4876.82577051543  1.253257E-13
4876.8680299326  1.363172E-13
4876.91027425287  1.167049E-13
4876.95250347664  1.497395E-13
4876.99471760428  1.221479E-13
4877.03691663618  1.729652E-13
4877.07910057273  1.531503E-13
4877.12126941429  1.460513E-13
4877.16342316124  1.770303E-13
4877.20556181394  1.666707E-13
4877.24768537276  1.015707E-13
4877.28979383807  1.364235E-13
4877.33188721022  1.541655E-13
4877.37396548957  1.277003E-13
4877.41602867647  1.290127E-13
4877.45807677128  1.287726E-13
4877.50010977434  1.254646E-13
4877.54212768599  9.272497E-14
4877.58413050658  1.143785E-13
4877.62611823645  1.208741E-13
4877.66809087592  1.042049E-13
4877.71004842532  1.212291E-13
4877.751990885  1.338910E-13
4877.79391825527  1.173605E-13
4877.83583053646  1.101341E-13
4877.87772772888  1.205250E-13
4877.91960983285  1.250236E-13
4877.96147684868  1.362227E-13
4878.00332877668  1.283297E-13
4878.04516561716  1.246960E-13
4878.08698737043  1.271730E-13
4878.12879403677  1.105804E-13
4878.1705856165  1.485165E-13
4878.21236210989  1.310547E-13
4878.25412351725  1.307171E-13
4878.29586983886  1.547484E-13
4878.33760107501  1.278311E-13
4878.37931722597  1.236894E-13
4878.42101829203  1.461247E-13
4878.46270427345  1.224836E-13
4878.50437517052  1.354533E-13
4878.5460309835  1.326738E-13
4878.58767171265  1.363283E-13
4878.62929735824  1.299321E-13
4878.67090792054  1.371953E-13
4878.71250339978  1.267115E-13
4878.75408379623  1.512607E-13
4878.79564911014  1.264245E-13
4878.83719934175  1.286853E-13
4878.87873449131  1.498772E-13
4878.92025455906  1.427570E-13
4878.96175954523  1.644115E-13
4879.00324945006  1.481866E-13
4879.04472427378  1.491391E-13
4879.08618401662  1.411654E-13
4879.1276286788  1.213989E-13
4879.16905826054  1.531764E-13
4879.21047276207  1.238801E-13
4879.2518721836  1.455077E-13
4879.29325652533  1.206970E-13
4879.33462578749  1.347060E-13
4879.37597997027  1.374784E-13
4879.41731907388  1.420683E-13
4879.45864309851  1.541012E-13
4879.49995204438  1.364916E-13
4879.54124591165  9.258849E-14
4879.58252470054  1.212686E-13
4879.62378841122  1.215214E-13
4879.66503704387  1.283396E-13
4879.70627059869  1.347687E-13
4879.74748907584  1.296342E-13
4879.7886924755  1.235764E-13
4879.82988079785  1.149372E-13
4879.87105404304  1.264780E-13
4879.91221221126  1.185741E-13
4879.95335530264  1.183527E-13
4879.99448331737  1.308247E-13
4880.03559625558  1.094121E-13
4880.07669411744  1.417808E-13
4880.11777690309  1.425473E-13
4880.15884461268  1.283401E-13
4880.19989724635  1.212736E-13
4880.24093480425  1.367330E-13
4880.2819572865  1.249263E-13
4880.32296469325  1.543909E-13
4880.36395702462  1.541807E-13
4880.40493428074  1.290379E-13
4880.44589646173  1.414441E-13
4880.48684356772  1.404564E-13
4880.52777559882  1.454022E-13
4880.56869255515  1.466719E-13
4880.60959443681  1.660971E-13
4880.65048124393  1.651659E-13
4880.6913529766  1.158635E-13
4880.73220963492  1.138291E-13
4880.773051219  1.337530E-13
4880.81387772892  1.718828E-13
4880.85468916479  1.105446E-13
4880.8954855267  1.302720E-13
4880.93626681472  1.201579E-13
4880.97703302894  1.068731E-13
4881.01778416944  1.261798E-13
4881.0585202363  1.117193E-13
4881.0992412296  1.198549E-13
4881.1399471494  1.502931E-13
4881.18063799577  1.480485E-13
4881.22131376878  1.336978E-13
4881.26197446848  1.472767E-13
4881.30262009494  1.666662E-13
4881.34325064821  1.168646E-13
4881.38386612835  1.011794E-13
4881.42446653539  1.657749E-13
4881.46505186939  1.880913E-13
4881.50562213039  1.332915E-13
4881.54617731844  1.488523E-13
4881.58671743355  1.488824E-13
4881.62724247578  1.611784E-13
4881.66775244514  1.559504E-13
4881.70824734167  1.263963E-13
4881.74872716539  1.473403E-13
4881.78919191632  1.487499E-13
4881.82964159447  1.008287E-13
4881.87007619987  1.298528E-13
4881.91049573252  9.836045E-14
4881.95090019243  1.171059E-13
4881.99128957961  1.126481E-13
4882.03166389406  1.454465E-13
4882.07202313577  1.229463E-13
4882.11236730475  1.328793E-13
4882.15269640098  1.383538E-13
4882.19301042446  1.654730E-13
4882.23330937517  1.601845E-13
4882.27359325309  1.207053E-13
4882.31386205821  1.342068E-13
4882.3541157905  1.184329E-13
4882.39435444994  1.447262E-13
4882.43457803649  1.553936E-13
4882.47478655012  9.594155E-14
4882.5149799908  7.999351E-14
4882.5551583585  1.458094E-13
4882.59532165316  1.221586E-13
4882.63546987474  1.295817E-13
4882.6756030232  1.157542E-13
4882.71572109848  1.119897E-13
4882.75582410054  1.307610E-13
4882.7959120293  1.057200E-13
4882.83598488472  1.137288E-13
4882.87604266673  1.214960E-13
4882.91608537526  1.554440E-13
4882.95611301024  1.077674E-13
4882.9961255716  1.415180E-13
4883.03612305927  1.675053E-13
4883.07610547316  1.865576E-13
4883.1160728132  1.416947E-13
4883.15602507929  1.041257E-13
4883.19596227136  1.782143E-13
4883.2358843893  1.522441E-13
4883.27579143302  1.323984E-13
4883.31568340244  1.466858E-13
4883.35556029743  1.421481E-13
4883.39542211791  1.397019E-13
4883.43526886377  1.688399E-13
4883.47510053489  1.153461E-13
4883.51491713116  1.557751E-13
4883.55471865247  1.694353E-13
4883.5945050987  1.359767E-13
4883.63427646972  1.668550E-13
4883.67403276541  1.627923E-13
4883.71377398564  1.446013E-13
4883.75350013028  1.361778E-13
4883.7932111992  1.400565E-13
4883.83290719225  1.238153E-13
4883.87258810931  1.642904E-13
4883.91225395021  1.552614E-13
4883.95190471482  1.165710E-13
4883.99154040298  1.603236E-13
4884.03116101455  1.255477E-13
4884.07076654937  2.154915E-13
4884.11035700727  1.410351E-13
4884.1499323881  1.474395E-13
4884.18949269169  1.543689E-13
4884.22903791787  1.337016E-13
4884.26856806647  1.263138E-13
4884.30808313732  9.455822E-14
4884.34758313023  9.644666E-14
4884.38706804504  1.346572E-13
4884.42653788155  9.621547E-14
4884.46599263957  1.299344E-13
4884.50543231892  1.553238E-13
4884.54485691941  1.676501E-13
4884.58426644084  1.471046E-13
4884.623660883  1.454784E-13
4884.66304024571  1.267820E-13
4884.70240452874  1.460625E-13
4884.7417537319  1.529620E-13
4884.78108785498  7.400810E-14
4884.82040689775  1.350486E-13
4884.85971086001  1.344929E-13
4884.89899974152  1.554662E-13
4884.93827354208  1.296797E-13
4884.97753226145  1.481424E-13
4885.0167758994  1.732078E-13
4885.0560044557  1.290405E-13
4885.09521793011  1.097976E-13
4885.13441632241  1.028023E-12
4885.17359963233  1.440891E-13
4885.21276785965  1.627109E-13
4885.2519210041  1.343843E-13
4885.29105906545  1.660762E-13
4885.33018204344  1.691362E-13
4885.36928993781  1.423038E-13
4885.4083827483  1.849349E-13
4885.44746047465  1.597557E-13
4885.48652311659  1.160827E-13
4885.52557067385  1.392256E-13
4885.56460314617  1.737572E-13
4885.60362053327  1.580452E-13
4885.64262283487  1.685859E-13
4885.68161005068  1.539182E-13
4885.72058218043  1.076590E-13
4885.75953922383  1.462314E-13
4885.79848118058  1.491136E-13
4885.83740805041  1.248999E-13
4885.876319833  1.253900E-13
4885.91521652806  1.459951E-13
4885.95409813529  8.265496E-14
4885.99296465439  1.408488E-13
4886.03181608504  9.484920E-14
4886.07065242693  1.481850E-13
4886.10947367976  1.405850E-13
4886.1482798432  1.635813E-13
4886.18707091693  1.174843E-13
4886.22584690064  1.292143E-13
4886.26460779399  1.547853E-13
4886.30335359666  1.380627E-13
4886.34208430831  1.687777E-13
4886.38079992861  1.140988E-13
4886.41950045723  1.783996E-13
4886.45818589382  1.468922E-13
4886.49685623803  9.465002E-14
4886.53551148953  1.364938E-13
4886.57415164795  1.394543E-13
4886.61277671296  1.277510E-13
4886.65138668419  1.502505E-13
4886.68998156128  1.389051E-13
4886.72856134388  2.470327E-13
4886.76712603161  1.532734E-13
4886.80567562412  1.432344E-13
4886.84421012102  1.201358E-13
4886.88272952195  1.684055E-13
4886.92123382653  1.377087E-13
4886.95972303438  1.460430E-13
4886.99819714512  1.497568E-13
4887.03665615837  1.272912E-13
4887.07510007372  1.271372E-13
4887.11352889081  1.720384E-13
4887.15194260922  1.362087E-13
4887.19034122857  1.738812E-13
4887.22872474844  1.706341E-13
4887.26709316845  1.641761E-13
4887.30544648818  1.897846E-13
4887.34378470722  1.601254E-13
4887.38210782517  1.974682E-13
4887.42041584161  1.247307E-13
4887.45870875612  1.304360E-13
4887.49698656828  1.456079E-13
4887.53524927766  1.259775E-13
4887.57349688384  1.373186E-13
4887.61172938639  7.937888E-14
4887.64994678489  1.867110E-13
4887.68814907889  1.907926E-13
4887.72633626795  1.351863E-13
4887.76450835163  1.649076E-13
4887.8026653295  1.541600E-13
4887.8408072011  1.615873E-13
4887.87893396598  1.645432E-13
4887.91704562369  1.395422E-13
4887.95514217378  1.305083E-13
4887.99322361578  1.456203E-13
4888.03128994924  1.527059E-13
4888.06934117369  1.217128E-13
4888.10737728866  1.704722E-13
4888.14539829369  1.253973E-13
4888.1834041883  1.509324E-13
4888.22139497201  1.534654E-13
4888.25937064434  1.467627E-13
4888.29733120482  1.696576E-13
4888.33527665296  1.842398E-13
4888.37320698827  1.546378E-13
4888.41112221026  1.436011E-13
4888.44902231844  1.834180E-13
4888.48690731231  1.796597E-13
4888.52477719138  1.574888E-13
4888.56263195513  1.775511E-13
4888.60047160307  1.469346E-13
4888.63829613469  1.166439E-13
4888.67610554948  1.997833E-13
4888.71389984692  1.455280E-13
4888.75167902649  1.580649E-13
4888.78944308769  1.300331E-13
4888.82719202999  1.425808E-13
4888.86492585285  1.503545E-13
4888.90264455577  1.203412E-13
4888.94034813819  1.774307E-13
4888.9780365996  1.266833E-13
4889.01570993945  1.604884E-13
4889.0533681572  1.899767E-13
4889.09101125232  1.148953E-13
4889.12863922425  1.183043E-13
4889.16625207246  1.835348E-13
4889.20384979639  1.343074E-13
4889.24143239548  1.528704E-13
4889.27899986918  1.208195E-13
4889.31655221694  1.247377E-13
4889.35408943818  1.411600E-13
4889.39161153235  1.495582E-13
4889.42911849887  1.232005E-13
4889.46661033719  1.223884E-13
4889.50408704671  1.125023E-13
4889.54154862688  2.035570E-13
4889.5789950771  1.823837E-13
4889.6164263968  1.184426E-13
4889.65384258539  1.650703E-13
4889.69124364229  1.511909E-13
4889.7286295669  1.774099E-13
4889.76600035863  1.029115E-13
4889.80335601689  1.906131E-13
4889.84069654108  1.268009E-13
4889.8780219306  1.323735E-13
4889.91533218484  1.570824E-13
4889.95262730319  7.797940E-14
4889.98990728505  7.661852E-14
4890.0271721298  1.714249E-13
4890.06442183683  1.932471E-13
4890.10165640552  1.494626E-13
4890.13887583525  1.368756E-13
4890.17608012539  1.850141E-13
4890.21326927532  2.307270E-13
4890.25044328441  1.720734E-13
4890.28760215203  1.513096E-13
4890.32474587754  1.022757E-13
4890.36187446031  8.184013E-14
4890.39898789969  1.227194E-13
4890.43608619504  1.090897E-13
4890.47316934572  1.597455E-13
4890.51023735107  1.021965E-13
4890.54729021045  1.665132E-13
4890.5843279232  1.205240E-13
4890.62135048866  1.480701E-13
4890.65835790618  2.051310E-13
4890.69535017508  1.281408E-13
4890.73232729472  2.003678E-13
4890.76928926441  1.808296E-13
4890.80623608349  2.241025E-13
4890.84316775128  1.726878E-13
4890.88008426711  2.650283E-13
4890.9169856303  1.385697E-13
4890.95387184017  1.516742E-13
4890.99074289603  1.768325E-13
4891.02759879719  1.865917E-13
4891.06443954297  1.473665E-13
4891.10126513267  1.521676E-13
4891.1380755656  1.212555E-13
4891.17487084105  1.525744E-13
4891.21165095834  1.686989E-13
4891.24841591674  1.609919E-13
4891.28516571557  1.964149E-13
4891.3219003541  1.396594E-13
4891.35861983163  1.284777E-13
4891.39532414745  2.410889E-13
4891.43201330083  2.071562E-13
4891.46868729105  1.766914E-13
4891.5053461174  7.579455E-14
4891.54198977914  1.325664E-13
4891.57861827555  2.251045E-13
4891.6152316059  1.548966E-13
4891.65182976946  1.401215E-13
4891.68841276548  9.940542E-14
4891.72498059324  1.764253E-13
4891.76153325198  9.505706E-14
4891.79807074096  1.474649E-13
4891.83459305945  1.055610E-13
4891.87110020668  1.219747E-13
4891.9075921819  1.862411E-13
4891.94406898437  1.621356E-13
4891.98053061332  2.210780E-13
4892.01697706799  1.248573E-13
4892.05340834762  2.279361E-13
4892.08982445144  4.586283E-14
4892.12622537869  1.950648E-13
4892.16261112859  1.362571E-13
4892.19898170037  1.609609E-13
4892.23533709326  1.495017E-13
4892.27167730647  1.429858E-13
4892.30800233922  1.914703E-13
4892.34431219073  9.339059E-14
4892.38060686021  1.836838E-13
4892.41688634688  1.900592E-13
4892.45315064994  1.357382E-13
4892.48939976859  1.366576E-13
4892.52563370203  2.241895E-13
4892.56185244948  1.860739E-13
4892.59805601011  1.636231E-13
4892.63424438314  1.866397E-13
4892.67041756775  2.566461E-13
4892.70657556312  1.436177E-13
4892.74271836845  3.018529E-13
4892.77884598292  1.855408E-13
4892.81495840571  1.965699E-13
4892.851055636  1.206339E-13
4892.88713767297  8.712738E-14
4892.92320451579  1.765867E-13
4892.95925616362  1.544711E-13
4892.99529261565  1.663359E-13
4893.03131387102  1.386577E-13
4893.06731992892  1.865108E-13
4893.10331078849  1.203640E-13
4893.13928644889  1.461956E-13
4893.17524690928  1.162259E-13
4893.21119216882  1.821824E-13
4893.24712222665  1.665543E-13
4893.28303708191  1.798771E-13
4893.31893673376  2.273876E-13
4893.35482118134  1.834018E-13
4893.39069042378  1.482638E-13
4893.42654446022  1.260775E-13
4893.46238328981  3.808590E-13
4893.49820691165  1.210015E-13
4893.5340153249  1.517550E-13
4893.56980852867  1.998151E-13
4893.60558652209  2.162294E-13
4893.64134930427  2.420661E-13
4893.67709687435  2.427011E-13
4893.71282923143  9.817753E-14
4893.74854637463  -3.421857E-14
4893.78424830306  2.160389E-13
4893.81993501582  1.948447E-13
4893.85560651203  1.826819E-13
4893.89126279078  1.499410E-13
4893.92690385119  2.070158E-13
4893.96252969233  1.535089E-13
4893.99814031332  2.002219E-13
4894.03373571325  1.491123E-13
4894.0693158912  9.357432E-14
4894.10488084627  2.043359E-13
4894.14043057753  7.802690E-14
4894.17596508408  2.559034E-13
4894.21148436498  1.250539E-13
4894.24698841933  1.637873E-13
4894.2824772462  1.017313E-13
4894.31795084465  1.760913E-13
4894.35340921376  5.757542E-14
4894.3888523526  1.793129E-13
4894.42428026023  1.550766E-13
4894.45969293571  1.469201E-13
4894.49509037811  1.771630E-13
4894.53047258648  2.942465E-13
4894.56583955988  2.105826E-13
4894.60119129736  1.991659E-13
4894.63652779796  5.305206E-14
4894.67184906075  6.094289E-14
4894.70715508476  7.179943E-14
4894.74244586903  2.107758E-13
4894.7777214126  1.134995E-13
4894.81298171452  1.862056E-13
4894.84822677382  3.506403E-13
4894.88345658952  1.369645E-13
4894.91867116067  1.250664E-13
4894.95387048628  1.279355E-13
4894.98905456539  1.594985E-13
4895.02422339701  1.320111E-13
4895.05937698016  2.061298E-13
4895.09451531387  1.625704E-13
4895.12963839714  1.114037E-13
4895.164746229  -2.894842E-14
4895.19983880844  2.499256E-13
4895.23491613448  6.027403E-14
4895.26997820612  1.517420E-13
4895.30502502237  1.598727E-13
4895.34005658222  1.828341E-13
4895.37507288468  2.308286E-13
4895.41007392874  1.304114E-13
4895.44505971338  2.020068E-13
4895.48003023761  1.453073E-13
4895.5149855004  1.190670E-13
4895.54992550075  2.386676E-13
4895.58485023763  2.543299E-13
4895.61975971004  2.286923E-13
4895.65465391693  2.092592E-13
4895.6895328573  2.364896E-13
4895.72439653011  3.251883E-13
4895.75924493434  3.777511E-13
4895.79407806894  3.496268E-13
4895.8288959329  6.407104E-14
4895.86369852517  2.079364E-13
4895.89848584471  1.686161E-13
4895.93325789047  1.709837E-13
4895.96801466143  2.353262E-13
4896.00275615653  2.250954E-13
4896.03748237471  9.380809E-14
4896.07219331494  1.297700E-13
4896.10688897615  4.085486E-14
4896.14156935729  1.488915E-13
4896.1762344573  1.809794E-13
4896.21088427512  7.253115E-14
4896.24551880968  1.649526E-13
4896.28013805993  1.970583E-13
4896.31474202479  1.844987E-13
4896.34933070318  2.248379E-13
4896.38390409405  2.541586E-13
4896.4184621963  2.028853E-13
4896.45300500887  1.777176E-13
4896.48753253068  2.614678E-13
4896.52204476063  2.907470E-13
4896.55654169765  1.729980E-13
4896.59102334065  1.127415E-13
4896.62548968853  1.620713E-13
4896.65994074021  1.964753E-13
4896.69437649458  2.554515E-13
4896.72879695057  1.498890E-13
4896.76320210705  1.045127E-13
4896.79759196294  1.862228E-13
4896.83196651712  1.816296E-13
4896.86632576849  1.787468E-13
4896.90066971595  2.441616E-13
4896.93499835837  1.100864E-13
4896.96931169464  2.104630E-13
4897.00360972366  1.972327E-13
4897.03789244429  1.890751E-13
4897.07215985542  3.745896E-14
4897.10641195593  1.939056E-13
4897.14064874469  2.527630E-13
4897.17487022056  1.574511E-13
4897.20907638243  1.847429E-13
4897.24326722916  1.469764E-13
4897.27744275961  2.969821E-13
4897.31160297264  1.673524E-13
4897.34574786712  2.231108E-13
4897.37987744189  1.747333E-13
4897.41399169583  1.856651E-13
4897.44809062777  1.304336E-13
4897.48217423658  1.190239E-13
4897.51624252109  1.570432E-13
4897.55029548016  3.392432E-14
4897.58433311262  2.176963E-13
4897.61835541732  2.407332E-13
4897.6523623931  2.204100E-13
4897.6863540388  1.590262E-13
4897.72033035324  1.589195E-13
4897.75429133526  4.001985E-14
4897.78823698369  1.333189E-13
4897.82216729736  2.041427E-13
4897.85608227508  2.801651E-13
4897.88998191569  2.472105E-13
4897.923866218  1.184862E-13
4897.95773518084  2.257704E-13
4897.991588803  1.446011E-13
4898.02542708332  2.756834E-13
4898.0592500206  1.546078E-13
4898.09305761365  1.010780E-13
4898.12684986126  -3.430353E-14
4898.16062676226  1.995087E-13
4898.19438831543  7.656372E-14
4898.22813451959  1.861439E-13
4898.26186537352  1.870190E-14
4898.29558087602  2.779433E-13
4898.32928102588  1.242688E-13
4898.36296582189  1.730380E-13
4898.39663526284  2.443913E-13
4898.43028934751  2.191677E-13
4898.46392807469  9.133970E-14
4898.49755144316  6.184280E-14
4898.5311594517  2.831079E-14
4898.56475209907  1.613508E-13
4898.59832938407  -8.217463E-15
4898.63189130545  3.606326E-13
4898.66543786198  1.791879E-13
4898.69896905244  3.389206E-15
4898.73248487559  3.029904E-13
4898.76598533018  1.270619E-13
4898.79947041499  1.032054E-13
4898.83294012876  6.809393E-14
4898.86639447026  2.821008E-14
4898.89983343823  2.498148E-13
4898.93325703143  7.026114E-14
4898.9666652486  1.904757E-13
4899.00005808849  2.033120E-13
4899.03343554986  2.963804E-13
4899.06679763142  2.121601E-13
4899.10014433193  1.600668E-13
4899.13347565013  2.122817E-13
4899.16679158474  2.124938E-13
4899.20009213451  -8.502072E-14
4899.23337729815  6.027498E-14
4899.26664707441  1.611062E-13
4899.299901462  6.967565E-14
4899.33314045964  1.694355E-13
4899.36636406607  4.966372E-14
4899.39957228  2.662142E-13
4899.43276510014  3.842466E-13
4899.46594252521  2.205323E-13
4899.49910455392  4.445417E-13
4899.53225118498  1.162706E-13
4899.5653824171  3.465546E-13
4899.59849824899  1.724979E-13
4899.63159867934  9.672288E-14
4899.66468370687  2.782520E-13
4899.69775333026  3.223576E-13
4899.73080754821  3.628659E-13
4899.76384635942  1.186899E-14
4899.79686976258  2.784562E-13
4899.82987775638  2.966791E-13
4899.86287033951  1.927876E-13
4899.89584751064  2.389299E-13
4899.92880926848  4.327363E-14
4899.96175561169  7.988485E-14
4899.99468653895  1.596766E-13
4900.02760204894  3.050542E-13
4900.06050214033  1.001574E-13
4900.09338681181  2.590256E-13
4900.12625606202  4.539989E-14
4900.15910988965  3.131640E-13
4900.19194829335  3.215523E-13
4900.2247712718  1.314473E-13
4900.25757882364  1.762795E-14
4900.29037094755  6.142483E-14
4900.32314764216  2.639924E-13
4900.35590890615  2.488994E-13
4900.38865473816  -6.147659E-14
4900.42138513684  1.415441E-13
4900.45410010083  1.691689E-13
4900.48679962878  1.824446E-13
4900.51948371934  2.418367E-13
4900.55215237115  2.028068E-13
4900.58480558283  2.154620E-13
4900.61744335304  1.918637E-13
4900.6500656804  1.450345E-13
4900.68267256354  9.125950E-14
4900.7152640011  1.022658E-13
4900.7478399917  -8.917831E-15
4900.78040053397  3.487537E-13
4900.81294562652  1.974673E-13
4900.84547526798  1.492138E-13
4900.87798945697  3.019483E-13
