4659.65151275006  2.900482E-12
4659.71284873238  4.022259E-13
4659.77417113934  6.555801E-13
4659.83547996163  -1.594683E-12
4659.89677518998  -3.286627E-13
4659.95805681514  -5.462361E-13
4660.01932482789  -1.718091E-13
4660.08057921904  5.287958E-13
4660.14181997943  3.687334E-13
4660.20304709994  7.706735E-13
4660.26426057147  9.804673E-13
4660.32546038494  -6.790117E-13
4660.38664653133  2.855018E-12
4660.44781900163  -3.859008E-14
4660.50897778684  3.228931E-13
4660.57012287804  2.508782E-13
4660.6312542663  -1.812599E-14
4660.69237194273  -5.867720E-13
4660.75347589847  2.426598E-12
4660.8145661247  4.007096E-13
4660.87564261261  1.821548E-12
4660.93670535343  -2.987390E-12
4660.99775433842  1.276081E-14
4661.05878955887  1.599264E-12
4661.11981100609  1.381348E-12
4661.18081867144  -1.014387E-12
4661.24181254628  7.890343E-13
4661.30279262203  2.224527E-12
4661.36375889012  1.140319E-12
4661.42471134201  -2.242372E-13
4661.48564996918  -7.102521E-13
4661.54657476318  5.686206E-13
4661.60748571553  2.776900E-13
4661.66838281782  3.975345E-13
4661.72926606167  5.800133E-13
4661.7901354387  -2.742606E-13
4661.85099094057  8.410735E-14
4661.91183255899  1.969568E-12
4661.97266028566  1.080045E-12
4662.03347411235  -2.106366E-13
4662.09427403083  -1.000618E-13
4662.15506003291  -1.073932E-13
4662.21583211042  6.666843E-13
4662.27659025522  1.390800E-12
4662.33733445921  4.226109E-13
4662.3980647143  9.999989E-13
4662.45878101245  6.580888E-13
4662.51948334563  3.979558E-13
4662.58017170583  7.311758E-13
4662.6408460851  4.823574E-13
4662.70150647549  3.305813E-13
4662.76215286909  6.390340E-13
4662.82278525801  8.986023E-13
4662.8834036344  4.967494E-14
4662.94400799042  1.500665E-13
4663.00459831828  -2.765121E-13
4663.06517461019  -2.270155E-13
4663.12573685841  2.816308E-13
4663.18628505522  3.821368E-13
4663.24681919293  1.523889E-12
4663.30733926387  1.507011E-14
4663.3678452604  4.562011E-15
4663.42833717491  7.488907E-14
4663.48881499983  5.853039E-13
4663.54927872758  -3.130640E-13
4663.60972835064  2.977260E-13
4663.6701638615  4.648640E-13
4663.7305852527  2.668267E-13
4663.79099251679  6.262835E-13
4663.85138564633  -2.401549E-13
4663.91176463393  1.356101E-12
4663.97212947223  2.037643E-13
4664.03248015389  1.194140E-13
4664.09281667158  9.878654E-13
4664.15313901802  2.677150E-13
4664.21344718594  1.514086E-12
4664.27374116811  6.917607E-14
4664.33402095732  5.956325E-13
4664.39428654639  7.239717E-13
4664.45453792816  7.415181E-13
4664.51477509549  7.320027E-13
4664.57499804128  1.801589E-13
4664.63520675845  7.178618E-13
4664.69540123996  4.722146E-13
4664.75558147877  8.325339E-13
4664.81574746788  1.044816E-12
4664.87589920033  5.003065E-13
4664.93603666915  3.459741E-13
4664.99615986742  4.608297E-13
4665.05626878825  3.823146E-13
4665.11636342477  8.947911E-13
4665.17644377013  2.492241E-13
4665.23650981751  2.911694E-14
4665.29656156012  -2.008188E-13
4665.35659899118  8.051208E-14
4665.41662210395  1.115073E-12
4665.47663089171  4.801941E-13
4665.53662534777  1.362129E-13
4665.59660546546  3.741837E-14
4665.65657123814  -1.990675E-13
4665.71652265919  1.189292E-12
4665.77645972202  1.904275E-13
4665.83638242005  3.808408E-13
4665.89629074676  3.313520E-13
4665.95618469561  -3.475791E-14
4666.01606426012  5.196138E-13
4666.07592943381  9.857782E-14
4666.13578021026  1.578856E-13
4666.19561658303  2.678082E-13
4666.25543854573  6.404653E-13
4666.315246092  -2.605832E-14
4666.3750392155  -2.981125E-13
4666.43481790989  1.485769E-13
4666.49458216889  -1.055858E-14
4666.55433198622  -9.973845E-14
4666.61406735564  -6.440768E-15
4666.67378827093  5.142747E-13
4666.73349472589  5.717431E-13
4666.79318671434  5.979310E-13
4666.85286423014  4.611830E-13
4666.91252726716  2.519364E-13
4666.9721758193  1.744007E-13
4667.03180988049  3.712832E-14
4667.09142944466  3.750093E-13
4667.15103450579  1.690628E-13
4667.21062505788  6.858845E-13
4667.27020109495  1.242475E-12
4667.32976261103  1.660648E-13
4667.38930960019  -1.059626E-13
4667.44884205653  6.254169E-13
4667.50835997415  4.428611E-13
4667.5678633472  -1.605109E-13
4667.62735216983  3.121731E-13
4667.68682643623  2.084235E-13
4667.7462861406  -1.053234E-14
4667.80573127718  8.055301E-13
4667.86516184023  3.826609E-13
4667.92457782401  4.955620E-13
4667.98397922283  7.860280E-13
4668.04336603102  2.022107E-13
4668.10273824291  6.508750E-13
4668.16209585289  1.665813E-13
4668.22143885534  3.214386E-13
4668.28076724468  5.044399E-13
4668.34008101536  6.098232E-13
4668.39938016182  4.573890E-13
4668.45866467857  5.596489E-13
4668.51793456009  5.611096E-13
4668.57718980094  3.280759E-14
4668.63643039565  3.777126E-13
4668.69565633881  1.462466E-13
4668.75486762501  -4.796282E-14
4668.81406424888  2.530319E-13
4668.87324620505  -3.364218E-14
4668.9324134882  -3.372626E-14
4668.99156609302  -5.702058E-14
4669.0507040142  8.128229E-14
4669.10982724649  6.395612E-13
4669.16893578465  2.023033E-13
4669.22802962344  2.433563E-13
4669.28710875767  9.058321E-14
4669.34617318217  3.673922E-13
4669.40522289177  2.271252E-13
4669.46425788134  3.159839E-13
4669.52327814577  1.982277E-13
4669.58228367997  2.714366E-14
4669.64127447887  5.924254E-13
4669.70025053743  6.279702E-13
4669.75921185061  1.022965E-13
4669.81815841343  3.378817E-13
4669.87709022088  9.521660E-14
4669.93600726803  -2.716015E-14
4669.99490954992  2.733084E-13
4670.05379706164  1.633466E-13
4670.1126697983  4.231896E-13
4670.17152775502  3.838891E-14
4670.23037092696  1.477207E-13
4670.28919930927  6.421521E-13
4670.34801289715  3.418395E-13
4670.40681168582  -1.107339E-13
4670.4655956705  3.888759E-13
4670.52436484645  2.861453E-13
4670.58311920895  5.377559E-13
4670.64185875329  4.618671E-13
4670.70058347478  1.909818E-13
4670.75929336878  6.077679E-13
4670.81798843062  8.653673E-14
4670.87666865571  1.342382E-13
4670.93533403943  3.062544E-13
4670.99398457721  2.932326E-13
4671.0526202645  2.500715E-13
4671.11124109674  1.632862E-13
4671.16984706944  -3.854329E-14
4671.22843817809  5.577600E-13
4671.28701441821  4.516365E-14
4671.34557578536  2.254604E-13
4671.4041222751  1.803098E-13
4671.46265388302  1.325240E-13
4671.52117060471  2.186468E-13
4671.57967243582  2.416213E-13
4671.63815937198  2.980901E-13
4671.69663140887  1.636163E-13
4671.75508854217  3.160339E-13
4671.81353076759  -1.033322E-13
4671.87195808085  3.450457E-13
4671.93037047772  4.512927E-13
4671.98876795394  4.192667E-14
4672.04715050532  2.221846E-13
4672.10551812766  2.686136E-15
4672.16387081678  4.391883E-13
4672.22220856854  3.424659E-13
4672.28053137881  2.929883E-14
4672.33883924346  -3.343677E-14
4672.3971321584  1.644020E-13
4672.45541011957  1.943021E-13
4672.51367312291  2.255559E-13
4672.57192116438  2.435787E-13
4672.63015423997  1.835345E-13
4672.68837234569  1.612010E-13
4672.74657547755  8.216279E-14
4672.8047636316  3.041914E-13
4672.8629368039  2.190632E-13
4672.92109499054  1.565657E-13
4672.97923818761  2.877940E-13
4673.03736639124  3.282464E-13
4673.09547959756  1.830871E-13
4673.15357780274  3.119797E-13
4673.21166100295  2.607604E-13
4673.26972919438  2.867609E-13
4673.32778237326  6.083832E-14
4673.38582053582  3.073958E-13
4673.4438436783  2.021174E-13
4673.50185179699  2.357241E-13
4673.55984488818  3.942037E-13
4673.61782294816  1.843746E-13
4673.67578597328  -1.861432E-14
4673.73373395988  1.194338E-13
4673.79166690432  1.897861E-13
4673.84958480298  2.429539E-13
4673.90748765228  1.723622E-13
4673.96537544863  3.893713E-13
4674.02324818847  7.759984E-14
4674.08110586826  2.631332E-13
4674.13894848447  2.130264E-13
4674.1967760336  2.793164E-13
4674.25458851217  3.887668E-13
4674.3123859167  1.232579E-13
4674.37016824375  1.978092E-13
4674.42793548987  1.286644E-13
4674.48568765166  1.887471E-13
4674.54342472572  2.819468E-13
4674.60114670866  1.310478E-13
4674.65885359714  2.177004E-13
4674.7165453878  3.165488E-13
4674.77422207733  2.417424E-13
4674.83188366241  2.862405E-13
4674.88953013976  2.243722E-13
4674.9471615061  2.927476E-14
4675.00477775818  3.555422E-13
4675.06237889276  3.125703E-13
4675.11996490663  2.070512E-13
4675.17753579659  1.418264E-13
4675.23509155944  1.163655E-13
4675.29263219203  3.944566E-13
4675.35015769121  2.127647E-13
4675.40766805384  2.063442E-13
4675.46516327681  1.454656E-13
4675.52264335703  1.457848E-13
4675.58010829141  2.695751E-13
4675.6375580769  1.433900E-13
4675.69499271044  2.456356E-13
4675.75241218902  1.642398E-13
4675.80981650961  1.732110E-13
4675.86720566923  1.213258E-13
4675.9245796649  2.471133E-13
4675.98193849366  2.102355E-13
4676.03928215257  1.507695E-13
4676.09661063869  8.471219E-14
4676.15392394914  3.327782E-13
4676.211222081  2.059781E-13
4676.2685050314  2.463085E-13
4676.3257727975  2.103698E-13
4676.38302537643  1.495690E-13
4676.44026276539  2.097308E-13
4676.49748496155  2.146295E-13
4676.55469196213  2.693968E-13
4676.61188376436  1.313601E-13
4676.66906036546  2.421000E-13
4676.72622176271  1.842023E-13
4676.78336795337  1.868749E-13
4676.84049893473  1.213477E-13
4676.89761470411  2.448932E-13
4676.95471525881  1.847013E-13
4677.01180059618  2.246952E-13
4677.06887071358  2.884753E-13
4677.12592560838  2.300476E-13
4677.18296527796  1.918373E-13
4677.23998971972  1.455112E-13
4677.29699893109  1.630458E-13
4677.3539929095  2.333162E-13
4677.4109716524  1.563732E-13
4677.46793515726  1.732870E-13
4677.52488342156  2.090132E-13
4677.5818164428  1.876198E-13
4677.6387342185  2.054149E-13
4677.69563674618  2.121863E-13
4677.75252402339  3.680638E-13
4677.80939604769  1.958584E-13
4677.86625281666  1.386483E-13
4677.92309432789  2.733702E-13
4677.97992057899  1.749878E-13
4678.03673156758  1.637002E-13
4678.09352729131  2.069385E-13
4678.15030774782  2.491903E-13
4678.20707293479  7.786648E-14
4678.2638228499  1.316982E-13
4678.32055749085  1.502979E-13
4678.37727685536  2.353572E-13
4678.43398094115  2.328970E-13
4678.49066974598  1.361065E-13
4678.54734326761  2.107514E-13
4678.60400150381  1.767592E-13
4678.66064445237  1.546236E-13
4678.71727211111  9.630401E-14
4678.77388447783  1.876626E-13
4678.83048155038  2.153504E-13
4678.88706332661  1.580187E-13
4678.94362980438  1.910230E-13
4679.00018098158  1.636941E-13
4679.0567168561  1.550986E-13
4679.11323742585  1.569966E-13
4679.16974268876  1.730185E-13
4679.22623264277  2.249383E-13
4679.28270728582  1.805872E-13
4679.33916661589  1.922854E-13
4679.39561063097  1.855330E-13
4679.45203932904  1.460506E-13
4679.50845270813  3.192585E-13
4679.56485076626  1.870391E-13
4679.62123350147  1.762245E-13
4679.67760091181  1.455760E-13
4679.73395299537  1.952825E-13
4679.79028975021  1.918811E-13
4679.84661117444  2.032721E-13
4679.90291726617  1.532712E-13
4679.95920802352  1.740000E-13
4680.01548344465  1.648810E-13
4680.0717435277  1.342443E-13
4680.12798827084  1.640925E-13
4680.18421767226  1.209122E-13
4680.24043173015  1.044661E-13
4680.29663044272  2.205949E-13
4680.3528138082  1.538960E-13
4680.40898182482  1.737387E-13
4680.46513449084  1.334203E-13
4680.52127180453  1.758461E-13
4680.57739376415  2.051000E-13
4680.63350036802  1.841070E-13
4680.68959161444  1.668582E-13
4680.74566750171  1.247210E-13
4680.80172802819  1.392167E-13
4680.85777319221  1.695185E-13
4680.91380299215  2.036963E-13
4680.96981742636  1.223364E-13
4681.02581649325  1.884257E-13
4681.08180019122  1.485943E-13
4681.13776851867  1.672516E-13
4681.19372147404  1.773167E-13
4681.24965905577  1.574501E-13
4681.30558126231  3.102821E-13
4681.36148809214  2.101677E-13
4681.41737954372  1.766745E-13
4681.47325561557  1.898764E-13
4681.52911630618  1.955377E-13
4681.58496161408  1.384105E-13
4681.6407915378  1.658174E-13
4681.69660607588  2.294975E-13
4681.75240522689  1.789633E-13
4681.80818898939  1.766605E-13
4681.86395736198  1.929837E-13
4681.91971034325  1.135620E-13
4681.97544793182  1.651812E-13
4682.03117012629  2.006666E-13
4682.08687692532  1.495649E-13
4682.14256832756  1.451042E-13
4682.19824433166  1.520071E-13
4682.25390493629  1.976950E-13
4682.30955014015  1.741303E-13
4682.36517994194  1.391862E-13
4682.42079434036  1.595879E-13
4682.47639333414  1.596076E-13
4682.53197692202  1.662043E-13
4682.58754510275  1.554328E-13
4682.64309787508  1.469510E-13
4682.6986352378  1.597792E-13
4682.7541571897  1.453774E-13
4682.80966372955  1.809123E-13
4682.86515485619  2.093515E-13
4682.92063056843  1.864990E-13
4682.97609086511  1.210810E-13
4683.03153574507  1.706123E-13
4683.08696520718  2.232679E-13
4683.1423792503  1.836293E-13
4683.19777787332  8.812824E-14
4683.25316107513  1.625498E-13
4683.30852885465  1.504018E-13
4683.36388121079  2.150640E-13
4683.41921814248  1.882863E-13
4683.47453964866  1.294491E-13
4683.5298457283  1.419049E-13
4683.58513638035  1.556790E-13
4683.64041160379  1.947244E-13
4683.69567139762  1.625340E-13
4683.75091576084  1.683318E-13
4683.80614469246  1.693453E-13
4683.8613581915  1.233591E-13
4683.916556257  1.494705E-13
4683.97173888801  1.877913E-13
4684.02690608358  1.815498E-13
4684.0820578428  1.863787E-13
4684.13719416474  1.468693E-13
4684.19231504849  1.660958E-13
4684.24742049316  1.786411E-13
4684.30251049786  1.657552E-13
4684.35758506173  1.953095E-13
4684.4126441839  1.298876E-13
4684.46768786352  1.786993E-13
4684.52271609976  1.517792E-13
4684.57772889178  1.482565E-13
4684.63272623877  2.461050E-13
4684.68770813992  2.108105E-13
4684.74267459444  1.479574E-13
4684.79762560155  1.448512E-13
4684.85256116047  1.766906E-13
4684.90748127044  1.637557E-13
4684.96238593071  1.385495E-13
4685.01727514054  1.316318E-13
4685.0721488992  2.053292E-13
4685.12700720597  1.852882E-13
4685.18185006015  1.524545E-13
4685.23667746104  1.768032E-13
4685.29148940795  1.472838E-13
4685.34628590021  1.593425E-13
4685.40106693716  2.033292E-13
4685.45583251813  2.071492E-13
4685.51058264248  1.920718E-13
4685.56531730959  1.875087E-13
4685.62003651883  1.891381E-13
4685.67474026959  2.116009E-13
4685.72942856125  1.960482E-13
4685.78410139325  2.133743E-13
4685.83875876499  2.533535E-13
4685.8934006759  2.320033E-13
4685.94802712542  2.385326E-13
4686.00263811301  2.175532E-13
4686.05723363812  2.085841E-13
4686.11181370022  2.322376E-13
4686.1663782988  2.350162E-13
4686.22092743334  2.351642E-13
4686.27546110335  2.607001E-13
4686.32997930833  2.820245E-13
4686.38448204781  2.575523E-13
4686.43896932132  2.473715E-13
4686.4934411284  2.750030E-13
4686.54789746859  3.229197E-13
4686.60233834147  2.730671E-13
4686.6567637466  3.053825E-13
4686.71117368356  2.595472E-13
4686.76556815194  2.934287E-13
4686.81994715134  2.832973E-13
4686.87431068138  3.223118E-13
4686.92865874166  2.913378E-13
4686.98299133183  3.252071E-13
4687.03730845151  3.568601E-13
4687.09161010036  3.652833E-13
4687.14589627804  3.432338E-13
4687.20016698421  3.912686E-13
4687.25442221854  3.696863E-13
4687.30866198074  3.780647E-13
4687.36288627048  3.655114E-13
4687.41709508749  3.579321E-13
4687.47128843146  3.610676E-13
4687.52546630213  3.429077E-13
4687.57962869924  3.083044E-13
4687.63377562251  3.225552E-13
4687.68790707171  3.560609E-13
4687.7420230466  3.447254E-13
4687.79612354694  3.219647E-13
4687.85020857252  3.246499E-13
4687.90427812312  3.382507E-13
4687.95833219854  3.834213E-13
4688.0123707986  3.744956E-13
4688.0663939231  3.715474E-13
4688.12040157187  3.359847E-13
4688.17439374474  3.374755E-13
4688.22837044157  2.906672E-13
4688.28233166219  2.879836E-13
4688.33627740647  2.657673E-13
4688.39020767428  2.557152E-13
4688.44412246551  2.763311E-13
4688.49802178002  2.353358E-13
4688.55190561773  1.995638E-13
4688.60577397853  2.446335E-13
4688.65962686234  2.483808E-13
4688.71346426908  2.397106E-13
4688.76728619869  2.500998E-13
4688.8210926511  2.018203E-13
4688.87488362625  2.141655E-13
4688.92865912412  1.864973E-13
4688.98241914465  2.883954E-13
4689.03616368783  2.135079E-13
4689.08989275363  2.120131E-13
4689.14360634205  2.000930E-13
4689.19730445309  2.022378E-13
4689.25098708675  1.756037E-13
4689.30465424305  1.802251E-13
4689.35830592201  1.848410E-13
4689.41194212366  1.937073E-13
4689.46556284805  2.097792E-13
4689.51916809522  1.922766E-13
4689.57275786523  2.231500E-13
4689.62633215815  1.867109E-13
4689.67989097404  1.873155E-13
4689.73343431299  1.710758E-13
4689.78696217509  1.845229E-13
4689.84047456044  1.989219E-13
4689.89397146913  2.172919E-13
4689.94745290129  1.750782E-13
4690.00091885704  1.623647E-13
4690.05436933649  1.640458E-13
4690.1078043398  1.981095E-13
4690.16122386711  1.304896E-13
4690.21462791856  1.576558E-13
4690.26801649432  1.635079E-13
4690.32138959456  1.967410E-13
4690.37474721945  1.582084E-13
4690.42808936918  1.839367E-13
4690.48141604393  1.654226E-13
4690.53472724392  2.008550E-13
4690.58802296934  1.940615E-13
4690.6413032204  1.477056E-13
4690.69456799734  1.464619E-13
4690.74781730037  1.751421E-13
4690.80105112975  1.417626E-13
4690.8542694857  1.813568E-13
4690.90747236848  1.929760E-13
4690.96065977836  1.776072E-13
4691.0138317156  1.304681E-13
4691.06698818046  1.639528E-13
4691.12012917325  1.736111E-13
4691.17325469423  1.754400E-13
4691.22636474372  1.546739E-13
4691.27945932201  1.438517E-13
4691.33253842941  1.531511E-13
4691.38560206624  1.842730E-13
4691.43865023282  1.887123E-13
4691.49168292949  1.735146E-13
4691.54470015659  1.681235E-13
4691.59770191446  1.769612E-13
4691.65068820346  1.604924E-13
4691.70365902394  1.341784E-13
4691.75661437628  1.609161E-13
4691.80955426084  1.630759E-13
4691.86247867801  1.837248E-13
4691.91538762818  1.678155E-13
4691.96828111174  1.640484E-13
4692.0211591291  1.823129E-13
4692.07402168065  1.499966E-13
4692.12686876683  1.505003E-13
4692.17970038804  1.484626E-13
4692.23251654473  1.274627E-13
4692.28531723732  1.577238E-13
4692.33810246625  1.355080E-13
4692.39087223199  1.240545E-13
4692.44362653498  1.702971E-13
4692.49636537568  1.854388E-13
4692.54908875456  1.532367E-13
4692.60179667211  1.529782E-13
4692.65448912879  1.427151E-13
4692.70716612511  1.581807E-13
4692.75982766155  1.816646E-13
4692.81247373861  1.890463E-13
4692.86510435682  1.853500E-13
4692.91771951667  1.669529E-13
4692.97031921869  1.539081E-13
4693.02290346341  1.773474E-13
4693.07547225135  1.625289E-13
4693.12802558307  1.782325E-13
4693.1805634591  1.560706E-13
4693.23308588  1.696312E-13
4693.28559284633  1.870158E-13
4693.33808435865  1.746755E-13
4693.39056041753  1.603630E-13
4693.44302102354  1.823406E-13
4693.49546617728  1.603106E-13
4693.54789587932  1.529713E-13
4693.60031013027  1.496316E-13
4693.65270893073  1.456985E-13
4693.7050922813  1.643798E-13
4693.7574601826  1.774471E-13
4693.80981263524  1.474707E-13
4693.86214963985  1.425858E-13
4693.91447119707  1.839713E-13
4693.96677730752  1.507990E-13
4694.01906797185  1.473388E-13
4694.07134319071  1.722199E-13
4694.12360296475  1.632903E-13
4694.17584729463  1.624039E-13
4694.22807618102  1.591717E-13
4694.28028962459  1.587616E-13
4694.33248762602  1.324559E-13
4694.38467018598  1.746930E-13
4694.43683730517  1.540858E-13
4694.48898898429  1.607511E-13
4694.54112522402  1.454543E-13
4694.59324602507  1.465917E-13
4694.64535138817  1.551289E-13
4694.69744131401  1.566767E-13
4694.74951580333  1.567638E-13
4694.80157485685  1.621926E-13
4694.8536184753  1.161831E-13
4694.90564665942  1.603000E-13
4694.95765940996  1.740945E-13
4695.00965672766  1.532662E-13
4695.06163861327  1.324649E-13
4695.11360506756  1.751439E-13
4695.16555609128  1.541584E-13
4695.21749168522  1.488697E-13
4695.26941185014  1.645219E-13
4695.32131658683  1.696901E-13
4695.37320589606  1.624902E-13
4695.42507977864  1.385943E-13
4695.47693823535  1.239080E-13
4695.52878126699  1.371858E-13
4695.58060887438  1.559472E-13
4695.63242105832  1.600683E-13
4695.68421781963  1.798028E-13
4695.73599915912  1.385076E-13
4695.78776507763  1.643475E-13
4695.83951557599  1.868005E-13
4695.89125065503  1.574122E-13
4695.94297031559  1.490175E-13
4695.99467455852  1.744263E-13
4696.04636338467  1.680842E-13
4696.09803679488  1.581860E-13
4696.14969479003  1.608208E-13
4696.20133737098  1.400112E-13
4696.25296453859  1.222303E-13
4696.30457629375  1.460143E-13
4696.35617263732  8.113425E-14
4696.4077535702  1.220975E-13
4696.45931909327  1.418717E-13
4696.51086920742  1.593740E-13
4696.56240391356  1.507679E-13
4696.61392321258  1.642385E-13
4696.66542710539  1.566295E-13
4696.7169155929  1.716462E-13
4696.76838867603  1.657939E-13
4696.8198463557  1.595327E-13
4696.87128863283  1.331427E-13
4696.92271550835  1.617090E-13
4696.9741269832  1.772020E-13
4697.02552305831  1.757643E-13
4697.07690373462  1.657216E-13
4697.12826901309  1.433065E-13
4697.17961889466  1.889089E-13
4697.23095338028  2.042397E-13
4697.28227247093  1.727932E-13
4697.33357616756  1.352659E-13
4697.38486447113  1.412066E-13
4697.43613738263  1.808977E-13
4697.48739490303  1.632048E-13
4697.5386370333  1.750678E-13
4697.58986377444  1.762953E-13
4697.64107512743  1.385702E-13
4697.69227109326  1.354016E-13
4697.74345167294  1.621143E-13
4697.79461686746  1.885197E-13
4697.84576667783  1.637162E-13
4697.89690110506  1.604052E-13
4697.94802015016  1.425943E-13
4697.99912381414  1.393051E-13
4698.05021209804  1.703895E-13
4698.10128500287  1.373689E-13
4698.15234252966  1.421294E-13
4698.20338467945  1.528473E-13
4698.25441145326  1.441428E-13
4698.30542285215  1.482158E-13
4698.35641887716  1.471270E-13
4698.40739952933  1.871424E-13
4698.45836480971  1.629994E-13
4698.50931471937  1.340481E-13
4698.56024925935  1.549012E-13
4698.61116843073  1.667247E-13
4698.66207223457  1.458665E-13
4698.71296067194  1.326806E-13
4698.7638337439  1.306390E-13
4698.81469145155  1.396579E-13
4698.86553379596  1.425352E-13
4698.91636077822  1.659185E-13
4698.9671723994  1.460311E-13
4699.01796866062  1.497997E-13
4699.06874956295  1.711095E-13
4699.1195151075  1.463433E-13
4699.17026529537  1.597581E-13
4699.22100012767  1.671473E-13
4699.2717196055  1.516326E-13
4699.32242372997  1.453171E-13
4699.37311250221  1.473863E-13
4699.42378592333  1.445747E-13
4699.47444399444  1.543687E-13
4699.52508671669  1.701048E-13
4699.57571409119  1.521927E-13
4699.62632611908  1.449835E-13
4699.67692280149  1.427101E-13
4699.72750413956  1.388200E-13
4699.77807013444  1.390819E-13
4699.82862078726  1.483299E-13
4699.87915609918  1.263537E-13
4699.92967607134  1.355085E-13
4699.98018070491  1.541205E-13
4700.03067000102  1.532032E-13
4700.08114396086  1.583880E-13
4700.13160258558  1.699966E-13
4700.18204587634  1.448534E-13
4700.23247383432  1.526282E-13
4700.28288646068  1.615900E-13
4700.33328375661  1.587263E-13
4700.38366572328  1.664538E-13
4700.43403236187  1.579396E-13
4700.48438367357  1.828275E-13
4700.53471965955  1.716590E-13
4700.58504032102  1.714877E-13
4700.63534565916  1.625991E-13
4700.68563567518  1.644912E-13
4700.73591037025  1.884231E-13
4700.7861697456  1.716662E-13
4700.83641380242  1.745972E-13
4700.88664254191  1.593279E-13
4700.93685596529  1.449278E-13
4700.98705407377  1.824207E-13
4701.03723686856  1.896409E-13
4701.08740435088  1.668133E-13
4701.13755652194  1.595589E-13
4701.18769338298  1.730081E-13
4701.23781493522  1.572115E-13
4701.28792117987  1.594641E-13
4701.33801211818  1.642593E-13
4701.38808775136  1.752171E-13
4701.43814808067  1.443422E-13
4701.48819310734  1.723944E-13
4701.5382228326  1.641552E-13
4701.5882372577  1.491756E-13
4701.63823638388  1.406126E-13
4701.68822021239  1.498561E-13
4701.73818874448  1.584119E-13
4701.7881419814  1.465591E-13
4701.83807992441  1.612004E-13
4701.88800257475  1.888529E-13
4701.9379099337  1.679948E-13
4701.98780200251  1.470049E-13
4702.03767878244  1.583438E-13
4702.08754027476  1.556011E-13
4702.13738648074  1.448725E-13
4702.18721740164  1.762397E-13
4702.23703303874  1.608398E-13
4702.28683339332  1.592272E-13
4702.33661846665  1.593985E-13
4702.38638826  1.695172E-13
4702.43614277467  1.733373E-13
4702.48588201192  1.595619E-13
4702.53560597305  1.482443E-13
4702.58531465935  1.482587E-13
4702.6350080721  1.712617E-13
4702.68468621259  1.627311E-13
4702.73434908211  1.766344E-13
4702.78399668197  1.793781E-13
4702.83362901345  1.365991E-13
4702.88324607787  1.404747E-13
4702.9328478765  1.332216E-13
4702.98243441067  1.271406E-13
4703.03200568167  1.729860E-13
4703.0815616908  1.854678E-13
4703.1311024394  1.463856E-13
4703.18062792874  1.730575E-13
4703.23013816016  1.427387E-13
4703.27963313496  1.517754E-13
4703.32911285446  1.565438E-13
4703.37857731997  1.510507E-13
4703.42802653282  1.832555E-13
4703.47746049432  1.505712E-13
4703.5268792058  1.537312E-13
4703.57628266858  1.773242E-13
4703.62567088399  1.808905E-13
4703.67504385335  1.362609E-13
4703.724401578  1.665180E-13
4703.77374405926  1.639956E-13
4703.82307129846  1.709254E-13
4703.87238329694  1.742922E-13
4703.92168005603  1.446755E-13
4703.97096157708  1.636021E-13
4704.02022786141  1.523200E-13
4704.06947891037  1.582626E-13
4704.1187147253  1.382071E-13
4704.16793530754  1.710247E-13
4704.21714065843  1.466616E-13
4704.26633077933  1.667431E-13
4704.31550567157  1.623570E-13
4704.36466533651  1.541944E-13
4704.41380977549  1.798705E-13
4704.46293898987  1.600127E-13
4704.512052981  1.861884E-13
4704.56115175023  1.466469E-13
4704.61023529892  1.556236E-13
4704.65930362842  1.543553E-13
4704.70835674009  1.745140E-13
4704.75739463528  1.526576E-13
4704.80641731537  1.540349E-13
4704.85542478171  1.372673E-13
4704.90441703566  1.336279E-13
4704.95339407858  1.584549E-13
4705.00235591184  1.539132E-13
4705.05130253681  1.567684E-13
4705.10023395486  1.599908E-13
4705.14915016734  1.388834E-13
4705.19805117563  1.467058E-13
4705.2469369811  1.398285E-13
4705.29580758512  1.619988E-13
4705.34466298907  1.513006E-13
4705.39350319431  1.443746E-13
4705.44232820222  1.677958E-13
4705.49113801418  1.787448E-13
4705.53993263156  1.688343E-13
4705.58871205574  1.583574E-13
4705.6374762881  1.535194E-13
4705.68622533001  1.593911E-13
4705.73495918286  1.601647E-13
4705.78367784802  1.520856E-13
4705.83238132689  1.480614E-13
4705.88106962083  1.696529E-13
4705.92974273124  1.668612E-13
4705.9784006595  1.485973E-13
4706.02704340699  1.496910E-13
4706.0756709751  1.652852E-13
4706.12428336521  1.551236E-13
4706.17288057872  1.577592E-13
4706.22146261701  1.516561E-13
4706.27002948147  1.537704E-13
4706.31858117349  1.550975E-13
4706.36711769446  1.414457E-13
4706.41563904577  1.611653E-13
4706.46414522881  1.809843E-13
4706.51263624498  1.729429E-13
4706.56111209566  1.708973E-13
4706.60957278225  1.569381E-13
4706.65801830614  1.579911E-13
4706.70644866873  1.500777E-13
4706.75486387142  1.749669E-13
4706.8032639156  1.504900E-13
4706.85164880266  1.789115E-13
4706.900018534  1.516013E-13
4706.94837311102  1.601319E-13
4706.99671253512  1.755595E-13
4707.04503680769  1.616158E-13
4707.09334593014  1.575065E-13
4707.14163990386  1.446179E-13
4707.18991873025  1.400865E-13
4707.23818241071  1.665108E-13
4707.28643094664  1.568807E-13
4707.33466433945  1.620011E-13
4707.38288259053  1.478871E-13
4707.43108570128  1.543586E-13
4707.47927367311  1.423526E-13
4707.52744650742  1.486941E-13
4707.57560420561  1.639486E-13
4707.62374676908  1.635652E-13
4707.67187419923  1.521984E-13
4707.71998649747  1.595010E-13
4707.76808366521  1.316598E-13
4707.81616570384  1.310008E-13
4707.86423261476  1.734610E-13
4707.9122843994  1.553686E-13
4707.96032105913  1.531621E-13
4708.00834259538  1.517731E-13
4708.05634900954  1.574898E-13
4708.10434030303  1.544183E-13
4708.15231647723  1.636534E-13
4708.20027753357  1.691560E-13
4708.24822347343  1.632798E-13
4708.29615429824  1.725339E-13
4708.34407000939  1.405914E-13
4708.39197060828  1.486882E-13
4708.43985609634  1.464777E-13
4708.48772647494  1.508616E-13
4708.53558174551  1.370534E-13
4708.58342190945  1.530615E-13
4708.63124696816  1.553129E-13
4708.67905692304  1.695145E-13
4708.72685177551  1.442331E-13
4708.77463152697  1.675539E-13
4708.82239617881  1.909741E-13
4708.87014573246  1.477755E-13
4708.9178801893  1.558690E-13
4708.96559955075  1.700096E-13
4709.0133038182  1.562171E-13
4709.06099299307  1.560396E-13
4709.10866707675  1.541760E-13
4709.15632607066  1.450940E-13
4709.20396997618  1.439689E-13
4709.25159879474  1.216662E-13
4709.29921252772  1.355278E-13
4709.34681117653  1.332775E-13
4709.39439474258  1.703944E-13
4709.44196322726  1.759644E-13
4709.48951663199  1.984411E-13
4709.53705495815  2.003461E-13
4709.58457820715  2.514178E-13
4709.6320863804  1.441901E-12
4709.67957947928  1.668072E-12
4709.72705750521  1.820227E-12
4709.77452045959  2.768757E-12
4709.8219683438  1.211050E-13
4709.86940115925  1.773732E-13
4709.91681890734  1.871293E-13
4709.96422158948  1.752167E-13
4710.01160920704  1.980332E-13
4710.05898176144  1.614940E-13
4710.10633925407  1.485801E-13
4710.15368168632  1.419746E-13
4710.20100905959  1.429673E-13
4710.24832137529  1.297294E-13
4710.29561863479  1.296182E-13
4710.3429008395  1.256257E-13
4710.39016799081  1.456270E-13
4710.43742009011  1.613496E-13
4710.4846571388  1.590661E-13
4710.53187913827  1.904696E-13
4710.5790860899  1.729341E-13
4710.62627799509  1.632907E-13
4710.67345485524  1.351857E-13
4710.72061667172  1.437950E-13
4710.76776344594  1.491877E-13
4710.81489517926  1.461181E-13
4710.8620118731  1.431082E-13
4710.90911352882  1.484296E-13
4710.95620014783  1.469199E-13
4711.00327173149  1.589876E-13
4711.0503282812  1.511940E-13
4711.09736979835  1.564851E-13
4711.1443962843  1.494401E-13
4711.19140774046  1.590755E-13
4711.23840416819  1.577318E-13
4711.28538556889  1.521004E-13
4711.33235194392  1.550560E-13
4711.37930329468  1.676564E-13
4711.42623962253  1.510558E-13
4711.47316092885  1.501325E-13
4711.52006721503  1.570931E-13
4711.56695848243  1.543500E-13
4711.61383473244  1.549768E-13
4711.66069596643  1.378741E-13
4711.70754218576  1.595028E-13
4711.75437339182  1.764312E-13
4711.80118958597  1.336129E-13
4711.84799076958  1.577123E-13
4711.89477694403  1.776824E-13
4711.94154811068  1.403114E-13
4711.9883042709  1.538871E-13
4712.03504542606  1.687963E-13
4712.08177157752  1.647790E-13
4712.12848272664  1.448554E-13
4712.1751788748  1.724611E-13
4712.22186002334  1.571939E-13
4712.26852617364  1.624918E-13
4712.31517732705  1.501398E-13
4712.36181348494  1.347383E-13
4712.40843464866  1.616349E-13
4712.45504081957  1.407044E-13
4712.50163199902  1.563208E-13
4712.54820818837  1.758205E-13
4712.59476938897  1.619201E-13
4712.64131560218  1.657049E-13
4712.68784682935  1.501224E-13
4712.73436307182  1.638760E-13
4712.78086433095  1.477744E-13
4712.82735060809  1.656246E-13
4712.87382190457  1.462940E-13
4712.92027822176  1.758383E-13
4712.96671956098  1.657000E-13
4713.01314592359  1.343914E-13
4713.05955731092  1.365539E-13
4713.10595372432  1.539066E-13
4713.15233516513  1.374652E-13
4713.19870163468  1.387545E-13
4713.24505313431  1.414818E-13
4713.29138966535  1.428012E-13
4713.33771122915  1.414179E-13
4713.38401782703  1.564339E-13
4713.43030946032  1.649289E-13
4713.47658613035  1.672479E-13
4713.52284783846  1.534394E-13
4713.56909458597  1.616115E-13
4713.61532637421  1.467755E-13
4713.66154320449  1.503326E-13
4713.70774507815  1.522307E-13
4713.75393199651  1.504092E-13
4713.80010396088  1.534992E-13
4713.84626097259  1.532469E-13
4713.89240303295  1.647932E-13
4713.93853014328  1.831850E-13
4713.98464230489  1.548252E-13
4714.0307395191  1.579479E-13
4714.07682178721  1.339709E-13
4714.12288911054  1.726426E-13
4714.1689414904  1.605498E-13
4714.2149789281  1.372825E-13
4714.26100142493  1.450768E-13
4714.30700898221  1.140991E-13
4714.35300160123  1.458360E-13
4714.39897928329  1.453956E-13
4714.44494202971  1.426009E-13
4714.49088984177  1.296866E-13
4714.53682272076  1.547894E-13
4714.58274066799  1.675168E-13
4714.62864368475  1.625012E-13
4714.67453177233  1.431818E-13
4714.72040493201  1.583046E-13
4714.7662631651  1.543500E-13
4714.81210647286  1.502853E-13
4714.85793485659  1.721616E-13
4714.90374831757  1.416855E-13
4714.94954685709  1.509107E-13
4714.99533047641  1.379506E-13
4715.04109917683  1.272014E-13
4715.08685295961  1.421947E-13
4715.13259182603  1.754922E-13
4715.17831577737  1.419778E-13
4715.22402481488  1.641008E-13
4715.26971893985  1.703157E-13
4715.31539815355  1.754550E-13
4715.36106245723  1.600828E-13
4715.40671185216  1.471686E-13
4715.4523463396  1.496274E-13
4715.49796592082  1.790458E-13
4715.54357059707  1.813616E-13
4715.58916036961  1.785367E-13
4715.63473523969  1.658419E-13
4715.68029520858  1.540506E-13
4715.7258402775  1.649325E-13
4715.77137044773  1.533677E-13
4715.8168857205  1.432785E-13
4715.86238609706  1.440398E-13
4715.90787157866  1.515418E-13
4715.95334216653  1.588424E-13
4715.99879786193  1.426417E-13
4716.04423866607  1.661515E-13
4716.08966458021  1.488453E-13
4716.13507560557  1.512078E-13
4716.18047174339  1.574939E-13
4716.2258529949  1.594499E-13
4716.27121936132  1.423356E-13
4716.31657084389  1.527872E-13
4716.36190744382  1.669363E-13
4716.40722916234  1.503181E-13
4716.45253600068  1.454831E-13
4716.49782796004  1.328264E-13
4716.54310504164  1.266431E-13
4716.58836724671  1.478733E-13
4716.63361457645  1.354764E-13
4716.67884703206  1.457666E-13
4716.72406461477  1.535963E-13
4716.76926732578  1.635231E-13
4716.81445516629  1.514075E-13
4716.8596281375  1.717163E-13
4716.90478624061  1.253921E-13
4716.94992947682  1.717362E-13
4716.99505784733  1.516045E-13
4717.04017135333  1.330456E-13
4717.08526999601  1.494350E-13
4717.13035377657  1.522485E-13
4717.17542269618  1.544446E-13
4717.22047675604  1.497754E-13
4717.26551595732  1.383771E-13
4717.31054030121  1.640034E-13
4717.35554978889  1.422387E-13
4717.40054442153  1.301361E-13
4717.44552420031  1.578794E-13
4717.4904891264  1.438799E-13
4717.53543920096  1.567953E-13
4717.58037442518  1.567459E-13
4717.62529480021  1.288707E-13
4717.67020032721  1.461376E-13
4717.71509100735  1.237866E-13
4717.75996684179  1.448922E-13
4717.80482783168  1.577087E-13
4717.84967397818  1.607504E-13
4717.89450528244  1.463002E-13
4717.9393217456  1.718607E-13
4717.98412336883  1.296511E-13
4718.02891015325  1.530752E-13
4718.07368210002  1.576433E-13
4718.11843921027  1.529204E-13
4718.16318148515  1.523958E-13
4718.20790892579  1.601357E-13
4718.25262153331  1.614930E-13
4718.29731930887  1.390795E-13
4718.34200225357  1.224259E-13
4718.38667036856  1.541307E-13
4718.43132365495  1.304003E-13
4718.47596211387  1.378931E-13
4718.52058574643  1.507837E-13
4718.56519455376  1.425522E-13
4718.60978853696  1.826895E-13
4718.65436769716  1.448887E-13
4718.69893203545  1.337187E-13
4718.74348155295  1.480347E-13
4718.78801625076  1.358361E-13
4718.83253612999  1.493318E-13
4718.87704119173  1.356148E-13
4718.92153143709  1.587868E-13
4718.96600686715  1.421418E-13
4719.01046748302  1.467109E-13
4719.05491328577  1.470023E-13
4719.09934427651  1.396645E-13
4719.14376045631  1.262475E-13
4719.18816182626  9.376593E-14
4719.23254838744  1.163220E-13
4719.27692014093  1.341068E-13
4719.32127708779  1.460004E-13
4719.36561922911  1.447800E-13
4719.40994656596  1.345871E-13
4719.4542590994  1.305500E-13
4719.4985568305  1.386277E-13
4719.54283976032  1.592240E-13
4719.58710788993  1.383238E-13
4719.63136122037  1.463618E-13
4719.67559975271  1.308312E-13
4719.71982348799  1.326765E-13
4719.76403242728  1.472955E-13
4719.8082265716  1.525565E-13
4719.85240592202  1.616034E-13
4719.89657047957  1.381902E-13
4719.94072024529  1.461087E-13
4719.98485522023  1.212736E-13
4720.0289754054  1.283094E-13
4720.07308080185  1.282733E-13
4720.1171714106  1.417932E-13
4720.16124723268  1.507586E-13
4720.20530826912  1.599384E-13
4720.24935452093  1.476660E-13
4720.29338598914  1.588211E-13
4720.33740267476  1.744320E-13
4720.3814045788  1.411170E-13
4720.42539170228  1.404620E-13
4720.4693640462  1.478706E-13
4720.51332161156  1.392174E-13
4720.55726439938  1.318584E-13
4720.60119241065  2.509583E-13
4720.64510564636  1.397553E-13
4720.68900410752  1.517154E-13
4720.7328877951  1.557018E-13
4720.77675671011  1.492906E-13
4720.82061085353  1.430967E-13
4720.86445022634  1.789778E-13
4720.90827482952  1.592085E-13
4720.95208466406  1.742022E-13
4720.99587973091  1.720480E-13
4721.03966003107  1.360484E-13
4721.08342556549  1.480714E-13
4721.12717633515  1.489299E-13
4721.17091234101  1.546682E-13
4721.21463358403  1.584803E-13
4721.25834006517  1.474764E-13
4721.30203178538  1.389478E-13
4721.34570874563  1.317638E-13
4721.38937094684  1.545291E-13
4721.43301838999  1.517575E-13
4721.47665107601  1.360071E-13
4721.52026900583  1.499058E-13
4721.56387218041  1.297321E-13
4721.60746060067  1.304010E-13
4721.65103426756  1.662588E-13
4721.694593182  1.376893E-13
4721.73813734491  1.330937E-13
4721.78166675722  1.586181E-13
4721.82518141986  1.371593E-13
4721.86868133375  1.293593E-13
4721.91216649979  1.588650E-13
4721.9556369189  1.436104E-13
4721.999092592  1.473690E-13
4722.04253351999  1.525104E-13
4722.08595970378  1.781774E-13
4722.12937114426  1.330499E-13
4722.17276784233  1.502857E-13
4722.2161497989  1.559396E-13
4722.25951701485  1.751170E-13
4722.30286949107  1.588094E-13
4722.34620722846  1.718778E-13
4722.38953022789  1.266707E-13
4722.43283849025  1.602617E-13
4722.47613201641  1.473571E-13
4722.51941080725  1.779646E-13
4722.56267486364  1.231233E-13
4722.60592418645  1.422841E-13
4722.64915877656  1.267446E-13
4722.69237863481  1.496114E-13
4722.73558376207  1.308818E-13
4722.77877415921  1.356465E-13
4722.82194982706  1.399883E-13
4722.8651107665  1.441855E-13
4722.90825697835  1.378612E-13
4722.95138846348  1.341332E-13
4722.99450522272  1.489022E-13
4723.03760725691  1.504676E-13
4723.08069456688  1.575450E-13
4723.12376715348  1.464866E-13
4723.16682501753  1.598826E-13
4723.20986815986  1.503897E-13
4723.25289658129  1.409232E-13
4723.29591028265  1.459641E-13
4723.33890926475  1.033476E-13
4723.38189352841  1.544929E-13
4723.42486307444  1.644365E-13
4723.46781790365  1.559653E-13
4723.51075801684  1.235459E-13
4723.55368341483  1.491774E-13
4723.5965940984  1.312519E-13
4723.63949006836  1.470126E-13
4723.68237132551  1.916293E-13
4723.72523787062  1.709650E-13
4723.76808970449  1.719022E-13
4723.81092682791  1.550824E-13
4723.85374924165  1.641036E-13
4723.89655694649  1.529295E-13
4723.93934994321  1.702126E-13
4723.98212823259  1.552851E-13
4724.02489181538  1.567814E-13
4724.06764069236  1.431174E-13
4724.11037486429  1.448867E-13
4724.15309433193  1.487394E-13
4724.19579909603  1.294832E-13
4724.23848915735  1.524546E-13
4724.28116451664  1.629223E-13
4724.32382517465  1.708789E-13
4724.36647113212  1.457064E-13
4724.4091023898  1.563611E-13
4724.45171894841  1.355980E-13
4724.49432080869  1.718768E-13
4724.53690797139  1.394184E-13
4724.57948043721  1.501050E-13
4724.6220382069  1.566306E-13
4724.66458128117  1.385300E-13
4724.70710966073  1.505256E-13
4724.74962334632  1.347619E-13
4724.79212233863  1.252738E-13
4724.83460663838  1.563862E-13
4724.87707624628  1.506227E-13
4724.91953116303  1.184687E-13
4724.96197138932  1.435153E-13
4725.00439692585  1.464664E-13
4725.04680777332  1.538009E-13
4725.08920393242  1.373614E-13
4725.13158540384  1.689292E-13
4725.17395218825  1.598129E-13
4725.21630428634  1.634824E-13
4725.25864169878  1.618517E-13
4725.30096442626  1.541759E-13
4725.34327246944  1.844288E-13
4725.38556582898  1.758189E-13
4725.42784450556  1.491936E-13
4725.47010849984  1.639612E-13
4725.51235781246  1.416023E-13
4725.5545924441  1.443158E-13
4725.59681239539  1.715998E-13
4725.63901766699  1.660801E-13
4725.68120825954  1.373063E-13
4725.72338417369  1.411246E-13
4725.76554541006  1.338519E-13
4725.80769196931  2.004906E-13
4725.84982385205  1.607584E-13
4725.89194105893  1.447196E-13
4725.93404359055  1.554713E-13
4725.97613144755  1.531249E-13
4726.01820463055  1.477500E-13
4726.06026314016  1.579702E-13
4726.10230697699  1.533395E-13
4726.14433614165  1.444375E-13
4726.18635063475  1.592091E-13
4726.22835045689  1.537385E-13
4726.27033560867  1.571054E-13
4726.31230609069  1.599519E-13
4726.35426190353  1.443822E-13
4726.39620304779  1.249678E-13
4726.43812952405  1.995911E-13
4726.4800413329  1.624668E-13
4726.52193847492  1.532409E-13
4726.56382095068  1.495648E-13
4726.60568876075  1.388380E-13
4726.6475419057  1.752301E-13
4726.68938038611  1.516932E-13
4726.73120420253  1.464444E-13
4726.77301335552  1.497971E-13
4726.81480784564  1.448917E-13
4726.85658767344  1.590285E-13
4726.89835283947  1.471641E-13
4726.94010334428  1.416160E-13
4726.98183918841  1.412457E-13
4727.02356037241  1.414639E-13
4727.06526689679  1.671997E-13
4727.10695876211  1.377434E-13
4727.14863596888  1.752087E-13
4727.19029851764  1.726591E-13
4727.23194640891  1.839185E-13
4727.2735796432  1.428673E-13
4727.31519822104  1.337436E-13
4727.35680214293  1.163333E-13
4727.39839140939  1.594409E-13
4727.43996602092  1.441961E-13
4727.48152597802  1.358713E-13
4727.5230712812  1.570521E-13
4727.56460193095  1.378879E-13
4727.60611792775  1.550235E-13
4727.64761927212  1.430498E-13
4727.68910596451  1.653164E-13
4727.73057800543  1.495542E-13
4727.77203539535  1.655116E-13
4727.81347813474  1.720640E-13
4727.85490622408  1.591100E-13
4727.89631966383  1.566219E-13
4727.93771845447  1.653037E-13
4727.97910259645  1.361037E-13
4728.02047209024  1.517772E-13
4728.06182693628  1.367725E-13
4728.10316713503  1.447547E-13
4728.14449268694  1.609329E-13
4728.18580359246  1.943292E-13
4728.22709985202  1.613198E-13
4728.26838146606  1.464714E-13
4728.30964843503  1.423627E-13
4728.35090075935  1.466588E-13
4728.39213843945  1.648059E-13
4728.43336147575  1.454578E-13
4728.47456986868  1.488246E-13
4728.51576361865  1.467518E-13
4728.55694272609  1.534005E-13
4728.59810719139  1.378614E-13
4728.63925701497  1.559797E-13
4728.68039219723  1.576017E-13
4728.72151273858  1.696328E-13
4728.76261863941  1.643163E-13
4728.80370990011  1.471503E-13
4728.84478652108  1.814794E-13
4728.8858485027  1.312876E-13
4728.92689584537  1.611031E-13
4728.96792854945  1.310577E-13
4729.00894661532  1.575723E-13
4729.04995004337  1.081704E-13
4729.09093883395  1.271533E-13
4729.13191298744  1.573468E-13
4729.1728725042  1.657842E-13
4729.21381738459  1.971015E-13
4729.25474762896  1.708458E-13
4729.29566323767  1.520114E-13
4729.33656421108  1.876276E-13
4729.37745054952  1.549284E-13
4729.41832225333  1.443375E-13
4729.45917932286  1.650097E-13
4729.50002175845  1.704442E-13
4729.54084956042  1.497240E-13
4729.58166272911  1.535127E-13
4729.62246126484  1.434252E-13
4729.66324516793  1.661123E-13
4729.7040144387  1.558399E-13
4729.74476907747  1.833200E-13
4729.78550908455  1.679650E-13
4729.82623446025  1.753256E-13
4729.86694520487  1.743137E-13
4729.90764131871  1.675642E-13
4729.94832280207  1.382964E-13
4729.98898965525  1.417663E-13
4730.02964187854  1.132724E-13
4730.07027947222  1.409206E-13
4730.11090243659  1.630988E-13
4730.15151077192  1.615228E-13
4730.19210447848  1.712741E-13
4730.23268355655  1.329004E-13
4730.27324800641  1.638451E-13
4730.31379782832  1.424860E-13
4730.35433302254  1.463955E-13
4730.39485358934  1.982809E-13
4730.43535952896  1.470601E-13
4730.47585084167  1.345161E-13
4730.51632752771  1.708982E-13
4730.55678958734  1.612523E-13
4730.59723702078  1.382087E-13
4730.63766982829  1.697708E-13
4730.6780880101  1.833299E-13
4730.71849156644  1.481096E-13
4730.75888049753  1.580328E-13
4730.79925480361  1.794953E-13
4730.8396144849  1.278751E-13
4730.87995954162  1.306288E-13
4730.92028997398  1.433069E-13
4730.96060578219  1.614671E-13
4731.00090696646  1.398654E-13
4731.041193527  1.687397E-13
4731.08146546401  1.529675E-13
4731.12172277769  1.564925E-13
4731.16196546823  1.375716E-13
4731.20219353581  1.446254E-13
4731.24240698064  1.725256E-13
4731.28260580289  1.738787E-13
4731.32279000275  1.609568E-13
4731.36295958038  1.946639E-13
4731.40311453597  1.558708E-13
4731.44325486969  1.321189E-13
4731.4833805817  1.448187E-13
4731.52349167217  1.709017E-13
4731.56358814125  1.834600E-13
4731.6036699891  1.879133E-13
4731.64373721588  1.574074E-13
4731.68378982174  1.706999E-13
4731.72382780681  1.595790E-13
4731.76385117125  1.395733E-13
4731.8038599152  1.729918E-13
4731.84385403878  1.495029E-13
4731.88383354213  1.627397E-13
4731.92379842538  1.678591E-13
4731.96374868866  1.514274E-13
4732.00368433209  1.296734E-13
4732.04360535578  1.787765E-13
4732.08351175985  1.725044E-13
4732.12340354441  1.806646E-13
4732.16328070958  1.640639E-13
4732.20314325545  1.758483E-13
4732.24299118212  1.681944E-13
4732.2828244897  1.658246E-13
4732.32264317828  1.456482E-13
4732.36244724795  1.539431E-13
4732.40223669879  1.427535E-13
4732.4420115309  1.717629E-13
4732.48177174434  1.661377E-13
4732.52151733921  1.901142E-13
4732.56124831557  1.752331E-13
4732.60096467349  2.195146E-13
4732.64066641303  1.798969E-13
4732.68035353427  1.431465E-13
4732.72002603726  1.670695E-13
4732.75968392206  1.466488E-13
4732.79932718872  1.632908E-13
4732.8389558373  1.937324E-13
4732.87856986782  1.718495E-13
4732.91816928035  9.269513E-14
4732.95775407492  1.461574E-13
4732.99732425155  1.528852E-13
4733.0368798103  1.582666E-13
4733.07642075118  1.252864E-13
4733.11594707423  1.550264E-13
4733.15545877945  2.142320E-13
4733.19495586688  1.738802E-13
4733.23443833652  1.320969E-13
4733.27390618839  1.633083E-13
4733.3133594225  1.617304E-13
4733.35279803885  1.762525E-13
4733.39222203744  1.381649E-13
4733.43163141827  1.596469E-13
4733.47102618134  2.062868E-13
4733.51040632663  1.682628E-13
4733.54977185413  1.536847E-13
4733.58912276384  1.727815E-13
4733.62845905572  1.627624E-13
4733.66778072976  1.676325E-13
4733.70708778593  1.761922E-13
4733.74638022419  1.896575E-13
4733.78565804453  1.550896E-13
4733.8249212469  1.572510E-13
4733.86416983126  1.855680E-13
4733.90340379757  1.731127E-13
4733.94262314578  1.551232E-13
4733.98182787584  1.915453E-13
4734.0210179877  1.544376E-13
4734.06019348131  1.371386E-13
4734.09935435659  1.217636E-13
4734.13850061349  1.678074E-13
4734.17763225195  1.277159E-13
4734.21674927188  1.584675E-13
4734.25585167323  1.555724E-13
4734.2949394559  1.173293E-13
4734.33401261982  1.776032E-13
4734.3730711649  1.781832E-13
4734.41211509107  2.032721E-13
4734.45114439822  1.402847E-13
4734.49015908626  1.575324E-13
4734.5291591551  1.254182E-13
4734.56814460463  1.782006E-13
4734.60711543475  1.785072E-13
4734.64607164536  2.151470E-13
4734.68501323633  1.623882E-13
4734.72394020756  2.439108E-13
4734.76285255893  1.763482E-13
4734.80175029031  1.729786E-13
4734.84063340159  2.258090E-13
4734.87950189263  1.669661E-13
4734.9183557633  2.078116E-13
4734.95719501347  1.533077E-13
4734.99601964301  1.681908E-13
4735.03482965176  1.888734E-13
4735.07362503958  1.666633E-13
4735.11240580633  1.066334E-13
4735.15117195185  1.023996E-13
4735.18992347599  1.091899E-13
4735.22866037859  1.271637E-13
4735.26738265949  2.181183E-13
4735.30609031851  1.491563E-13
4735.34478335551  1.403301E-13
4735.38346177029  1.566633E-13
4735.4221255627  1.478020E-13
4735.46077473254  1.794619E-13
4735.49940927964  1.787359E-13
4735.53802920381  1.110889E-13
4735.57663450487  1.562682E-13
4735.61522518261  1.793700E-13
4735.65380123686  1.278420E-13
4735.6923626674  1.810478E-13
4735.73090947403  1.416770E-13
4735.76944165656  1.292304E-13
4735.80795921476  1.652851E-13
4735.84646214844  1.689901E-13
4735.88495045737  1.810317E-13
4735.92342414134  2.136094E-13
4735.96188320012  8.505267E-14
4736.00032763349  1.896735E-13
4736.03875744122  1.367846E-13
4736.07717262308  1.841924E-13
4736.11557317883  1.570989E-13
4736.15395910824  1.743294E-13
4736.19233041105  1.083745E-13
4736.23068708704  1.284120E-13
4736.26902913595  1.258899E-13
4736.30735655752  7.242260E-14
4736.34566935151  1.572256E-13
4736.38396751765  1.556487E-13
4736.42225105569  2.431444E-13
4736.46051996535  1.206804E-13
4736.49877424637  1.514006E-13
4736.53701389848  1.308175E-13
4736.5752389214  1.461600E-13
4736.61344931486  1.131411E-13
4736.65164507857  1.854064E-13
4736.68982621226  1.154079E-13
4736.72799271562  2.027522E-13
4736.76614458838  1.773873E-13
4736.80428183023  1.981650E-13
4736.84240444088  1.296518E-13
4736.88051242003  1.649195E-13
4736.91860576737  1.215589E-13
4736.95668448259  1.429086E-13
4736.9947485654  1.807614E-13
4737.03279801546  2.169622E-13
4737.07083283247  1.800792E-13
4737.1088530161  1.975245E-13
4737.14685856602  1.718289E-13
4737.18484948193  1.948752E-13
4737.22282576347  1.836914E-13
4737.26078741033  8.684515E-14
4737.29873442216  1.573381E-13
4737.33666679862  1.840170E-13
4737.37458453937  1.825490E-13
4737.41248764406  2.376820E-13
4737.45037611234  1.603747E-13
4737.48824994387  2.046916E-13
4737.52610913828  1.538324E-13
4737.56395369522  2.069091E-13
4737.60178361432  1.562395E-13
4737.63959889521  1.806378E-13
4737.67739953754  1.138894E-13
4737.71518554092  1.093102E-13
4737.75295690498  2.075570E-13
4737.79071362935  1.936737E-13
4737.82845571364  1.926710E-13
4737.86618315746  1.793239E-13
4737.90389596043  1.859974E-13
4737.94159412216  2.171078E-13
4737.97927764224  1.301664E-13
4738.0169465203  1.548795E-13
4738.05460075592  1.731415E-13
4738.0922403487  1.487289E-13
4738.12986529823  1.854699E-13
4738.16747560411  1.659643E-13
4738.20507126591  1.695581E-13
4738.24265228323  1.272112E-13
4738.28021865564  1.722205E-13
4738.31777038272  1.301186E-13
4738.35530746405  9.275772E-14
4738.39282989919  1.107980E-13
4738.43033768771  1.297693E-13
4738.46783082918  1.331824E-13
4738.50530932316  1.408298E-13
4738.54277316921  1.209165E-13
4738.58022236687  1.500626E-13
4738.61765691572  1.684310E-13
4738.65507681528  1.384488E-13
4738.69248206512  1.806247E-13
4738.72987266476  2.187480E-13
4738.76724861376  1.745826E-13
4738.80460991164  2.038100E-13
4738.84195655794  2.083499E-13
4738.8792885522  1.705612E-13
4738.91660589393  3.454361E-13
4738.95390858267  1.862928E-13
4738.99119661793  1.867401E-13
4739.02846999923  1.569338E-13
4739.06572872608  2.286807E-13
4739.102972798  1.758274E-13
4739.1402022145  2.570028E-13
4739.17741697508  1.871930E-13
4739.21461707924  1.716766E-13
4739.25180252649  3.065460E-13
4739.28897331632  1.353401E-13
4739.32612944821  2.411694E-13
4739.36327092168  1.110525E-13
4739.40039773619  1.898259E-13
4739.43750989124  2.754745E-13
4739.4746073863  2.448945E-13
4739.51169022086  1.582079E-13
4739.54875839438  2.097297E-13
4739.58581190634  2.155255E-13
4739.62285075622  1.109151E-13
4739.65987494347  1.250038E-13
4739.69688446756  1.397712E-13
4739.73387932795  1.421973E-13
4739.77085952408  1.421304E-13
4739.80782505543  1.040300E-13
4739.84477592145  1.534240E-13
4739.88171212156  1.690961E-13
4739.91863365523  1.889537E-13
4739.9555405219  1.682405E-13
4739.99243272099  1.450851E-13
4740.02931025195  1.451983E-13
4740.06617311422  1.674279E-13
4740.10302130722  1.596996E-13
4740.13985483038  1.672504E-13
4740.17667368312  1.470335E-13
4740.21347786486  2.119535E-13
4740.25026737503  1.459880E-13
4740.28704221303  2.090219E-13
4740.32380237828  1.783409E-13
4740.36054787019  1.593123E-13
4740.39727868816  1.305521E-13
4740.4339948316  1.646483E-13
4740.47069629991  2.656959E-13
4740.50738309248  1.592265E-13
4740.54405520871  1.543203E-13
4740.580712648  1.304370E-13
4740.61735540972  1.126617E-13
4740.65398349327  1.827790E-13
4740.69059689803  2.088298E-13
4740.72719562337  1.346211E-13
4740.76377966868  5.759513E-14
4740.80034903333  1.485634E-13
4740.83690371669  1.181714E-13
4740.87344371813  1.915989E-13
4740.90996903701  1.943275E-13
4740.9464796727  1.126144E-13
4740.98297562456  1.777776E-13
4741.01945689193  1.072679E-13
4741.05592347419  2.430664E-13
4741.09237537067  1.943875E-13
4741.12881258073  1.469680E-13
4741.16523510371  1.004139E-13
4741.20164293896  1.940602E-13
4741.2380360858  1.676858E-13
4741.27441454359  1.449147E-13
4741.31077831165  1.668361E-13
4741.34712738931  1.256662E-13
4741.38346177591  1.558936E-13
4741.41978147077  1.538339E-13
4741.45608647321  2.025768E-13
4741.49237678255  1.543779E-13
4741.52865239811  1.041837E-13
4741.5649133192  1.382156E-13
4741.60115954514  1.933256E-13
4741.63739107522  2.072616E-13
4741.67360790877  1.502810E-13
4741.70981004507  1.477442E-13
4741.74599748344  1.607110E-13
4741.78217022316  1.084816E-13
4741.81832826354  2.283075E-13
4741.85447160386  1.588839E-13
4741.89060024342  1.846976E-13
4741.9267141815  1.408940E-13
4741.96281341737  3.066410E-13
4741.99889795034  2.079798E-13
4742.03496777967  1.598494E-13
4742.07102290463  2.478925E-13
4742.10706332451  2.087070E-13
4742.14308903856  1.655269E-13
4742.17910004606  1.257730E-13
4742.21509634628  1.323492E-13
4742.25107793847  1.101220E-13
4742.28704482189  2.223138E-13
4742.32299699579  1.335896E-13
4742.35893445944  1.631437E-13
4742.39485721209  1.320892E-13
4742.43076525297  1.796549E-13
4742.46665858134  2.268330E-13
4742.50253719644  9.789421E-14
4742.53840109751  1.784086E-13
4742.57425028379  2.863409E-13
4742.61008475451  2.425245E-13
4742.6459045089  2.288141E-13
4742.68170954619  2.234211E-13
4742.71749986561  1.670188E-13
4742.75327546639  2.245370E-13
4742.78903634774  1.750803E-13
4742.82478250888  2.538714E-13
4742.86051394903  1.487607E-13
4742.89623066741  1.690680E-13
4742.93193266322  2.023082E-13
4742.96761993567  1.670145E-13
4743.00329248397  2.099564E-13
4743.03895030733  1.977361E-13
4743.07459340493  5.268893E-14
4743.11022177598  2.060789E-13
4743.14583541968  1.829521E-13
4743.18143433521  2.238906E-13
4743.21701852177  1.846150E-13
4743.25258797855  1.652943E-13
4743.28814270472  2.210028E-13
4743.32368269948  1.768736E-13
4743.35920796199  2.181850E-13
4743.39471849145  1.949669E-13
4743.43021428702  1.303852E-13
4743.46569534787  1.075424E-13
4743.50116167317  1.976463E-13
4743.53661326211  1.279156E-13
4743.57205011382  2.357009E-13
4743.60747222748  2.550143E-13
4743.64287960225  1.274018E-13
4743.67827223729  1.070920E-13
4743.71365013174  2.043755E-13
4743.74901328476  3.048552E-13
4743.7843616955  2.359507E-13
4743.81969536311  3.274214E-13
4743.85501428673  2.628107E-13
4743.8903184655  9.329153E-14
4743.92560789856  2.304634E-13
4743.96088258505  1.924489E-13
4743.99614252411  2.011888E-13
4744.03138771486  1.252822E-13
4744.06661815643  2.475021E-13
4744.10183384795  1.034394E-13
4744.13703478855  1.923091E-13
4744.17222097735  4.995313E-14
4744.20739241347  3.820369E-13
4744.24254909602  2.464941E-13
4744.27769102412  1.310437E-13
4744.31281819688  1.255070E-13
4744.34793061341  2.345801E-13
4744.38302827283  1.794136E-13
4744.41811117422  1.592469E-13
4744.45317931671  1.563542E-13
4744.48823269938  2.560526E-13
4744.52327132134  1.076600E-13
4744.55829518168  2.333177E-13
4744.59330427949  2.565133E-13
4744.62829861387  -1.493886E-14
4744.6632781839  1.833315E-13
4744.69824298867  1.820193E-13
4744.73319302727  2.084411E-13
4744.76812829877  9.923881E-14
4744.80304880225  2.078660E-13
4744.83795453679  1.811942E-13
4744.87284550147  -2.693010E-14
4744.90772169535  2.152002E-13
4744.94258311751  1.955587E-13
4744.97742976701  1.317983E-13
4745.01226164293  1.968989E-13
4745.04707874431  1.487745E-13
4745.08188107022  2.272784E-13
4745.11666861973  1.878328E-13
4745.15144139188  2.930253E-13
4745.18619938572  1.896249E-13
4745.22094260032  1.589340E-13
4745.25567103472  1.339458E-13
4745.29038468796  1.185000E-13
4745.3250835591  2.111221E-13
4745.35976764716  2.707260E-13
4745.3944369512  3.223213E-13
4745.42909147025  1.993001E-13
4745.46373120334  2.198638E-13
4745.49835614952  1.521617E-13
4745.5329663078  3.251910E-13
4745.56756167722  3.073467E-13
4745.60214225681  1.701789E-13
4745.63670804559  1.912391E-13
4745.67125904258  7.305671E-14
4745.7057952468  1.616024E-13
4745.74031665727  3.195130E-13
4745.774823273  1.469143E-13
4745.80931509301  1.728737E-13
4745.84379211631  1.619509E-13
4745.87825434191  1.388821E-13
4745.91270176882  1.748115E-13
4745.94713439603  1.983085E-13
4745.98155222256  2.708995E-13
4746.01595524741  1.614273E-13
4746.05034346956  2.043978E-13
4746.08471688802  2.090744E-13
4746.11907550178  1.788020E-13
4746.15341930983  1.430305E-13
4746.18774831117  1.313719E-13
4746.22206250478  2.814164E-13
4746.25636188965  4.026243E-13
4746.29064646475  1.010329E-13
4746.32491622908  2.471551E-13
4746.3591711816  2.864133E-13
4746.3934113213  2.209469E-13
4746.42763664716  2.470128E-13
4746.46184715814  1.316597E-13
4746.49604285322  2.383142E-13
4746.53022373137  9.122871E-15
4746.56438979154  2.564609E-13
4746.59854103272  1.276767E-13
4746.63267745385  1.564419E-13
4746.6667990539  1.974196E-13
4746.70090583184  2.360375E-13
4746.73499778661  2.206592E-13
4746.76907491717  4.560937E-14
4746.80313722248  -3.378413E-15
4746.83718470148  2.448231E-13
4746.87121735312  2.834367E-13
4746.90523517635  1.927113E-13
4746.93923817012  3.559426E-13
4746.97322633337  2.919598E-13
4747.00719966503  5.463972E-13
4747.04115816405  2.468767E-13
4747.07510182937  1.561448E-13
4747.10903065991  8.877563E-14
4747.14294465461  1.599969E-13
4747.17684381241  2.890314E-13
4747.21072813223  1.327465E-13
4747.244597613  3.077730E-13
4747.27845225364  1.792790E-13
4747.31229205308  1.613691E-13
4747.34611701024  6.609495E-14
4747.37992712404  1.858971E-13
4747.41372239339  1.880486E-13
4747.44750281722  1.760449E-13
4747.48126839443  1.265524E-13
4747.51501912394  3.592931E-13
4747.54875500466  1.683891E-13
4747.58247603549  2.685355E-13
4747.61618221535  1.982168E-13
4747.64987354313  2.443924E-13
4747.68355001774  2.280622E-13
4747.71721163809  2.968653E-13
4747.75085840306  3.747750E-14
4747.78449031156  2.707446E-13
4747.81810736249  2.030106E-13
4747.85170955472  1.973226E-13
4747.88529688717  1.910925E-13
4747.91886935871  2.796327E-13
4747.95242696824  2.263216E-13
4747.98596971464  2.152110E-13
4748.0194975968  2.781742E-13
4748.0530106136  2.236681E-13
4748.08650876392  4.443414E-13
4748.11999204664  2.658873E-13
4748.15346046063  1.943042E-13
4748.18691400478  1.844878E-13
4748.22035267796  3.624725E-13
4748.25377647903  1.909853E-13
4748.28718540688  1.149229E-13
4748.32057946036  3.781660E-13
4748.35395863835  4.527827E-14
4748.38732293971  2.787846E-13
4748.42067236331  2.521456E-13
4748.45400690801  3.357005E-13
4748.48732657266  2.596967E-13
4748.52063135613  6.471510E-15
4748.55392125727  1.879786E-13
4748.58719627494  3.954981E-13
4748.620456408  1.991464E-13
4748.65370165529  6.367836E-14
4748.68693201566  4.407465E-13
4748.72014748797  -2.312381E-12
4748.75334807106  9.908141E-14
4748.78653376377  9.273429E-14
4748.81970456495  3.182662E-13
4748.85286047345  1.639122E-13
4748.8860014881  4.200228E-13
4748.91912760773  1.366306E-13
4748.95223883121  -9.891114E-14
4748.98533515734  3.049573E-13
4749.01841658497  2.478141E-14
4749.05148311294  3.040105E-13
4749.08453474006  1.569428E-13
4749.11757146518  1.546728E-13
4749.15059328712  1.538486E-13
4749.18360020471  -6.675266E-14
4749.21659221677  2.997862E-13
4749.24956932212  1.572504E-13
4749.28253151959  2.533019E-13
4749.31547880799  2.613646E-13
4749.34841118616  3.312852E-13
4749.38132865289  1.914227E-13
4749.41423120701  1.368030E-13
4749.44711884734  -1.986895E-15
4749.47999157268  4.899821E-13
4749.51284938185  2.516527E-13
4749.54569227365  2.421578E-13
4749.5785202469  2.149919E-13
4749.6113333004  3.156744E-13
4749.64413143296  2.557056E-13
4749.67691464338  4.057070E-13
4749.70968293046  6.106915E-13
4749.74243629301  2.487478E-13
4749.77517472982  1.373187E-13
4749.8078982397  1.656663E-13
4749.84060682144  -9.801397E-15
4749.87330047382  3.722525E-13
4749.90597919566  -4.100139E-16
4749.93864298574  3.663350E-14
4749.97129184285  2.984244E-13
4750.00392576579  1.585689E-13
4750.03654475333  5.903932E-14
4750.06914880428  3.452214E-13
4750.1017379174  2.505611E-13
4750.1343120915  2.965166E-13
4750.16687132534  1.571070E-13
4750.19941561772  -4.158665E-15
4750.23194496741  1.621281E-13
4750.2644593732  4.299525E-13
4750.29695883385  9.771401E-14
4750.32944334815  1.593473E-13
4750.36191291487  6.125125E-14
4750.39436753279  4.106063E-13
4750.42680720068  1.357935E-13
4750.4592319173  1.336175E-13
4750.49164168143  1.789441E-13
4750.52403649185  8.172602E-14
4750.5564163473  9.858995E-14
4750.58878124657  1.276197E-13
4750.62113118841  3.201122E-14
4750.65346617159  2.375070E-13
4750.68578619488  2.781764E-13
4750.71809125703  1.681613E-13
4750.7503813568  2.105757E-13
4750.78265649295  3.038578E-13
4750.81491666424  6.930731E-14
4750.84716186943  1.539559E-13
4750.87939210727  5.543116E-13
4750.91160737652  4.584065E-14
4750.94380767592  2.636648E-13
4750.97599300423  1.070676E-13
4751.00816336021  7.193042E-14
4751.04031874259  4.054470E-13
4751.07245915013  -3.111571E-15
4751.10458458158  7.775263E-14
4751.13669503567  3.181176E-13
4751.16879051116  2.213478E-13
4751.20087100679  5.563141E-13
4751.2329365213  2.306572E-13
4751.26498705343  2.496361E-13
4751.29702260193  4.106542E-13
4751.32904316553  1.264062E-13
4751.36104874296  1.416836E-13
4751.39303933298  2.850815E-13
4751.42501493431  3.235999E-13
4751.45697554569  4.513584E-13
4751.48892116584  1.858532E-13
4751.52085179352  3.122369E-13
4751.55276742744  5.808992E-13
4751.58466806633  9.382366E-14
4751.61655370894  2.688974E-13
4751.64842435398  1.720570E-13
4751.68028000018  -1.212629E-13
4751.71212064627  2.725689E-13
4751.74394629098  3.144816E-13
4751.77575693302  4.673351E-13
4751.80755257113  1.323624E-13
4751.83933320403  1.537198E-13
4751.87109883043  -6.062962E-14
4751.90284944907  2.310007E-13
4751.93458505864  4.666071E-13
4751.9663056579  -2.971860E-14
4751.99801124553  -2.486450E-14
4752.02970182026  1.552535E-13
4752.06137738081  1.518729E-13
4752.0930379259  1.148941E-13
4752.12468345423  2.398018E-13
4752.15631396453  -8.485953E-15
4752.18792945549  2.565352E-13
4752.21952992584  9.277413E-14
4752.25111537428  5.144766E-15
4752.28268579953  1.898514E-13
4752.31424120029  2.005171E-13
4752.34578157527  2.461957E-13
