6498.09242854066  5.404047E-14
6498.17779147175  5.669840E-14
6498.26313484962  9.020649E-14
6498.34845865626  5.952906E-14
6498.43376287379  1.467996E-13
6498.51904748441  1.318955E-13
6498.60431247043  2.204383E-14
6498.68955781426  2.691480E-14
6498.7747834984  9.702507E-14
6498.85998950546  1.090996E-13
6498.94517581815  8.403956E-14
6499.03034241925  5.792637E-14
6499.11548929169  3.846305E-14
6499.20061641844  5.649453E-14
6499.28572378262  7.568857E-14
6499.37081136739  8.347321E-14
6499.45587915607  7.579541E-14
6499.54092713204  4.685324E-14
6499.62595527876  5.411295E-14
6499.71096357983  9.138194E-14
6499.7959520189  6.626409E-14
6499.88092057976  4.814511E-14
6499.96586924625  1.504205E-13
6500.05079800233  1.087601E-13
6500.13570683206  4.686452E-14
6500.22059571957  1.580516E-13
6500.3054646491  3.329565E-14
6500.39031360498  1.133772E-13
6500.47514257163  4.742646E-14
6500.55995153356  4.788501E-14
6500.64474047538  7.825425E-14
6500.72950938179  7.675883E-14
6500.81425823757  6.914800E-14
6500.8989870276  1.443612E-13
6500.98369573686  1.168335E-13
6501.0683843504  1.341870E-13
6501.15305285337  9.516400E-14
6501.23770123102  6.815463E-14
6501.32232946866  6.146781E-14
6501.40693755173  7.780046E-14
6501.49152546572  7.735785E-14
6501.57609319624  1.296064E-13
6501.66064072895  3.290962E-14
6501.74516804964  1.217471E-13
6501.82967514416  3.679753E-14
6501.91416199846  4.112302E-14
6501.99862859857  7.487067E-14
6502.0830749306  1.126855E-13
6502.16750098077  7.954222E-14
6502.25190673536  8.219475E-14
6502.33629218075  1.385048E-13
6502.42065730339  1.054211E-13
6502.50500208984  7.443432E-14
6502.58932652672  5.571229E-14
6502.67363060075  7.461341E-14
6502.75791429873  4.076371E-14
6502.84217760754  8.340903E-14
6502.92642051414  6.512704E-14
6503.01064300558  2.910365E-14
6503.094845069  7.875352E-14
6503.1790266916  8.422896E-14
6503.26318786068  4.150881E-14
6503.34732856363  4.750745E-14
6503.4314487879  7.891387E-14
6503.51554852101  4.554222E-14
6503.59962775062  8.305935E-14
6503.68368646439  1.001057E-13
6503.76772465014  7.483484E-14
6503.8517422957  7.049071E-14
6503.93573938903  9.749941E-14
6504.01971591814  7.451439E-14
6504.10367187113  6.811483E-14
6504.18760723619  8.012653E-14
6504.27152200156  8.675238E-14
6504.35541615559  4.431040E-14
6504.43928968668  5.444767E-14
6504.52314258333  8.729961E-14
6504.6069748341  1.238827E-13
6504.69078642764  5.589683E-14
6504.77457735267  5.526739E-14
6504.85834759798  1.077538E-13
6504.94209715245  3.875158E-14
6505.02582600503  4.136296E-14
6505.10953414474  7.332972E-14
6505.19322156069  7.090935E-14
6505.27688824204  7.014357E-14
6505.36053417805  1.058730E-13
6505.44415935804  6.206927E-14
6505.52776377141  9.885989E-14
6505.61134740763  3.527260E-14
6505.69491025624  8.689335E-14
6505.77845230687  7.938124E-14
6505.8619735492  5.598101E-14
6505.945473973  6.522297E-14
6506.0289535681  9.855384E-14
6506.11241232441  7.199962E-14
6506.19585023191  7.195203E-14
6506.27926728066  6.501529E-14
6506.36266346078  5.636678E-14
6506.44603876245  1.236696E-13
6506.52939317594  6.588587E-14
6506.61272669159  7.128579E-14
6506.6960392998  5.342597E-14
6506.77933099105  1.229989E-13
6506.86260175588  6.149813E-14
6506.94585158489  6.994549E-14
6507.02908046878  1.015554E-13
6507.1122883983  5.883668E-14
6507.19547536425  7.716118E-14
6507.27864135754  9.434537E-14
6507.36178636911  1.047056E-13
6507.44491038998  7.799934E-14
6507.52801341126  6.244164E-14
6507.61109542408  6.132328E-14
6507.69415641969  7.798464E-14
6507.77719638936  4.203650E-14
6507.86021532445  8.183170E-14
6507.94321321639  4.635410E-14
6508.02619005666  5.930262E-14
6508.10914583682  6.814857E-14
6508.19208054849  7.961443E-14
6508.27499418334  6.749457E-14
6508.35788673313  8.750727E-14
6508.44075818966  6.606055E-14
6508.52360854482  8.247301E-14
6508.60643779054  8.301836E-14
6508.68924591883  6.099162E-14
6508.77203292176  4.997136E-14
6508.85479879145  6.493487E-14
6508.9375435201  3.626692E-14
6509.02026709996  7.027408E-14
6509.10296952335  9.028053E-14
6509.18565078265  6.708527E-14
6509.2683108703  4.628269E-14
6509.35094977881  6.944488E-14
6509.43356750073  6.625379E-14
6509.51616402869  5.780244E-14
6509.59873935538  8.954183E-14
6509.68129347355  7.497751E-14
6509.76382637599  7.482047E-14
6509.84633805557  8.999459E-14
6509.92882850523  6.742433E-14
6510.01129771794  8.728790E-14
6510.09374568675  7.623308E-14
6510.17617240477  5.647507E-14
6510.25857786515  4.022940E-14
6510.34096206111  6.884116E-14
6510.42332498593  7.384349E-14
6510.50566663295  9.044569E-14
6510.58798699557  6.440585E-14
6510.67028606723  6.845554E-14
6510.75256384144  5.202973E-14
6510.83482031176  5.665670E-14
6510.91705547183  4.985052E-14
6510.99926931532  7.597735E-14
6511.08146183595  8.934230E-14
6511.16363302752  7.319204E-14
6511.24578288388  9.954731E-14
6511.32791139894  7.267758E-14
6511.41001856663  7.674165E-14
6511.49210438099  4.799897E-14
6511.57416883607  8.131087E-14
6511.65621192599  5.861637E-14
6511.73823364493  5.508671E-14
6511.82023398712  5.253972E-14
6511.90221294684  5.549175E-14
6511.98417051842  6.994142E-14
6512.06610669626  5.521493E-14
6512.14802147481  8.314717E-14
6512.22991484854  8.466535E-14
6512.31178681201  1.062621E-13
6512.39363735983  2.643885E-14
6512.47546648664  7.010597E-14
6512.55727418715  7.828391E-14
6512.63906045611  7.758022E-14
6512.72082528833  4.908883E-14
6512.80256867867  6.583803E-14
6512.88429062203  6.104335E-14
6512.96599111338  8.016982E-14
6513.04767014773  6.904098E-14
6513.12932772013  7.087379E-14
6513.2109638257  4.098098E-14
6513.2925784596  9.506040E-14
6513.37417161704  7.513227E-14
6513.45574329327  7.258929E-14
6513.5372934836  6.550060E-14
6513.6188221834  6.232312E-14
6513.70032938806  7.189454E-14
6513.78181509304  8.304341E-14
6513.86327929384  7.231440E-14
6513.94472198601  7.831887E-14
6514.02614316515  7.762427E-14
6514.1075428269  5.442519E-14
6514.18892096695  7.465967E-14
6514.27027758106  7.681509E-14
6514.35161266499  5.461294E-14
6514.43292621459  4.657968E-14
6514.51421822573  5.576422E-14
6514.59548869434  6.753533E-14
6514.67673761638  6.604138E-14
6514.75796498789  5.626460E-14
6514.83917080491  4.951143E-14
6514.92035506356  5.779179E-14
6515.00151775999  6.569319E-14
6515.08265889039  8.746125E-14
6515.16377845102  5.120756E-14
6515.24487643815  6.239694E-14
6515.32595284812  8.457513E-14
6515.4070076773  6.460774E-14
6515.48804092211  5.676564E-14
6515.56905257901  6.516805E-14
6515.65004264451  6.234053E-14
6515.73101111516  6.662218E-14
6515.81195798755  5.855374E-14
6515.89288325831  5.764007E-14
6515.97378692412  5.389659E-14
6516.0546689817  8.089857E-14
6516.13552942781  5.758221E-14
6516.21636825925  5.554387E-14
6516.29718547287  7.717113E-14
6516.37798106555  4.987992E-14
6516.45875503423  5.664861E-14
6516.53950737587  6.988714E-14
6516.62023808748  4.540953E-14
6516.7009471661  6.392009E-14
6516.78163460884  4.527635E-14
6516.86230041282  7.993973E-14
6516.94294457521  5.879098E-14
6517.02356709322  7.865349E-14
6517.10416796411  5.845127E-14
6517.18474718516  7.502313E-14
6517.2653047537  7.429856E-14
6517.3458406671  7.176204E-14
6517.42635492276  8.126108E-14
6517.50684751814  5.975252E-14
6517.58731845071  7.800139E-14
6517.667767718  6.848812E-14
6517.74819531756  8.397405E-14
6517.82860124701  5.474696E-14
6517.90898550395  6.803799E-14
6517.98934808608  6.091631E-14
6518.06968899111  7.407202E-14
6518.15000821677  6.449021E-14
6518.23030576086  6.508264E-14
6518.3105816212  7.075767E-14
6518.39083579564  8.129819E-14
6518.47106828207  6.790774E-14
6518.55127907843  6.385513E-14
6518.63146818267  6.608870E-14
6518.71163559281  7.612480E-14
6518.79178130688  6.474151E-14
6518.87190532294  8.658185E-14
6518.95200763912  6.807911E-14
6519.03208825354  4.928756E-14
6519.11214716438  8.155100E-14
6519.19218436987  5.749986E-14
6519.27219986824  6.851913E-14
6519.35219365776  7.227458E-14
6519.43216573677  7.295724E-14
6519.51211610359  6.000871E-14
6519.59204475663  8.205755E-14
6519.67195169428  6.671615E-14
6519.751836915  9.258647E-14
6519.83170041727  7.152135E-14
6519.9115421996  6.854630E-14
6519.99136226054  6.585230E-14
6520.07116059867  5.554219E-14
6520.1509372126  7.036173E-14
6520.23069210097  6.474607E-14
6520.31042526246  7.137803E-14
6520.39013669578  6.978134E-14
6520.46982639967  7.113343E-14
6520.54949437289  6.259578E-14
6520.62914061425  6.702082E-14
6520.70876512258  5.987052E-14
6520.78836789675  5.898363E-14
6520.86794893565  7.330671E-14
6520.9475082382  6.448209E-14
6521.02704580337  6.218152E-14
6521.10656163013  6.673636E-14
6521.1860557175  7.069147E-14
6521.26552806453  1.033850E-13
6521.3449786703  8.638997E-14
6521.4244075339  7.315800E-14
6521.50381465447  6.540272E-14
6521.58320003119  6.805877E-14
6521.66256366323  6.701731E-14
6521.74190554982  7.021737E-14
6521.82122569021  5.595374E-14
6521.90052408368  7.570635E-14
6521.97980072954  6.815135E-14
6522.05905562712  8.888886E-14
6522.13828877577  5.598902E-14
6522.21750017491  6.075389E-14
6522.29668982394  5.638190E-14
6522.3758577223  5.152414E-14
6522.45500386947  6.713736E-14
6522.53412826496  6.759649E-14
6522.61323090829  6.900046E-14
6522.69231179901  6.707196E-14
6522.77137093671  7.273135E-14
6522.85040832099  6.286601E-14
6522.92942395148  7.292780E-14
6523.00841782785  4.857212E-14
6523.08738994978  6.781206E-14
6523.16634031699  7.884949E-14
6523.2452689292  7.557925E-14
6523.32417578619  5.637667E-14
6523.40306088774  5.814860E-14
6523.48192423367  9.349333E-14
6523.56076582381  6.863999E-14
6523.63958565803  5.455565E-14
6523.71838373622  7.780846E-14
6523.79716005828  7.335524E-14
6523.87591462416  6.963689E-14
6523.95464743382  6.345084E-14
6524.03335848724  5.870884E-14
6524.11204778444  6.309316E-14
6524.19071532544  6.490267E-14
6524.26936111031  5.735265E-14
6524.34798513912  6.601026E-14
6524.42658741198  7.123506E-14
6524.50516792902  5.497467E-14
6524.58372669038  6.715136E-14
6524.66226369624  5.670727E-14
6524.74077894679  6.840440E-14
6524.81927244226  6.781320E-14
6524.89774418287  8.229106E-14
6524.97619416891  6.403874E-14
6525.05462240065  7.139323E-14
6525.13302887839  6.982633E-14
6525.21141360248  7.538328E-14
6525.28977657325  6.817456E-14
6525.36811779109  6.116399E-14
6525.44643725638  6.191982E-14
6525.52473496953  5.668616E-14
6525.60301093099  4.293459E-14
6525.68126514122  5.259117E-14
6525.75949760068  4.923030E-14
6525.83770830989  5.932517E-14
6525.91589726934  5.726120E-14
6525.9940644796  5.756483E-14
6526.07220994122  5.689944E-14
6526.15033365477  6.141071E-14
6526.22843562085  6.497832E-14
6526.30651584009  5.450998E-14
6526.38457431312  7.331977E-14
6526.46261104061  6.351767E-14
6526.54062602323  6.699332E-14
6526.61861926167  7.477500E-14
6526.69659075666  6.780714E-14
6526.77454050893  4.520938E-14
6526.85246851923  6.823974E-14
6526.93037478834  8.095526E-14
6527.00825931705  6.468283E-14
6527.08612210616  6.795931E-14
6527.16396315651  7.218167E-14
6527.24178246895  5.550636E-14
6527.31958004433  6.704655E-14
6527.39735588354  5.596710E-14
6527.47510998748  6.413569E-14
6527.55284235706  5.996515E-14
6527.63055299323  5.834389E-14
6527.70824189692  5.346173E-14
6527.78590906913  5.128688E-14
6527.86355451082  5.836439E-14
6527.94117822301  5.787432E-14
6528.01878020671  5.349398E-14
6528.09636046296  6.086405E-14
6528.17391899282  6.489209E-14
6528.25145579735  5.845956E-14
6528.32897087765  5.803649E-14
6528.40646423481  5.850871E-14
6528.48393586995  6.985595E-14
6528.56138578421  5.122309E-14
6528.63881397874  5.371176E-14
6528.7162204547  5.949763E-14
6528.79360521328  5.561237E-14
6528.87096825567  6.591282E-14
6528.94830958308  6.029269E-14
6529.02562919675  6.860314E-14
6529.10292709791  7.062368E-14
6529.18020328782  6.576406E-14
6529.25745776776  5.232875E-14
6529.33469053901  5.625259E-14
6529.41190160287  7.217625E-14
6529.48909096066  6.285994E-14
6529.5662586137  5.902232E-14
6529.64340456335  5.834320E-14
6529.72052881096  6.150250E-14
6529.79763135791  6.552496E-14
6529.87471220557  6.569452E-14
6529.95177135535  6.214971E-14
6530.02880880866  6.590063E-14
6530.10582456694  6.050463E-14
6530.18281863161  4.728402E-14
6530.25979100413  5.503686E-14
6530.33674168597  5.877855E-14
6530.41367067862  6.384455E-14
6530.49057798355  6.097620E-14
6530.56746360228  6.076015E-14
6530.64432753632  5.885869E-14
6530.7211697872  5.678669E-14
6530.79799035647  6.019839E-14
6530.87478924568  5.014551E-14
6530.9515664564  6.177953E-14
6531.02832199022  5.469278E-14
6531.1050558487  4.719662E-14
6531.18176803347  4.639711E-14
6531.25845854614  6.489298E-14
6531.33512738833  5.279583E-14
6531.41177456168  4.972790E-14
6531.48840006784  6.598228E-14
6531.56500390847  5.627639E-14
6531.64158608525  6.149470E-14
6531.71814659985  5.590338E-14
6531.79468545396  6.595545E-14
6531.8712026493  6.665031E-14
6531.94769818759  6.123391E-14
6532.02417207053  4.687457E-14
6532.10062429988  6.106704E-14
6532.17705487738  5.745388E-14
6532.25346380478  5.308734E-14
6532.32985108385  5.240223E-14
6532.40621671638  5.188284E-14
6532.48256070414  5.717996E-14
6532.55888304895  4.780710E-14
6532.63518375259  5.748630E-14
6532.71146281689  5.837004E-14
6532.78772024368  5.285622E-14
6532.8639560348  6.423374E-14
6532.94017019208  5.980599E-14
6533.01636271738  5.800655E-14
6533.09253361258  6.872672E-14
6533.16868287953  4.997741E-14
6533.24481052012  6.207867E-14
6533.32091653624  6.616818E-14
6533.3970009298  6.673957E-14
6533.4730637027  5.619975E-14
6533.54910485686  7.124592E-14
6533.62512439419  6.041179E-14
6533.70112231665  5.642165E-14
6533.77709862616  5.238146E-14
6533.85305332468  5.656293E-14
6533.92898641416  5.209051E-14
6534.00489789658  5.280628E-14
6534.0807877739  5.601417E-14
6534.15665604811  6.227999E-14
6534.2325027212  6.152294E-14
6534.30832779517  6.634245E-14
6534.38413127202  6.102642E-14
6534.45991315375  5.916969E-14
6534.5356734424  6.519568E-14
6534.61141213999  5.905951E-14
6534.68712924855  6.160531E-14
6534.76282477012  6.006805E-14
6534.83849870675  6.168008E-14
6534.9141510605  5.921421E-14
6534.98978183342  6.431986E-14
6535.06539102759  4.743560E-14
6535.14097864508  5.933305E-14
6535.21654468797  5.940685E-14
6535.29208915835  5.619696E-14
6535.3676120583  5.922837E-14
6535.44311338994  6.148441E-14
6535.51859315538  7.064541E-14
6535.59405135671  6.364433E-14
6535.66948799606  6.502604E-14
6535.74490307555  6.571620E-14
6535.82029659732  6.043923E-14
6535.89566856349  5.894339E-14
6535.97101897622  5.348639E-14
6536.04634783764  4.901546E-14
6536.12165514992  6.264788E-14
6536.1969409152  5.906836E-14
6536.27220513565  5.991547E-14
6536.34744781344  6.985480E-14
6536.42266895074  5.814956E-14
6536.49786854973  5.220049E-14
6536.57304661259  5.544837E-14
6536.64820314152  5.486517E-14
6536.72333813869  5.604661E-14
6536.79845160632  4.649435E-14
6536.8735435466  6.316247E-14
6536.94861396175  5.577983E-14
6537.02366285396  4.732437E-14
6537.09869022546  5.510132E-14
6537.17369607847  5.910601E-14
6537.24868041521  6.341114E-14
6537.3236432379  5.455750E-14
6537.39858454879  6.095730E-14
6537.47350435011  6.095882E-14
6537.54840264409  6.161488E-14
6537.62327943298  6.205073E-14
6537.69813471903  5.886603E-14
6537.77296850449  5.976072E-14
6537.84778079162  6.409052E-14
6537.92257158267  6.409506E-14
6537.9973408799  6.254432E-14
6538.07208868559  5.954475E-14
6538.146815002  6.549106E-14
6538.22151983139  6.189417E-14
6538.29620317605  6.444737E-14
6538.37086503826  6.142360E-14
6538.44550542029  5.821398E-14
6538.52012432442  6.886517E-14
6538.59472175296  5.309056E-14
6538.66929770817  7.000624E-14
6538.74385219237  7.373464E-14
6538.81838520783  5.724207E-14
6538.89289675686  6.264618E-14
6538.96738684176  6.561172E-14
6539.04185546484  5.700007E-14
6539.11630262839  6.175580E-14
6539.19072833472  5.305494E-14
6539.26513258614  5.850345E-14
6539.33951538497  6.369833E-14
6539.41387673351  6.658237E-14
6539.48821663408  6.873860E-14
6539.562535089  6.857777E-14
6539.63683210059  5.715210E-14
6539.71110767117  6.239016E-14
6539.78536180306  6.397851E-14
6539.85959449858  6.471827E-14
6539.93380576007  5.959316E-14
6540.00799558984  6.184469E-14
6540.08216399024  6.605956E-14
6540.15631096357  7.259348E-14
6540.23043651219  6.464948E-14
6540.30454063843  6.344979E-14
6540.37862334461  5.973185E-14
6540.45268463307  5.751283E-14
6540.52672450615  7.460130E-14
6540.60074296619  6.671615E-14
6540.67474001552  8.097686E-14
6540.74871565648  6.124577E-14
6540.82266989142  5.785688E-14
6540.89660272267  6.688019E-14
6540.97051415258  5.741483E-14
6541.04440418349  6.450965E-14
6541.11827281773  5.653681E-14
6541.19212005767  6.044279E-14
6541.26594590563  5.687201E-14
6541.33975036396  5.221192E-14
6541.41353343501  6.344009E-14
6541.48729512112  5.734591E-14
6541.56103542464  5.687765E-14
6541.6347543479  5.708375E-14
6541.70845189327  6.631562E-14
6541.78212806308  5.642751E-14
6541.85578285967  6.052607E-14
6541.92941628541  6.691517E-14
6542.00302834262  6.205817E-14
6542.07661903365  6.373515E-14
6542.15018836085  6.098816E-14
6542.22373632657  5.682942E-14
6542.29726293314  6.825374E-14
6542.37076818291  6.181776E-14
6542.44425207823  5.522083E-14
6542.51771462144  5.169258E-14
6542.59115581487  6.501765E-14
6542.66457566088  6.086070E-14
6542.7379741618  5.626197E-14
6542.81135131998  7.077966E-14
6542.88470713774  6.349869E-14
6542.95804161744  5.812906E-14
6543.03135476141  6.574075E-14
6543.10464657199  6.390672E-14
6543.1779170515  6.796577E-14
6543.2511662023  6.202933E-14
6543.32439402671  5.502729E-14
6543.39760052706  5.970473E-14
6543.47078570569  5.590437E-14
6543.54394956492  5.798051E-14
6543.61709210709  5.837272E-14
6543.69021333453  6.571498E-14
6543.76331324955  5.980239E-14
6543.83639185449  6.407236E-14
6543.90944915167  5.942274E-14
6543.98248514341  6.183557E-14
6544.05549983203  5.071251E-14
6544.12849321985  5.953921E-14
6544.20146530919  5.668089E-14
6544.27441610236  5.829283E-14
6544.34734560168  5.808172E-14
6544.42025380946  6.702418E-14
6544.49314072801  5.760398E-14
6544.56600635963  6.580531E-14
6544.63885070664  6.016781E-14
6544.71167377134  6.152403E-14
6544.78447555603  5.652997E-14
6544.85725606301  6.560727E-14
6544.93001529458  6.389781E-14
6545.00275325304  6.820938E-14
6545.07546994067  6.327226E-14
6545.14816535978  6.639633E-14
6545.22083951265  6.642596E-14
6545.29349240156  5.607544E-14
6545.36612402881  5.705193E-14
6545.43873439667  7.653710E-14
6545.51132350743  6.139449E-14
6545.58389136336  6.146382E-14
6545.65643796674  5.872023E-14
6545.72896331983  7.320274E-14
6545.80146742492  6.257218E-14
6545.87395028426  6.021956E-14
6545.94641190012  6.333553E-14
6546.01885227477  6.227230E-14
6546.09127141046  5.438135E-14
6546.16366930944  5.327701E-14
6546.23604597398  7.249658E-14
6546.30840140632  6.800783E-14
6546.3807356087  7.174611E-14
6546.45304858338  5.038394E-14
6546.5253403326  6.667856E-14
6546.59761085859  7.962411E-14
6546.66986016359  6.165027E-14
6546.74208824983  6.274644E-14
6546.81429511954  6.324964E-14
6546.88648077495  5.636939E-14
6546.95864521828  6.965088E-14
6547.03078845175  6.134087E-14
6547.10291047757  6.703561E-14
6547.17501129797  7.641507E-14
6547.24709091515  6.810246E-14
6547.3191493313  7.762206E-14
6547.39118654866  7.967509E-14
6547.46320256939  6.966635E-14
6547.53519739572  8.291504E-14
6547.60717102982  8.743191E-14
6547.67912347389  8.849898E-14
6547.75105473011  8.631877E-14
6547.82296480066  9.305888E-14
6547.89485368773  8.730226E-14
6547.96672139348  1.073012E-13
6548.0385679201  9.011333E-14
6548.11039326973  8.684228E-14
6548.18219744456  8.392684E-14
6548.25398044673  7.621949E-14
6548.32574227841  8.825789E-14
6548.39748294175  8.587127E-14
6548.46920243889  7.604416E-14
6548.54090077198  7.277866E-14
6548.61257794316  7.849202E-14
6548.68423395456  7.314009E-14
6548.75586880833  7.677734E-14
6548.82748250658  7.222590E-14
6548.89907505144  7.644783E-14
6548.97064644503  7.515734E-14
6549.04219668947  7.249338E-14
6549.11372578688  8.061623E-14
6549.18523373935  7.852600E-14
6549.25672054899  8.574749E-14
6549.3281862179  7.861652E-14
6549.39963074817  7.911977E-14
6549.47105414191  9.012864E-14
6549.54245640119  6.490578E-14
6549.6138375281  7.810286E-14
6549.68519752471  7.358362E-14
6549.7565363931  7.387964E-14
6549.82785413534  6.365385E-14
6549.8991507535  6.666066E-14
6549.97042624963  6.454893E-14
6550.04168062579  6.474859E-14
6550.11291388403  5.991448E-14
6550.1841260264  7.227193E-14
6550.25531705495  6.386878E-14
6550.3264869717  5.377290E-14
6550.3976357787  6.239325E-14
6550.46876347797  5.664857E-14
6550.53987007154  6.496810E-14
6550.61095556143  7.326301E-14
6550.68201994965  8.510974E-14
6550.75306323822  9.724328E-14
6550.82408542913  1.211042E-13
6550.8950865244  1.473376E-13
6550.96606652601  1.667769E-13
6551.03702543596  2.027713E-13
6551.10796325624  2.194659E-13
6551.17887998882  2.415222E-13
6551.24977563569  2.389944E-13
6551.32065019882  2.213699E-13
6551.39150368018  2.338123E-13
6551.46233608172  2.136921E-13
6551.53314740541  1.994285E-13
6551.6039376532  1.974636E-13
6551.67470682703  1.894383E-13
6551.74545492886  1.860619E-13
6551.81618196062  1.758351E-13
6551.88688792423  1.585081E-13
6551.95757282164  1.355750E-13
6552.02823665477  1.388268E-13
6552.09887942552  1.318870E-13
6552.16950113583  1.273856E-13
6552.24010178758  1.218631E-13
6552.3106813827  1.175296E-13
6552.38123992307  1.128464E-13
6552.45177741059  1.039543E-13
6552.52229384714  9.461418E-14
6552.59278923462  8.628918E-14
6552.66326357489  9.741868E-14
6552.73371686983  7.792644E-14
6552.80414912131  8.519432E-14
6552.87456033119  7.233041E-14
6552.94495050132  7.047563E-14
6553.01531963357  7.152396E-14
6553.08566772977  7.631449E-14
6553.15599479176  7.871979E-14
6553.22630082139  6.642971E-14
6553.29658582048  6.632147E-14
6553.36684979086  7.060903E-14
6553.43709273435  6.313817E-14
6553.50731465277  6.415500E-14
6553.57751554792  6.461545E-14
6553.64769542161  6.226202E-14
6553.71785427564  6.059604E-14
6553.7879921118  6.437888E-14
6553.85810893188  6.237524E-14
6553.92820473767  5.354890E-14
6553.99827953094  6.660852E-14
6554.06833331347  5.668129E-14
6554.13836608701  5.620670E-14
6554.20837785334  6.252320E-14
6554.2783686142  7.087397E-14
6554.34833837136  5.775889E-14
6554.41828712656  6.129715E-14
6554.48821488153  6.480353E-14
6554.55812163801  6.337889E-14
6554.62800739773  6.132094E-14
6554.69787216242  5.308822E-14
6554.76771593379  6.366619E-14
6554.83753871355  5.964965E-14
6554.90734050342  5.922559E-14
6554.97712130509  5.308249E-14
6555.04688112027  5.674960E-14
6555.11661995063  6.519485E-14
6555.18633779787  6.334936E-14
6555.25603466367  6.077993E-14
6555.3257105497  6.052954E-14
6555.39536545764  6.342935E-14
6555.46499938914  5.047893E-14
6555.53461234585  6.055182E-14
6555.60420432945  7.084321E-14
6555.67377534157  6.213624E-14
6555.74332538384  6.464858E-14
6555.81285445792  6.064170E-14
6555.88236256543  6.132758E-14
6555.951849708  5.875437E-14
6556.02131588723  6.975329E-14
6556.09076110475  5.103445E-14
6556.16018536217  5.687958E-14
6556.22958866109  6.739727E-14
6556.29897100309  5.900733E-14
6556.36833238979  5.118036E-14
6556.43767282276  6.329309E-14
6556.50699230358  6.727640E-14
6556.57629083382  6.748492E-14
6556.64556841506  6.034875E-14
6556.71482504886  4.988640E-14
6556.78406073678  6.144630E-14
6556.85327548037  6.204545E-14
6556.92246928117  6.073380E-14
6556.99164214073  5.768002E-14
6557.06079406058  5.928802E-14
6557.12992504226  5.937544E-14
6557.19903508728  5.731385E-14
6557.26812419718  6.504695E-14
6557.33719237344  6.911783E-14
6557.4062396176  6.970387E-14
6557.47526593115  6.516724E-14
6557.54427131558  6.157459E-14
6557.61325577239  6.042364E-14
6557.68221930307  5.966325E-14
6557.75116190908  6.158312E-14
6557.82008359191  7.291596E-14
6557.88898435303  6.332040E-14
6557.95786419389  6.577449E-14
6558.02672311596  5.523423E-14
6558.09556112069  6.378834E-14
6558.16437820952  5.714190E-14
6558.2331743839  6.638809E-14
6558.30194964525  6.173293E-14
6558.37070399502  5.190381E-14
6558.43943743461  5.881022E-14
6558.50814996546  6.472423E-14
6558.57684158898  5.804079E-14
6558.64551230656  5.299131E-14
6558.71416211963  6.094702E-14
6558.78279102956  6.015179E-14
6558.85139903775  5.851716E-14
6558.91998614559  6.369160E-14
6558.98855235445  6.080143E-14
6559.05709766571  6.566951E-14
6559.12562208074  6.401228E-14
6559.19412560091  6.288419E-14
6559.26260822756  6.210041E-14
6559.33106996206  5.795853E-14
6559.39951080574  7.338586E-14
6559.46793075996  5.610401E-14
6559.53632982603  5.868867E-14
6559.60470800531  6.048750E-14
6559.6730652991  6.401605E-14
6559.74140170873  6.590372E-14
6559.80971723551  5.834753E-14
6559.87801188075  6.151567E-14
6559.94628564576  6.848093E-14
6560.01453853183  6.207836E-14
6560.08277054025  6.244553E-14
6560.15098167231  7.158048E-14
6560.21917192929  6.336819E-14
6560.28734131246  6.884249E-14
6560.3554898231  6.285068E-14
6560.42361746247  7.080420E-14
6560.49172423183  6.977922E-14
6560.55981013244  6.777874E-14
6560.62787516554  6.992823E-14
6560.69591933236  7.207205E-14
6560.76394263417  6.849136E-14
6560.83194507218  6.936867E-14
6560.89992664762  7.172125E-14
6560.96788736172  7.671239E-14
6561.03582721569  8.012789E-14
6561.10374621074  8.870779E-14
6561.17164434808  8.946323E-14
6561.23952162891  8.920609E-14
6561.30737805442  9.610872E-14
6561.3752136258  9.620220E-14
6561.44302834425  1.006982E-13
6561.51082221093  1.116683E-13
6561.57859522702  1.126277E-13
6561.64634739369  1.068152E-13
6561.71407871211  1.102838E-13
6561.78178918343  1.181516E-13
6561.84947880881  1.384698E-13
6561.91714758939  1.371336E-13
6561.98479552631  1.571807E-13
6562.05242262072  1.617357E-13
6562.12002887375  1.692318E-13
6562.18761428652  1.750285E-13
6562.25517886016  1.786110E-13
6562.32272259578  1.925412E-13
6562.3902454945  1.878000E-13
6562.45774755742  1.923530E-13
6562.52522878564  1.988147E-13
6562.59268918026  1.996851E-13
6562.66012874238  2.161254E-13
6562.72754747307  2.028087E-13
6562.79494537342  1.938681E-13
6562.86232244451  1.805614E-13
6562.92967868741  1.997414E-13
6562.99701410318  1.992949E-13
6563.06432869288  1.867905E-13
6563.13162245757  1.952548E-13
6563.19889539831  1.979415E-13
6563.26614751614  1.975752E-13
6563.3333788121  1.965312E-13
6563.40058928722  1.935576E-13
6563.46777894255  1.975791E-13
6563.5349477791  1.967080E-13
6563.6020957979  2.047103E-13
6563.66922299996  2.017495E-13
6563.7363293863  1.945501E-13
6563.80341495792  2.079270E-13
6563.87047971582  2.114384E-13
6563.93752366102  1.892932E-13
6564.00454679448  1.953086E-13
6564.07154911722  1.976986E-13
6564.1385306302  1.863836E-13
6564.2054913344  1.935790E-13
6564.27243123081  1.839433E-13
6564.33935032039  1.894779E-13
6564.40624860409  1.845515E-13
6564.4731260829  1.877747E-13
6564.53998275775  2.071524E-13
6564.60681862959  2.149177E-13
6564.67363369939  2.332694E-13
6564.74042796807  2.610119E-13
6564.80720143656  2.792872E-13
6564.87395410581  2.952490E-13
6564.94068597674  3.040910E-13
6565.00739705028  3.030017E-13
6565.07408732733  3.189912E-13
6565.14075680882  3.217740E-13
6565.20740549565  3.382001E-13
6565.27403338873  3.726821E-13
6565.34064048896  3.949816E-13
6565.40722679723  4.586515E-13
6565.47379231444  5.237271E-13
6565.54033704147  6.003124E-13
6565.6068609792  7.209307E-13
6565.67336412851  8.654797E-13
6565.73984649028  9.643833E-13
6565.80630806537  1.050229E-12
6565.87274885465  1.080538E-12
6565.93916885898  1.119008E-12
6566.00556807922  1.142449E-12
6566.07194651622  1.110045E-12
6566.13830417081  1.073304E-12
6566.20464104386  9.871364E-13
6566.2709571362  9.432795E-13
6566.33725244866  8.820938E-13
6566.40352698207  8.044964E-13
6566.46978073726  7.043222E-13
6566.53601371505  6.479137E-13
6566.60222591627  5.829120E-13
6566.66841734172  5.339230E-13
6566.73458799221  4.760779E-13
6566.80073786856  4.250800E-13
6566.86686697155  3.819424E-13
6566.932975302  3.496396E-13
6566.99906286069  3.152651E-13
6567.06512964842  2.830155E-13
6567.13117566597  2.733239E-13
6567.19720091411  2.532204E-13
6567.26320539364  2.443884E-13
6567.32918910532  2.177542E-13
6567.39515204992  1.992022E-13
6567.46109422821  1.853528E-13
6567.52701564096  1.586349E-13
6567.59291628892  1.420943E-13
6567.65879617284  1.416328E-13
6567.72465529348  1.302595E-13
6567.79049365158  1.154901E-13
6567.85631124788  1.025491E-13
6567.92210808314  1.048477E-13
6567.98788415807  8.396100E-14
6568.05363947342  9.353680E-14
6568.11937402991  9.115469E-14
6568.18508782827  8.113117E-14
6568.25078086921  8.202031E-14
6568.31645315346  9.318613E-14
6568.38210468173  7.966956E-14
6568.44773545474  7.038134E-14
6568.51334547317  7.782583E-14
6568.57893473775  7.260169E-14
6568.64450324917  5.924851E-14
6568.71005100812  6.535440E-14
6568.7755780153  6.612298E-14
6568.8410842714  7.379694E-14
6568.90656977711  7.648136E-14
6568.97203453309  6.384028E-14
6569.03747854005  7.433598E-14
6569.10290179864  6.350163E-14
6569.16830430955  6.902262E-14
6569.23368607345  7.014609E-14
6569.29904709099  6.346242E-14
6569.36438736284  6.346987E-14
6569.42970688966  6.358474E-14
6569.4950056721  6.861162E-14
6569.56028371083  7.309333E-14
6569.62554100649  6.222486E-14
6569.69077755971  6.798780E-14
6569.75599337116  5.668938E-14
6569.82118844147  6.333106E-14
6569.88636277127  6.137212E-14
6569.9515163612  6.490700E-14
6570.01664921189  5.647450E-14
6570.08176132397  5.606401E-14
6570.14685269806  6.043258E-14
6570.21192333479  5.858678E-14
6570.27697323477  6.655511E-14
6570.34200239862  7.007226E-14
6570.40701082696  6.050567E-14
6570.47199852039  5.510871E-14
6570.53696547952  6.662829E-14
6570.60191170495  5.241809E-14
6570.6668371973  6.624105E-14
6570.73174195715  6.269597E-14
6570.7966259851  6.350318E-14
6570.86148928175  6.160229E-14
6570.92633184768  6.250388E-14
6570.99115368349  5.903713E-14
6571.05595478975  6.318169E-14
6571.12073516706  6.000198E-14
6571.18549481599  5.387094E-14
6571.25023373712  5.505690E-14
6571.31495193103  6.396188E-14
6571.37964939828  5.733923E-14
6571.44432613944  6.199293E-14
6571.50898215509  6.267055E-14
6571.57361744579  6.351836E-14
6571.6382320121  5.911992E-14
6571.70282585457  6.507781E-14
6571.76739897378  6.020551E-14
6571.83195137026  6.221356E-14
6571.89648304458  5.643073E-14
6571.96099399729  6.436302E-14
6572.02548422892  6.810313E-14
6572.08995374004  6.133948E-14
6572.15440253117  5.026533E-14
6572.21883060287  5.885105E-14
6572.28323795566  6.225924E-14
6572.3476245901  6.898417E-14
6572.41199050671  5.821469E-14
6572.47633570602  6.627623E-14
6572.54066018856  6.576312E-14
6572.60496395487  4.993283E-14
6572.66924700546  6.877725E-14
6572.73350934087  5.571885E-14
6572.79775096161  5.618204E-14
6572.8619718682  5.937756E-14
6572.92617206116  6.206512E-14
6572.99035154101  5.632563E-14
6573.05451030826  6.360553E-14
6573.11864836343  5.872475E-14
6573.18276570701  7.325559E-14
6573.24686233953  5.658770E-14
6573.31093826148  4.933531E-14
6573.37499347338  6.196087E-14
6573.43902797572  6.591679E-14
6573.50304176901  5.490262E-14
6573.56703485374  6.196805E-14
6573.63100723041  5.849880E-14
6573.69495889952  6.380068E-14
6573.75888986156  5.889240E-14
6573.82280011703  5.938567E-14
6573.88668966641  6.207860E-14
6573.9505585102  6.694900E-14
6574.01440664888  6.535645E-14
6574.07823408294  5.201697E-14
6574.14204081286  6.761311E-14
6574.20582683913  6.407786E-14
6574.26959216222  5.652575E-14
6574.33333678263  6.418482E-14
6574.39706070082  6.789672E-14
6574.46076391727  5.976376E-14
6574.52444643247  5.139746E-14
6574.58810824688  5.291899E-14
6574.65174936098  6.462212E-14
6574.71536977523  5.458948E-14
6574.77896949012  5.806566E-14
6574.84254850611  6.033086E-14
6574.90610682367  6.334909E-14
6574.96964444327  5.426067E-14
6575.03316136536  4.983076E-14
6575.09665759042  6.054469E-14
6575.16013311891  6.340364E-14
6575.2235879513  6.155149E-14
6575.28702208804  6.364498E-14
6575.35043552959  4.753170E-14
6575.41382827641  6.136248E-14
6575.47720032897  5.150970E-14
6575.54055168771  7.137920E-14
6575.60388235311  4.798771E-14
6575.6671923256  5.000752E-14
6575.73048160564  6.181944E-14
6575.7937501937  4.768111E-14
6575.85699809021  4.835930E-14
6575.92022529565  5.530454E-14
6575.98343181044  5.137153E-14
6576.04661763505  5.616094E-14
6576.10978276993  5.672712E-14
6576.17292721552  5.237777E-14
6576.23605097227  5.517434E-14
6576.29915404063  5.822906E-14
6576.36223642104  5.626678E-14
6576.42529811396  5.472626E-14
6576.48833911983  5.214843E-14
6576.55135943909  5.941982E-14
6576.61435907218  5.928931E-14
6576.67733801955  5.056601E-14
6576.74029628165  5.619504E-14
6576.80323385892  6.080749E-14
6576.8661507518  4.393529E-14
6576.92904696072  4.745928E-14
6576.99192248615  5.820608E-14
6577.0547773285  5.844334E-14
6577.11761148823  6.760317E-14
6577.18042496577  5.710164E-14
6577.24321776157  5.943407E-14
6577.30598987606  6.505039E-14
6577.36874130969  6.331786E-14
6577.4314720629  6.023409E-14
6577.49418213611  5.833226E-14
6577.55687152977  5.607630E-14
6577.61954024433  6.069801E-14
6577.68218828022  6.164851E-14
6577.74481563787  5.935905E-14
6577.80742231772  5.698836E-14
6577.87000832022  6.465497E-14
6577.93257364581  6.453960E-14
6577.99511829491  6.690853E-14
6578.05764226797  7.214562E-14
6578.12014556542  7.362966E-14
6578.18262818771  5.891853E-14
6578.24509013527  6.126021E-14
6578.30753140855  5.616332E-14
6578.36995200797  5.782628E-14
6578.43235193398  5.954789E-14
6578.49473118701  5.786191E-14
6578.55708976751  5.696313E-14
6578.61942767592  6.199551E-14
6578.68174491266  5.712795E-14
6578.74404147819  6.128299E-14
6578.80631737295  5.769579E-14
6578.86857259736  5.666123E-14
6578.93080715188  5.339377E-14
6578.99302103694  6.733051E-14
6579.05521425299  5.532325E-14
6579.11738680047  5.501688E-14
6579.17953867981  6.900219E-14
6579.24166989146  5.972046E-14
6579.30378043587  6.492042E-14
6579.36587031348  5.512305E-14
6579.42793952472  4.771560E-14
6579.48998807005  5.397450E-14
6579.55201594991  4.732727E-14
6579.61402316475  5.431093E-14
6579.67600971501  6.197134E-14
6579.73797560114  5.843264E-14
6579.79992082358  6.127526E-14
6579.86184538279  5.936932E-14
6579.9237492792  6.118211E-14
6579.98563251328  5.214310E-14
6580.04749508547  6.500459E-14
6580.10933699623  6.050722E-14
6580.171158246  6.714372E-14
6580.23295883523  5.773280E-14
6580.29473876439  6.357333E-14
6580.35649803392  6.461741E-14
6580.41823664428  6.610318E-14
6580.47995459592  4.896817E-14
6580.5416518893  6.151661E-14
6580.60332852488  5.932939E-14
6580.66498450313  6.080841E-14
6580.72661982448  5.451576E-14
6580.78823448942  5.432595E-14
6580.8498284984  6.054090E-14
6580.91140185188  5.756851E-14
6580.97295455032  5.147736E-14
6581.03448659419  5.638484E-14
6581.09599798397  5.335549E-14
6581.1574887201  5.921749E-14
6581.21895880307  6.241740E-14
6581.28040823334  5.942363E-14
6581.34183701137  5.135909E-14
6581.40324513766  5.780145E-14
6581.46463261265  5.721592E-14
6581.52599943684  6.418494E-14
6581.58734561069  6.524611E-14
6581.64867113469  6.530291E-14
6581.70997600931  6.972287E-14
6581.77126023502  6.812081E-14
6581.83252381232  6.977526E-14
6581.89376674167  6.559406E-14
6581.95498902358  8.199847E-14
6582.01619065851  7.828844E-14
6582.07737164697  7.842108E-14
6582.13853198942  7.504091E-14
6582.19967168637  8.008475E-14
6582.26079073831  7.292309E-14
6582.32188914572  6.516409E-14
6582.3829669091  7.878794E-14
6582.44402402895  8.157006E-14
6582.50506050577  8.437349E-14
6582.56607634004  9.087292E-14
6582.62707153228  9.337327E-14
6582.68804608297  9.276212E-14
6582.74899999263  1.136452E-13
6582.80993326177  1.037880E-13
6582.87084589088  1.142542E-13
6582.93173788048  1.194347E-13
6582.99260923108  1.301678E-13
6583.05345994318  1.305335E-13
6583.11429001731  1.235613E-13
6583.17509945398  1.273007E-13
6583.2358882537  1.408935E-13
6583.29665641699  1.494446E-13
6583.35740394437  1.364427E-13
6583.41813083638  1.445715E-13
6583.47883709352  1.330037E-13
6583.53952271633  1.338772E-13
6583.60018770535  1.438789E-13
6583.66083206108  1.318649E-13
6583.72145578407  1.329725E-13
6583.78205887486  1.244799E-13
6583.84264133398  1.205029E-13
6583.90320316196  1.167507E-13
6583.96374435936  1.070222E-13
6584.0242649267  1.034053E-13
6584.08476486453  9.458370E-14
6584.1452441734  1.032537E-13
6584.20570285386  1.010676E-13
6584.26614090646  1.061619E-13
6584.32655833176  1.023942E-13
6584.3869551303  1.063695E-13
6584.44733130263  1.041142E-13
6584.50768684934  9.364096E-14
6584.56802177096  1.018922E-13
6584.62833606807  1.045910E-13
6584.68862974123  8.652178E-14
6584.74890279101  9.566421E-14
6584.80915521798  9.197155E-14
6584.86938702272  8.402186E-14
6584.92959820578  8.547430E-14
6584.98978876776  8.174564E-14
6585.04995870924  7.692040E-14
6585.11010803078  7.094055E-14
6585.17023673299  8.121315E-14
6585.23034481643  5.788734E-14
6585.29043228171  6.197610E-14
6585.35049912941  6.634501E-14
6585.41054536012  6.555868E-14
6585.47057097445  7.246339E-14
6585.53057597299  6.689499E-14
6585.59056035634  6.547304E-14
6585.6505241251  6.018918E-14
6585.71046727987  5.922327E-14
6585.77038982128  7.311818E-14
6585.83029174991  7.099920E-14
6585.8901730664  7.217327E-14
6585.95003377136  7.676662E-14
6586.00987386539  8.871980E-14
6586.06969334913  1.083717E-13
6586.1294922232  1.224397E-13
6586.18927048821  1.789271E-13
6586.24902814481  2.250256E-13
6586.30876519361  2.779893E-13
6586.36848163526  3.868206E-13
6586.42817747039  4.137003E-13
6586.48785269964  4.823605E-13
6586.54750732365  5.285058E-13
6586.60714134306  5.679298E-13
6586.66675475852  5.546138E-13
6586.72634757068  5.505315E-13
6586.78591978019  5.098133E-13
6586.8454713877  5.036195E-13
6586.90500239388  4.889225E-13
6586.96451279938  4.733031E-13
6587.02400260487  4.336580E-13
6587.08347181101  4.331502E-13
6587.14292041847  4.041263E-13
6587.20234842792  3.808326E-13
6587.26175584003  3.533158E-13
6587.32114265549  3.187667E-13
6587.38050887497  2.958270E-13
6587.43985449915  2.744496E-13
6587.49917952871  2.523805E-13
6587.55848396436  2.362644E-13
6587.61776780677  2.379705E-13
6587.67703105663  2.183424E-13
6587.73627371466  2.312405E-13
6587.79549578154  2.102000E-13
6587.85469725799  1.886075E-13
6587.91387814469  1.639112E-13
6587.97303844237  1.604750E-13
6588.03217815173  1.527701E-13
6588.09129727348  1.295549E-13
6588.15039580835  1.270810E-13
6588.20947375705  1.153641E-13
6588.2685311203  1.061053E-13
6588.32756789884  9.086513E-14
6588.38658409338  8.168597E-14
6588.44557970466  8.892697E-14
6588.50455473342  7.810678E-14
6588.56350918039  6.388466E-14
6588.62244304632  7.647869E-14
6588.68135633193  7.046529E-14
6588.74024903799  7.329577E-14
6588.79912116525  7.517637E-14
6588.85797271444  7.686972E-14
6588.91680368634  5.772380E-14
6588.97561408169  6.234004E-14
6589.03440390126  5.843313E-14
6589.09317314581  6.333457E-14
6589.15192181612  6.228580E-14
6589.21064991294  5.850579E-14
6589.26935743706  6.331233E-14
6589.32804438926  5.490430E-14
6589.3867107703  4.670589E-14
6589.44535658097  6.910841E-14
6589.50398182207  6.312441E-14
6589.56258649438  5.482580E-14
6589.62117059868  6.049124E-14
6589.67973413578  4.935889E-14
6589.73827710648  5.539839E-14
6589.79679951157  6.291670E-14
6589.85530135186  5.745502E-14
6589.91378262815  5.165259E-14
6589.97224334126  5.586962E-14
6590.030683492  5.747220E-14
6590.08910308119  5.182717E-14
6590.14750210965  4.970377E-14
6590.2058805782  4.757410E-14
6590.26423848766  4.737740E-14
6590.32257583887  4.523230E-14
6590.38089263266  5.283750E-14
6590.43918886986  5.816503E-14
6590.49746455131  6.100422E-14
6590.55571967785  6.253238E-14
6590.61395425033  5.247298E-14
6590.6721682696  5.888958E-14
6590.7303617365  6.676771E-14
6590.7885346519  6.132448E-14
6590.84668701665  6.470264E-14
6590.9048188316  5.424672E-14
6590.96293009762  5.274405E-14
6591.02102081559  5.474262E-14
6591.07909098636  6.703682E-14
6591.13714061081  4.840260E-14
6591.19516968982  5.128466E-14
6591.25317822427  5.274767E-14
6591.31116621504  5.749387E-14
6591.36913366301  6.383203E-14
6591.42708056907  6.456856E-14
6591.48500693412  5.459732E-14
6591.54291275905  6.122616E-14
6591.60079804476  5.315767E-14
6591.65866279215  5.268288E-14
6591.71650700211  5.592088E-14
6591.77433067557  6.241897E-14
6591.83213381343  5.449355E-14
6591.8899164166  4.544925E-14
6591.94767848601  5.807032E-14
6592.00542002256  5.176093E-14
6592.06314102719  4.820587E-14
6592.12084150081  5.541327E-14
6592.17852144436  5.433261E-14
6592.23618085877  5.006851E-14
6592.29381974498  5.621801E-14
6592.35143810392  4.952861E-14
6592.40903593654  4.628845E-14
6592.46661324377  5.085879E-14
6592.52417002657  5.646755E-14
6592.58170628589  5.326731E-14
6592.63922202267  4.892529E-14
6592.69671723789  4.864025E-14
6592.75419193249  5.339193E-14
6592.81164610744  5.683708E-14
6592.86907976371  5.775035E-14
6592.92649290226  6.523615E-14
6592.98388552406  5.463814E-14
6593.0412576301  5.241626E-14
6593.09860922134  5.155299E-14
6593.15594029877  6.943104E-14
6593.21325086338  5.750179E-14
6593.27054091614  5.565901E-14
6593.32781045805  5.099357E-14
6593.3850594901  5.848082E-14
6593.44228801329  5.076724E-14
6593.49949602862  4.250178E-14
6593.55668353708  5.694051E-14
6593.61385053969  5.444888E-14
6593.67099703744  4.965009E-14
6593.72812303135  5.915990E-14
6593.78522852244  4.906762E-14
6593.84231351171  5.228901E-14
6593.89937800019  5.812507E-14
6593.9564219889  4.688807E-14
6594.01344547887  5.694315E-14
6594.07044847111  5.467546E-14
6594.12743096667  5.427856E-14
6594.18439296657  5.399100E-14
6594.24133447185  6.293127E-14
6594.29825548355  6.618011E-14
6594.35515600272  5.477908E-14
6594.41203603039  4.545499E-14
6594.46889556761  5.233439E-14
6594.52573461543  5.486190E-14
6594.58255317491  5.863329E-14
6594.6393512471  5.686438E-14
6594.69612883306  4.792438E-14
6594.75288593385  4.912959E-14
6594.80962255054  5.197084E-14
6594.86633868418  4.885621E-14
6594.92303433585  5.209949E-14
6594.97970950662  5.786624E-14
6595.03636419756  6.098449E-14
6595.09299840975  5.542666E-14
6595.14961214427  5.676620E-14
6595.20620540221  5.597931E-14
6595.26277818464  7.383685E-14
6595.31933049265  5.332567E-14
6595.37586232734  5.626481E-14
6595.43237368979  4.963536E-14
6595.4888645811  5.886192E-14
6595.54533500237  6.034377E-14
6595.60178495469  5.739158E-14
6595.65821443917  5.174720E-14
6595.71462345691  4.917942E-14
6595.77101200902  5.084605E-14
6595.82738009662  4.996088E-14
6595.8837277208  5.931872E-14
6595.94005488268  4.659158E-14
6595.99636158339  6.438194E-14
6596.05264782404  5.476202E-14
6596.10891360574  4.982191E-14
6596.16515892964  5.660285E-14
6596.22138379683  5.345988E-14
6596.27758820847  5.708649E-14
6596.33377216568  5.760550E-14
6596.38993566958  5.681966E-14
6596.44607872132  6.514045E-14
6596.50220132203  5.308880E-14
6596.55830347284  6.019211E-14
6596.61438517491  5.584209E-14
6596.67044642937  5.356437E-14
6596.72648723737  4.254083E-14
6596.78250760005  4.938215E-14
6596.83850751858  6.061953E-14
6596.89448699408  5.356771E-14
6596.95044602772  5.883099E-14
6597.00638462066  6.782694E-14
6597.06230277405  5.805394E-14
6597.11820048905  5.679014E-14
6597.17407776682  5.246136E-14
6597.22993460852  6.118826E-14
6597.28577101533  5.545585E-14
6597.34158698839  4.624856E-14
6597.39738252889  5.202928E-14
6597.453157638  5.092152E-14
6597.50891231687  5.332247E-14
6597.5646465667  5.014915E-14
6597.62036038865  5.173688E-14
6597.6760537839  5.423144E-14
6597.73172675363  6.260956E-14
6597.78737929902  5.392779E-14
6597.84301142124  5.546552E-14
6597.89862312149  5.359927E-14
6597.95421440095  5.095798E-14
6598.00978526081  4.439586E-14
6598.06533570224  4.623728E-14
6598.12086572645  3.739352E-14
6598.17637533462  4.973504E-14
6598.23186452794  6.472091E-14
6598.28733330761  5.054413E-14
6598.34278167483  5.151164E-14
6598.39820963078  5.774260E-14
6598.45361717666  4.712699E-14
6598.50900431368  5.997021E-14
6598.56437104303  4.735796E-14
6598.61971736592  5.202638E-14
6598.67504328354  6.069992E-14
6598.7303487971  6.819909E-14
6598.78563390781  6.016967E-14
6598.84089861686  5.546859E-14
6598.89614292547  5.280061E-14
6598.95136683484  5.659639E-14
6599.00657034618  4.913244E-14
6599.0617534607  5.786590E-14
6599.11691617961  4.996682E-14
6599.17205850411  6.277477E-14
6599.22718043543  5.159862E-14
6599.28228197478  6.296840E-14
6599.33736312336  4.586835E-14
6599.39242388239  6.497063E-14
6599.44746425309  5.486193E-14
6599.50248423666  5.960968E-14
6599.55748383434  6.192613E-14
6599.61246304732  4.991485E-14
6599.66742187684  6.469538E-14
6599.7223603241  6.593024E-14
6599.77727839033  5.470903E-14
6599.83217607674  4.739570E-14
6599.88705338455  6.222841E-14
6599.94191031499  5.618067E-14
6599.99674686926  5.219828E-14
6600.05156304859  5.504739E-14
6600.1063588542  4.387380E-14
6600.16113428731  4.734672E-14
6600.21588934914  5.700129E-14
6600.2706240409  5.509123E-14
6600.32533836383  6.029172E-14
6600.38003231913  5.535035E-14
6600.43470590804  6.207791E-14
6600.48935913177  4.533620E-14
6600.54399199153  6.182846E-14
6600.59860448856  5.584638E-14
6600.65319662407  5.257429E-14
6600.70776839927  5.861336E-14
6600.7623198154  5.827762E-14
6600.81685087366  4.889166E-14
6600.87136157528  6.267199E-14
6600.92585192147  4.835465E-14
6600.98032191346  5.902017E-14
6601.03477155246  5.642659E-14
6601.08920083968  5.161640E-14
6601.14360977635  5.197996E-14
6601.19799836367  6.432604E-14
6601.25236660287  4.864265E-14
6601.30671449515  6.320947E-14
6601.36104204174  6.174901E-14
6601.41534924384  5.530620E-14
6601.46963610266  5.318346E-14
6601.52390261943  5.247651E-14
6601.57814879534  5.045977E-14
6601.6323746316  5.224406E-14
6601.68658012943  5.967798E-14
6601.74076529003  5.072919E-14
6601.7949301146  5.364973E-14
6601.84907460436  5.409913E-14
6601.9031987605  5.740485E-14
6601.95730258422  5.811387E-14
6602.01138607674  5.675396E-14
6602.06544923924  6.878765E-14
6602.11949207292  5.359963E-14
6602.17351457898  3.999986E-14
6602.22751675862  5.961500E-14
6602.28149861303  5.715755E-14
6602.3354601434  4.394032E-14
6602.38940135092  5.988945E-14
6602.44332223678  5.897495E-14
6602.49722280216  5.650725E-14
6602.55110304825  4.920222E-14
6602.60496297624  5.585993E-14
6602.6588025873  3.749237E-14
6602.71262188261  5.190984E-14
6602.76642086335  5.111483E-14
6602.82019953069  5.168407E-14
6602.87395788581  4.742175E-14
6602.92769592988  5.676531E-14
6602.98141366406  5.056570E-14
6603.03511108951  4.913319E-14
6603.08878820741  5.197927E-14
6603.14244501891  5.072872E-14
6603.19608152518  5.143537E-14
6603.24969772736  5.578238E-14
6603.30329362661  5.810183E-14
6603.35686922408  6.641237E-14
6603.41042452092  5.491286E-14
6603.46395951827  5.748609E-14
6603.51747421728  5.230162E-14
6603.57096861908  6.109946E-14
6603.6244427248  6.049161E-14
6603.67789653559  5.187578E-14
6603.73133005258  6.240919E-14
6603.78474327688  4.263118E-14
6603.83813620962  5.598807E-14
6603.89150885192  7.185211E-14
6603.94486120491  5.369155E-14
6603.99819326969  5.263109E-14
6604.05150504737  5.705392E-14
6604.10479653906  5.582124E-14
6604.15806774586  4.933421E-14
6604.21131866887  4.792145E-14
6604.26454930918  4.831628E-14
6604.3177596679  5.627747E-14
6604.3709497461  6.138662E-14
6604.42411954488  4.697976E-14
6604.47726906529  4.228654E-14
6604.53039830844  5.438565E-14
6604.58350727538  5.273011E-14
6604.63659596719  4.825310E-14
6604.68966438493  5.035996E-14
6604.74271252965  4.422946E-14
6604.79574040242  4.571637E-14
6604.84874800427  6.151167E-14
6604.90173533627  5.410298E-14
6604.95470239944  6.083517E-14
6605.00764919482  5.128480E-14
6605.06057572345  5.786995E-14
6605.11348198636  6.343607E-14
6605.16636798456  5.502009E-14
6605.21923371907  5.393569E-14
6605.2720791909  5.064375E-14
6605.32490440107  5.722767E-14
6605.37770935057  5.712874E-14
6605.4304940404  6.301649E-14
6605.48325847154  6.040559E-14
6605.536002645  5.430188E-14
6605.58872656174  5.288837E-14
6605.64143022274  6.295852E-14
6605.69411362897  5.988527E-14
6605.7467767814  5.448463E-14
6605.79941968098  6.385104E-14
6605.85204232866  5.525922E-14
6605.9046447254  5.681520E-14
6605.95722687212  5.839715E-14
6606.00978876977  6.570315E-14
6606.06233041928  5.180873E-14
6606.11485182156  4.860692E-14
6606.16735297752  5.076755E-14
6606.2198338881  5.810460E-14
6606.27229455417  5.713998E-14
6606.32473497664  6.437998E-14
6606.3771551564  6.838961E-14
6606.42955509433  6.561148E-14
6606.48193479131  5.817051E-14
6606.5342942482  7.073749E-14
6606.58663346588  6.289573E-14
6606.63895244519  5.324868E-14
6606.69125118699  6.139312E-14
6606.74352969212  5.213297E-14
6606.7957879614  4.185724E-14
6606.84802599567  4.887155E-14
6606.90024379574  6.056403E-14
6606.95244136244  5.761711E-14
6607.00461869656  6.141170E-14
6607.05677579889  5.807355E-14
6607.10891267024  5.594741E-14
6607.16102931137  7.110518E-14
6607.21312572307  4.661951E-14
6607.2652019061  5.496844E-14
6607.31725786121  6.599970E-14
6607.36929358915  5.873532E-14
6607.42130909068  6.904328E-14
6607.47330436651  4.813727E-14
6607.52527941737  5.575385E-14
6607.57723424398  5.842410E-14
6607.62916884705  6.558395E-14
6607.68108322727  4.839537E-14
6607.73297738533  5.745332E-14
6607.78485132192  6.142147E-14
6607.8367050377  4.283590E-14
6607.88853853334  5.126844E-14
6607.9403518095  4.589490E-14
6607.9921448668  4.671080E-14
6608.04391770591  5.806174E-14
6608.09567032743  5.515544E-14
6608.14740273198  6.258718E-14
6608.19911492017  5.387834E-14
6608.2508068926  5.528869E-14
6608.30247864985  3.537691E-14
6608.35413019251  6.031507E-14
6608.40576152113  6.337932E-14
6608.45737263628  6.530920E-14
6608.5089635385  6.161282E-14
6608.56053422834  6.025695E-14
6608.61208470631  7.881133E-14
6608.66361497293  6.035335E-14
6608.71512502871  5.902758E-14
6608.76661487414  5.733887E-14
6608.81808450972  6.610622E-14
6608.8695339359  5.295595E-14
6608.92096315315  7.366753E-14
6608.97237216194  6.772693E-14
6609.02376096268  5.941176E-14
6609.07512955582  6.273863E-14
6609.12647794177  6.524805E-14
6609.17780612094  5.946957E-14
6609.22911409373  6.168082E-14
6609.28040186051  6.185044E-14
6609.33166942165  5.651926E-14
6609.38291677752  7.534200E-14
6609.43414392847  6.469610E-14
6609.48535087483  6.002056E-14
6609.53653761693  6.350827E-14
6609.58770415507  6.114147E-14
6609.63885048955  5.782731E-14
6609.68997662067  5.123415E-14
6609.74108254868  6.725873E-14
6609.79216827387  5.773970E-14
6609.84323379647  6.662155E-14
6609.89427911672  6.158892E-14
6609.94530423485  5.678310E-14
6609.99630915106  6.165020E-14
6610.04729386554  6.253553E-14
6610.09825837849  5.981612E-14
6610.14920269007  5.459710E-14
6610.20012680043  5.177849E-14
6610.25103070973  5.211396E-14
6610.30191441809  6.601532E-14
6610.35277792562  5.185204E-14
6610.40362123243  5.015991E-14
6610.45444433859  6.623249E-14
6610.50524724419  4.366230E-14
6610.55602994929  5.757322E-14
6610.60679245392  6.706473E-14
6610.65753475812  5.072225E-14
6610.7082568619  5.671366E-14
6610.75895876526  5.971731E-14
6610.8096404682  5.789186E-14
6610.86030197066  6.049031E-14
6610.91094327262  5.716381E-14
6610.96156437401  5.387859E-14
6611.01216527476  5.027059E-14
6611.06274597478  6.547687E-14
6611.11330647395  5.900365E-14
6611.16384677216  5.749281E-14
6611.21436686928  3.551578E-14
6611.26486676513  5.729767E-14
6611.31534645957  5.965826E-14
6611.3658059524  6.918631E-14
6611.41624524342  5.485640E-14
6611.4666643324  5.341250E-14
6611.51706321913  5.447415E-14
6611.56744190333  6.406935E-14
6611.61780038475  6.226938E-14
6611.6681386631  5.802895E-14
6611.71845673809  6.386144E-14
6611.76875460937  5.074011E-14
6611.81903227663  5.923859E-14
6611.86928973951  5.231584E-14
6611.91952699763  4.993189E-14
6611.96974405062  4.690060E-14
6612.01994089805  5.046625E-14
6612.07011753951  5.306442E-14
6612.12027397455  7.467944E-14
6612.17041020272  5.678365E-14
6612.22052622353  5.048136E-14
6612.27062203648  6.511557E-14
6612.32069764107  6.425615E-14
6612.37075303675  6.101299E-14
6612.42078822298  6.051590E-14
6612.47080319917  5.832884E-14
6612.52079796475  6.491995E-14
6612.5707725191  6.561888E-14
6612.62072686158  5.558110E-14
6612.67066099156  6.881903E-14
6612.72057490836  5.230753E-14
6612.77046861129  4.564948E-14
6612.82034209965  4.999892E-14
6612.87019537271  4.653427E-14
6612.92002842973  6.602979E-14
6612.96984126992  6.202396E-14
6613.01963389252  5.089209E-14
6613.06940629669  5.439154E-14
6613.11915848162  6.117523E-14
6613.16889044646  7.568883E-14
6613.21860219034  5.954500E-14
6613.26829371235  4.546528E-14
6613.3179650116  6.613311E-14
6613.36761608714  7.311645E-14
6613.41724693803  5.875514E-14
6613.46685756327  4.447892E-14
6613.51644796188  6.259889E-14
6613.56601813283  5.461720E-14
6613.61556807508  7.785898E-14
6613.66509778756  9.011060E-14
6613.71460726919  5.253147E-14
6613.76409651885  5.790451E-14
6613.81356553542  5.738066E-14
6613.86301431774  6.347125E-14
6613.91244286463  6.249818E-14
6613.96185117489  5.715534E-14
6614.0112392473  5.100008E-14
6614.06060708061  5.445578E-14
6614.10995467354  6.406146E-14
6614.15928202481  7.445305E-14
6614.2085891331  6.204029E-14
6614.25787599706  7.648688E-14
6614.30714261534  6.225006E-14
6614.35638898653  5.450786E-14
6614.40561510923  6.429165E-14
6614.454820982  6.797059E-14
6614.50400660337  5.983896E-14
6614.55317197186  5.941263E-14
6614.60231708595  2.823415E-14
6614.65144194411  6.415090E-14
6614.70054654477  6.599808E-14
6614.74963088634  6.929817E-14
6614.79869496722  6.226710E-14
6614.84773878576  6.529015E-14
6614.8967623403  5.670194E-14
6614.94576562914  6.499940E-14
6614.99474865057  4.797536E-14
6615.04371140285  5.605109E-14
6615.0926538842  6.139699E-14
6615.14157609283  6.443771E-14
6615.19047802692  7.830596E-14
6615.23935968461  6.455621E-14
6615.28822106403  7.185259E-14
6615.33706216328  6.397975E-14
6615.38588298042  6.346604E-14
6615.43468351349  7.688920E-14
6615.48346376051  6.712712E-14
6615.53222371947  3.924685E-14
6615.58096338831  7.627715E-14
6615.62968276498  7.880419E-14
6615.67838184737  6.776740E-14
6615.72706063334  6.806918E-14
6615.77571912076  6.335012E-14
6615.82435730743  4.559231E-14
6615.87297519114  6.212628E-14
6615.92157276965  5.777251E-14
6615.97015004068  7.410800E-14
6616.01870700193  7.579470E-14
6616.06724365107  3.801515E-14
6616.11575998575  8.054100E-14
6616.16425600356  8.272538E-14
6616.21273170209  7.501137E-14
6616.26118707889  7.026950E-14
6616.30962213148  6.489627E-14
6616.35803685734  6.430482E-14
6616.40643125392  4.645514E-14
6616.45480531867  5.910760E-14
6616.50315904897  6.308953E-14
6616.55149244218  4.363452E-14
6616.59980549563  5.308303E-14
6616.64809820664  5.575160E-14
6616.69637057246  4.979017E-14
6616.74462259033  6.501534E-14
6616.79285425747  4.463301E-14
6616.84106557103  5.681759E-14
6616.88925652816  6.212176E-14
6616.93742712597  6.300026E-14
6616.98557736152  6.318838E-14
6617.03370723188  6.689563E-14
6617.08181673403  6.402752E-14
6617.12990586495  6.401496E-14
6617.1779746216  6.314467E-14
6617.22602300087  8.309727E-14
6617.27405099963  6.103985E-14
6617.32205861473  7.515062E-14
6617.37004584298  6.424918E-14
6617.41801268113  5.264590E-14
6617.46595912594  7.967677E-14
6617.5138851741  6.192635E-14
6617.56179082227  5.834224E-14
6617.60967606709  6.801546E-14
6617.65754090516  5.058851E-14
6617.70538533303  7.708874E-14
6617.75320934724  8.006906E-14
6617.80101294425  8.850421E-14
6617.84879612054  5.995354E-14
6617.89655887252  6.029653E-14
6617.94430119657  6.556672E-14
6617.99202308903  6.791901E-14
6618.0397245462  8.293787E-14
6618.08740556436  7.409746E-14
6618.13506613974  5.917782E-14
6618.18270626854  7.730947E-14
6618.2303259469  6.539486E-14
6618.27792517096  5.409890E-14
6618.32550393679  5.592237E-14
6618.37306224045  6.136399E-14
6618.42060007792  6.803234E-14
6618.46811744518  5.306477E-14
6618.51561433815  5.953508E-14
6618.56309075273  8.088174E-14
6618.61054668478  5.874395E-14
6618.65798213008  6.146671E-14
6618.70539708442  6.774263E-14
6618.75279154353  7.025558E-14
6618.80016550311  6.937366E-14
6618.8475189588  5.719511E-14
6618.89485190621  5.896245E-14
6618.94216434091  6.497525E-14
6618.98945625844  4.713570E-14
6619.03672765428  6.405401E-14
6619.08397852389  7.069699E-14
6619.13120886267  5.960760E-14
6619.17841866598  6.724479E-14
6619.22560792915  7.193422E-14
6619.27277664746  6.264759E-14
6619.31992481615  6.658386E-14
6619.36705243041  7.971260E-14
6619.41415948542  5.449685E-14
6619.46124597627  5.940944E-14
6619.50831189803  5.988051E-14
6619.55535724574  7.446543E-14
6619.60238201437  7.676666E-14
6619.64938619886  5.069492E-14
6619.69636979412  6.243638E-14
6619.74333279499  6.821794E-14
6619.79027519628  7.504278E-14
6619.83719699276  6.619658E-14
6619.88409817914  7.641719E-14
6619.93097875009  8.394238E-14
6619.97783870026  6.346592E-14
6620.02467802422  5.972242E-14
6620.07149671651  6.520552E-14
6620.11829477162  6.774334E-14
6620.16507218401  4.990995E-14
6620.21182894807  4.612106E-14
6620.25856505816  7.351951E-14
6620.30528050859  6.677767E-14
6620.35197529361  8.353862E-14
6620.39864940745  5.501982E-14
6620.44530284428  6.010330E-14
6620.49193559821  7.679178E-14
6620.53854766333  4.957433E-14
6620.58513903364  4.377710E-14
6620.63170970314  5.128274E-14
6620.67825966574  4.527851E-14
6620.72478891534  6.140727E-14
6620.77129744577  6.098726E-14
6620.81778525081  6.205775E-14
6620.86425232419  3.130200E-14
6620.9106986596  1.000078E-13
6620.95712425068  7.996673E-14
6621.00352909101  5.228076E-14
6621.04991317413  8.485766E-14
6621.09627649352  6.821541E-14
6621.14261904262  8.853474E-14
6621.18894081483  8.469947E-14
6621.23524180346  6.656551E-14
6621.28152200181  5.383062E-14
6621.3277814031  6.786968E-14
6621.37402000052  6.028942E-14
6621.4202377872  5.882230E-14
6621.46643475621  3.592987E-14
6621.51261090058  6.808156E-14
6621.55876621327  8.670201E-14
6621.60490068722  1.030968E-13
6621.65101431529  7.059644E-14
6621.69710709028  9.003539E-14
6621.74317900497  5.789435E-14
6621.78923005205  7.024534E-14
6621.83526022418  5.678223E-14
6621.88126951397  6.542427E-14
6621.92725791394  9.129577E-14
6621.9732254166  3.543948E-14
6622.01917201438  8.365056E-14
6622.06509769966  8.180220E-14
6622.11100246477  5.701334E-14
6622.15688630197  6.193886E-14
6622.20274920347  8.763250E-14
6622.24859116144  1.076458E-13
6622.29441216799  4.116554E-14
6622.34021221514  7.513529E-14
6622.3859912949  8.978397E-14
6622.4317493992  7.487296E-14
6622.4774865199  6.970240E-14
6622.52320264883  6.348038E-14
6622.56889777774  7.571438E-14
6622.61457189834  7.295921E-14
6622.66022500228  7.855369E-14
6622.70585708114  8.887331E-14
6622.75146812643  1.033057E-13
6622.79705812964  7.804168E-14
6622.84262708218  5.094310E-14
6622.88817497538  7.885602E-14
6622.93370180054  7.145615E-14
6622.97920754889  9.258216E-14
6623.0246922116  1.008112E-13
6623.07015577979  9.192547E-14
6623.11559824449  6.237676E-14
6623.1610195967  9.227014E-14
6623.20641982735  7.415620E-14
6623.2517989273  6.507615E-14
6623.29715688735  6.469454E-14
6623.34249369825  6.981014E-14
6623.38780935068  6.404684E-14
6623.43310383525  5.890651E-14
6623.47837714252  6.159338E-14
6623.52362926299  6.529165E-14
6623.56886018708  1.122690E-13
6623.61406990516  5.377249E-14
6623.65925840753  6.317199E-14
6623.70442568443  6.205039E-14
6623.74957172603  6.673322E-14
6623.79469652244  4.074087E-14
6623.83980006372  6.583415E-14
6623.88488233983  6.762830E-14
6623.9299433407  8.502508E-14
6623.97498305617  9.975685E-14
6624.02000147603  9.445481E-14
6624.06499859  6.114708E-14
6624.10997438771  9.643837E-14
6624.15492885877  8.611212E-14
6624.1998619927  9.941773E-14
6624.24477377893  8.896680E-14
6624.28966420686  4.044120E-14
6624.3345332658  5.510547E-14
6624.37938094501  9.980726E-14
6624.42420723365  5.166914E-14
6624.46901212084  7.847434E-14
6624.51379559564  8.452478E-14
6624.558557647  7.605008E-14
6624.60329826384  5.491937E-14
6624.64801743499  4.847898E-14
6624.69271514921  7.487268E-14
6624.73739139521  7.761027E-14
6624.78204616162  7.081409E-14
6624.82667943697  3.593064E-14
6624.87129120976  4.990995E-14
6624.91588146841  5.884425E-14
6624.96045020125  7.320577E-14
6625.00499739656  2.875009E-14
6625.04952304252  7.985581E-14
6625.09402712728  8.008910E-14
6625.13850963888  9.214405E-14
6625.1829705653  4.551638E-14
6625.22740989444  5.512941E-14
6625.27182761416  5.730517E-14
6625.3162237122  8.422855E-14
6625.36059817625  8.581494E-14
6625.40495099393  5.308182E-14
6625.44928215276  6.389981E-14
6625.49359164023  4.834447E-14
6625.53787944371  3.900701E-14
6625.58214555051  7.763253E-14
6625.62638994789  8.960384E-14
6625.67061262298  8.148681E-14
6625.71481356289  6.811761E-14
6625.75899275462  5.714231E-14
6625.8031501851  8.080607E-14
6625.84728584119  8.536160E-15
6625.89139970966  4.007969E-14
6625.93549177722  9.450008E-14
6625.97956203049  6.284785E-14
6626.023610456  6.089560E-14
6626.06763704023  7.297686E-14
6626.11164176957  3.033321E-14
6626.15562463031  9.569965E-14
6626.1995856087  9.064638E-14
6626.24352469087  6.361555E-14
6626.28744186289  7.952382E-14
6626.33133711076  6.457673E-14
6626.37521042038  4.951814E-14
6626.41906177757  6.331109E-14
6626.46289116809  5.454473E-14
6626.5066985776  8.484630E-14
6626.55048399167  7.911039E-14
6626.59424739581  5.020336E-14
6626.63798877544  9.518485E-14
6626.68170811589  6.823105E-15
6626.72540540242  1.099755E-13
