4805.33056640622  1.868310E-13
4805.37839279706  -7.387661E-14
4805.4262191879  6.802503E-13
4805.47404557875  9.968231E-13
4805.52187196959  3.472428E-13
4805.56969836043  1.230452E-12
4805.61752475128  1.961313E-12
4805.66535114212  1.389356E-12
4805.71317753297  1.636948E-13
4805.76100392381  -2.869638E-13
4805.80883031466  -1.068613E-13
4805.8566567055  3.223457E-13
4805.90448309634  6.679990E-13
4805.95230948719  6.091658E-13
4806.00013587803  -1.527349E-13
4806.04796226887  1.852614E-13
4806.09578865972  1.176055E-12
4806.14361505056  4.862395E-13
4806.19144144141  4.714873E-13
4806.23926783225  1.951895E-13
4806.28709422309  -2.539307E-13
4806.33492061394  5.651858E-13
4806.38274700478  7.726991E-13
4806.43057339563  5.748075E-13
4806.47839978647  5.436984E-13
4806.52622617731  5.595190E-13
4806.57405256816  3.375307E-13
4806.621878959  3.133503E-13
4806.66970534985  7.637165E-13
4806.71753174069  9.598126E-13
4806.76535813153  -2.579085E-13
4806.81318452238  3.017571E-13
4806.86101091322  1.605986E-12
4806.90883730407  1.151522E-12
4806.95666369491  5.039341E-13
4807.00449008575  3.360090E-13
4807.0523164766  4.855335E-13
4807.10014286744  5.724228E-13
4807.14796925829  5.886797E-13
4807.19579564913  8.720095E-13
4807.24362203998  6.548848E-13
4807.29144843082  7.206900E-14
4807.33927482166  4.572761E-13
4807.38710121251  9.159284E-13
4807.43492760335  6.583718E-13
4807.48275399419  -2.610115E-14
4807.53058038504  -2.080296E-13
4807.57840677588  2.284749E-13
4807.62623316673  3.222059E-13
4807.67405955757  1.488504E-13
4807.72188594841  3.055977E-13
4807.76971233926  -6.742905E-14
4807.8175387301  5.412793E-14
4807.86536512094  3.870805E-13
4807.91319151179  2.610802E-13
4807.96101790263  6.988208E-13
4808.00884429348  7.477696E-13
4808.05667068432  3.902543E-13
4808.10449707517  2.042938E-13
4808.15232346601  9.989121E-14
4808.20014985685  -1.590468E-13
4808.2479762477  -6.492689E-14
4808.29580263854  5.942189E-13
4808.34362902938  1.114097E-12
4808.39145542023  9.046025E-13
4808.43928181107  3.865616E-13
4808.48710820192  4.440576E-14
4808.53493459276  -9.295559E-14
4808.5827609836  -5.504493E-14
4808.63058737445  -6.373672E-14
4808.67841376529  -1.657108E-13
4808.72624015614  -1.185911E-13
4808.77406654698  2.968588E-13
4808.82189293782  3.634541E-13
4808.86971932867  3.845735E-13
4808.91754571951  6.257478E-13
4808.96537211036  2.815611E-13
4809.0131985012  1.500728E-13
4809.06102489204  -2.572707E-13
4809.10885128289  1.689393E-12
4809.15667767373  1.002471E-11
4809.20450406458  1.820322E-11
4809.25233045542  1.382050E-11
4809.30015684626  2.553645E-12
4809.34798323711  1.454665E-13
4809.39580962795  1.478912E-13
4809.4436360188  6.792313E-13
4809.49146240964  9.465085E-13
4809.53928880049  5.243294E-13
4809.58711519133  7.801053E-13
4809.63494158217  6.020800E-13
4809.68276797302  3.150484E-13
4809.73059436386  4.775937E-13
4809.7784207547  3.893302E-13
4809.82624714555  4.836365E-13
4809.87407353639  6.887190E-13
4809.92189992724  6.827300E-13
4809.96972631808  4.354203E-13
4810.01755270892  2.710228E-13
4810.06537909977  1.908591E-13
4810.11320549061  1.329355E-13
4810.16103188146  1.865878E-13
4810.2088582723  4.590962E-13
4810.25668466314  4.102777E-13
4810.30451105399  4.705784E-14
4810.35233744483  -7.800851E-14
4810.40016383568  3.187874E-13
4810.44799022652  4.589320E-13
4810.49581661736  4.797044E-13
4810.54364300821  4.431192E-13
4810.59146939905  9.494459E-14
4810.6392957899  1.104827E-13
4810.68712218074  5.183950E-13
4810.73494857158  9.571350E-13
4810.78277496243  9.935915E-13
4810.83060135327  4.506292E-13
4810.87842774412  2.518205E-13
4810.92625413496  1.318239E-13
4810.9740805258  -2.160919E-13
4811.02190691665  -6.330547E-14
4811.06973330749  5.720719E-13
4811.11755969834  8.601560E-13
4811.16538608918  4.716405E-13
4811.21321248002  1.544991E-14
4811.26103887087  1.106055E-13
4811.30886526171  4.934862E-13
4811.35669165256  3.052234E-13
4811.4045180434  -3.254601E-13
4811.45234443424  9.511204E-15
4811.50017082509  2.782403E-13
4811.54799721593  1.157669E-14
4811.59582360677  -1.016363E-13
4811.64364999762  2.172394E-12
4811.69147638846  9.852599E-12
4811.73930277931  8.353917E-12
4811.78712917015  6.424443E-13
4811.834955561  7.225272E-14
4811.88278195184  1.654857E-13
4811.93060834268  1.230655E-13
4811.97843473353  2.803810E-13
4812.02626112437  3.101836E-13
4812.07408751522  -4.419181E-14
4812.12191390606  2.246057E-13
4812.1697402969  3.679476E-13
4812.21756668775  -5.606413E-13
4812.26539307859  5.550614E-13
4812.31321946944  9.333109E-12
4812.36104586028  7.332472E-12
4812.40887225112  3.330159E-14
4812.45669864197  -4.262341E-14
4812.50452503281  1.271203E-13
4812.55235142365  -9.964899E-14
4812.6001778145  1.074741E-13
4812.64800420534  3.507135E-13
4812.69583059619  -8.130513E-14
4812.74365698703  2.397965E-13
4812.79148337787  3.485629E-13
4812.83930976872  1.575875E-13
4812.88713615956  2.361282E-13
4812.93496255041  2.756248E-13
4812.98278894125  -1.701208E-15
4813.03061533209  -6.470405E-14
4813.07844172294  6.927302E-14
4813.12626811378  -1.509453E-14
4813.17409450463  3.541056E-13
4813.22192089547  6.660392E-13
4813.26974728631  5.494129E-13
4813.31757367716  1.859622E-13
4813.365400068  -6.697172E-14
4813.41322645885  -5.983691E-15
4813.46105284969  3.819779E-14
4813.50887924053  1.802920E-14
4813.55670563138  1.640536E-13
4813.60453202222  2.049717E-13
4813.65235841307  1.340603E-13
4813.70018480391  6.940371E-15
4813.74801119475  -1.994288E-15
4813.7958375856  2.270302E-13
4813.84366397644  1.174036E-13
4813.89149036728  4.306076E-14
4813.93931675813  1.559597E-13
4813.98714314897  1.490388E-13
4814.03496953982  1.247799E-13
4814.08279593066  1.231578E-15
4814.13062232151  1.561488E-14
4814.17844871235  1.852047E-13
4814.22627510319  1.666470E-13
4814.27410149404  2.100156E-13
4814.32192788488  6.733284E-14
4814.36975427573  7.342200E-15
4814.41758066657  1.897489E-13
4814.46540705741  -8.106546E-14
4814.51323344826  3.069121E-13
4814.5610598391  5.544182E-13
4814.60888622995  1.201913E-13
4814.65671262079  -2.992712E-14
4814.70453901163  2.220038E-13
4814.75236540248  4.079122E-13
4814.80019179332  3.469895E-13
4814.84801818416  1.914752E-13
4814.89584457501  5.442334E-14
4814.94367096585  2.192294E-14
4814.9914973567  1.642365E-14
4815.03932374754  7.417474E-14
4815.08715013838  2.334729E-13
4815.13497652923  2.407369E-13
4815.18280292007  1.086716E-13
4815.23062931092  1.510883E-13
4815.27845570176  3.627228E-13
4815.3262820926  2.953374E-13
4815.37410848345  -9.818436E-14
4815.42193487429  -9.730147E-14
4815.46976126514  2.793266E-14
4815.51758765598  -1.387656E-13
4815.56541404683  7.120175E-14
4815.61324043767  4.659224E-13
4815.66106682851  4.156468E-13
4815.70889321936  5.635187E-14
4815.7567196102  9.641617E-15
4815.80454600104  1.034071E-13
4815.85237239189  1.191086E-13
4815.90019878273  8.243273E-14
4815.94802517358  7.275405E-14
4815.99585156442  7.606952E-14
4816.04367795526  1.290339E-13
4816.09150434611  5.557737E-14
4816.13933073695  3.759480E-13
4816.18715712779  8.269166E-13
4816.23498351864  1.242837E-13
4816.28280990948  -3.667941E-14
4816.33063630033  1.444680E-13
4816.37846269117  1.494843E-13
4816.42628908202  1.465561E-13
4816.47411547286  1.782006E-13
4816.5219418637  1.276669E-13
4816.56976825455  -1.811654E-14
4816.61759464539  -4.228050E-14
4816.66542103624  1.297768E-13
4816.71324742708  6.372703E-14
4816.76107381792  8.640925E-14
4816.80890020877  1.494898E-13
4816.85672659961  8.489142E-14
4816.90455299046  4.649105E-14
4816.9523793813  5.076005E-14
4817.00020577214  1.335849E-13
4817.04803216299  7.241935E-14
4817.09585855383  -8.524250E-14
4817.14368494467  1.195227E-13
4817.19151133552  2.753562E-13
4817.23933772636  2.287529E-13
4817.28716411721  1.604511E-13
4817.33499050805  1.591214E-13
4817.38281689889  4.774040E-14
4817.43064328974  4.661323E-14
4817.47846968058  1.191288E-13
4817.52629607143  8.879530E-14
4817.57412246227  -5.189686E-14
4817.62194885311  -9.569963E-14
4817.66977524396  1.616236E-14
4817.7176016348  -3.069906E-14
4817.76542802565  2.289755E-14
4817.81325441649  4.669870E-13
4817.86108080734  3.392370E-13
4817.90890719818  1.556290E-12
4817.95673358902  1.726638E-12
4818.00455997987  1.077442E-13
4818.05238637071  8.845129E-14
4818.10021276155  2.379378E-13
4818.1480391524  1.611041E-13
4818.19586554324  1.933215E-13
4818.24369193409  3.148986E-13
4818.29151832493  1.316729E-13
4818.33934471577  -7.511406E-15
4818.38717110662  2.062902E-13
4818.43499749746  3.507076E-13
4818.48282388831  1.454551E-13
4818.53065027915  8.994516E-14
4818.57847666999  1.732716E-13
4818.62630306084  1.530602E-13
4818.67412945168  5.008038E-14
4818.72195584253  1.354759E-14
4818.76978223337  -1.776785E-14
4818.81760862421  -8.488387E-14
4818.86543501506  8.617305E-14
4818.9132614059  1.716480E-13
4818.96108779675  -4.247287E-14
4819.00891418759  8.482125E-14
4819.05674057843  1.468668E-13
4819.10456696928  1.630685E-13
4819.15239336012  1.978741E-13
4819.20021975097  1.641069E-13
4819.24804614181  1.211385E-13
4819.29587253265  2.109604E-13
4819.3436989235  1.824037E-13
4819.39152531434  5.983782E-14
4819.43935170519  5.200561E-14
4819.48717809603  2.435697E-14
4819.53500448687  7.933657E-14
4819.58283087772  1.330649E-13
4819.63065726856  8.619020E-14
4819.67848365941  1.340756E-14
4819.72631005025  4.904816E-14
4819.77413644109  5.483513E-14
4819.82196283194  6.276353E-14
4819.86978922278  1.236522E-13
4819.91761561363  2.366654E-13
4819.96544200447  3.768459E-13
4820.01326839531  2.690751E-13
4820.06109478616  2.208700E-13
4820.108921177  2.025652E-13
4820.15674756785  6.363576E-14
4820.20457395869  1.877664E-13
4820.25240034953  1.976900E-13
4820.30022674038  1.644851E-13
4820.34805313122  1.720557E-13
4820.39587952207  1.398145E-13
4820.44370591291  1.169187E-13
4820.49153230375  1.681335E-13
4820.5393586946  1.806915E-13
4820.58718508544  1.182362E-13
4820.63501147629  1.018490E-13
4820.68283786713  1.794136E-13
4820.73066425797  1.067847E-13
4820.77849064882  9.111656E-14
4820.82631703966  1.334655E-13
4820.87414343051  1.022679E-13
4820.92196982135  9.545414E-14
4820.96979621219  4.302755E-14
4821.01762260304  6.752639E-14
4821.06544899388  1.280799E-13
4821.11327538473  8.209161E-14
4821.16110177557  -1.421870E-15
4821.20892816641  1.168147E-13
4821.25675455726  1.570969E-13
4821.3045809481  1.897961E-13
4821.35240733894  2.413368E-13
4821.40023372979  1.210153E-13
4821.44806012063  2.270083E-13
4821.49588651148  1.954470E-13
4821.54371290232  1.280757E-13
4821.59153929316  1.742937E-13
4821.63936568401  1.689759E-13
4821.68719207485  2.044004E-13
4821.7350184657  7.377104E-14
4821.78284485654  8.670965E-14
4821.83067124738  2.034616E-13
4821.87849763823  8.819721E-14
4821.92632402907  8.017212E-14
4821.97415041992  1.844718E-13
4822.02197681076  1.571718E-13
4822.0698032016  6.956289E-14
4822.11762959245  9.601852E-14
4822.16545598329  7.948643E-14
4822.21328237414  1.121334E-13
4822.26110876498  1.401222E-13
4822.30893515582  1.192804E-13
4822.35676154667  -9.992875E-15
4822.40458793751  1.421673E-13
4822.45241432836  1.762520E-12
4822.5002407192  1.186449E-12
4822.54806711004  -1.285405E-13
4822.59589350089  7.950970E-14
4822.64371989173  1.554482E-13
4822.69154628258  2.343947E-13
4822.73937267342  6.398173E-14
4822.78719906426  3.449602E-14
4822.83502545511  2.253353E-13
4822.88285184595  2.080089E-13
4822.9306782368  9.863049E-14
4822.97850462764  5.314455E-14
4823.02633101848  5.638987E-14
4823.07415740933  6.707259E-14
4823.12198380017  8.200848E-14
4823.16981019102  1.061333E-13
4823.21763658186  2.021797E-13
4823.2654629727  2.908051E-13
4823.31328936355  2.237867E-13
4823.36111575439  3.119127E-14
4823.40894214524  -3.543392E-14
4823.45676853608  1.421933E-13
4823.50459492692  1.806118E-13
4823.55242131777  1.688069E-13
4823.60024770861  1.802900E-13
4823.64807409945  8.692720E-14
4823.6959004903  6.293051E-14
4823.74372688114  1.530483E-13
4823.79155327199  1.537609E-13
4823.83937966283  1.000872E-13
4823.88720605367  1.331396E-13
4823.93503244452  1.451205E-13
4823.98285883536  6.941392E-14
4824.03068522621  1.078017E-13
4824.07851161705  7.879624E-14
4824.12633800789  -1.446803E-14
4824.17416439874  7.420851E-14
4824.22199078958  5.650761E-14
4824.26981718043  8.333720E-14
4824.31764357127  4.284493E-15
4824.36546996211  2.727042E-13
4824.41329635296  1.102932E-12
4824.4611227438  1.386719E-12
4824.50894913465  6.997031E-13
4824.55677552549  1.363018E-13
4824.60460191633  1.568084E-14
4824.65242830718  1.464346E-14
4824.70025469802  9.547486E-14
4824.74808108887  1.910885E-13
4824.79590747971  1.933775E-13
4824.84373387055  1.284401E-13
4824.8915602614  5.386983E-14
4824.93938665224  3.520067E-14
4824.98721304309  1.150509E-13
4825.03503943393  1.107814E-13
4825.08286582477  1.174043E-13
4825.13069221562  9.330799E-14
4825.17851860646  8.982124E-14
4825.22634499731  1.974677E-13
4825.27417138815  1.144613E-13
4825.32199777899  5.100505E-14
4825.36982416984  5.722115E-14
4825.41765056068  1.146441E-13
4825.46547695153  1.681302E-13
4825.51330334237  1.164277E-13
4825.56112973321  8.545459E-14
4825.60895612406  5.587881E-14
4825.6567825149  3.814364E-14
4825.70460890575  5.111027E-14
4825.75243529659  8.373221E-14
4825.80026168743  1.377655E-13
4825.84808807828  1.506295E-13
4825.89591446912  8.930808E-14
4825.94374085997  6.999906E-14
4825.99156725081  1.256501E-13
4826.03939364165  1.220558E-13
4826.0872200325  7.689158E-14
4826.13504642334  5.647490E-14
4826.18287281419  4.723700E-14
4826.23069920503  2.966094E-14
4826.27852559587  3.898163E-14
4826.32635198672  9.039767E-14
4826.37417837756  9.354240E-14
4826.42200476841  8.946470E-14
4826.46983115925  4.769359E-14
4826.51765755009  -9.645796E-15
4826.56548394094  2.077381E-15
4826.61331033178  4.533299E-14
4826.66113672262  9.271585E-14
4826.70896311347  8.445418E-14
4826.75678950431  6.561272E-14
4826.80461589516  -8.506627E-14
4826.852442286  2.758254E-13
4826.90026867684  2.270144E-12
4826.94809506769  1.181647E-12
4826.99592145853  -9.348727E-14
4827.04374784938  2.792918E-14
4827.09157424022  3.760889E-14
4827.13940063106  1.001484E-13
4827.18722702191  4.270796E-14
4827.23505341275  -1.000205E-14
4827.2828798036  5.396562E-14
4827.33070619444  1.514447E-13
4827.37853258529  1.496271E-13
4827.42635897613  6.915476E-14
4827.47418536697  2.385392E-14
4827.52201175782  2.614325E-14
4827.56983814866  6.684159E-14
4827.6176645395  7.066912E-14
4827.66549093035  3.310892E-14
4827.71331732119  7.241947E-14
4827.76114371204  5.082731E-14
4827.80897010288  3.594057E-14
4827.85679649372  1.527237E-14
4827.90462288457  1.815245E-14
4827.95244927541  8.581661E-14
4828.00027566626  9.851560E-14
4828.0481020571  1.162281E-13
4828.09592844794  1.107761E-13
4828.14375483879  3.240888E-14
4828.19158122963  -4.422939E-15
4828.23940762048  7.427689E-14
4828.28723401132  6.632929E-14
4828.33506040216  2.665238E-15
4828.38288679301  4.564089E-14
4828.43071318385  6.290623E-14
4828.4785395747  2.893042E-14
4828.52636596554  5.637164E-14
4828.57419235638  6.978799E-15
4828.62201874723  5.839342E-14
4828.66984513807  1.286368E-13
4828.71767152892  1.115740E-13
4828.76549791976  5.850439E-14
4828.8133243106  5.706690E-14
4828.86115070145  7.297988E-14
4828.90897709229  5.059435E-14
4828.95680348314  3.149143E-14
4829.00462987398  2.869006E-14
4829.05245626482  4.973904E-14
4829.10028265567  7.276787E-14
4829.14810904651  3.999529E-14
4829.19593543736  8.857711E-14
4829.2437618282  1.082392E-13
4829.29158821904  6.368166E-14
4829.33941460989  1.682939E-14
4829.38724100073  1.157841E-14
4829.43506739158  4.123079E-14
4829.48289378242  2.465634E-14
4829.53072017326  7.044457E-14
4829.57854656411  9.862330E-14
4829.62637295495  8.808594E-14
4829.6741993458  9.561064E-14
4829.72202573664  6.643798E-14
4829.76985212748  8.027306E-14
4829.81767851833  1.011673E-13
4829.86550490917  8.481330E-14
4829.91333130001  5.715856E-14
4829.96115769086  7.278214E-14
4830.0089840817  1.119643E-13
4830.05681047255  8.366524E-14
4830.10463686339  7.159837E-14
4830.15246325423  7.523160E-14
4830.20028964508  7.655873E-14
4830.24811603592  6.686242E-14
4830.29594242677  4.702814E-14
4830.34376881761  6.025463E-14
4830.39159520845  2.433285E-14
4830.4394215993  7.999408E-15
4830.48724799014  7.680990E-15
4830.53507438099  3.921291E-13
4830.58290077183  8.663237E-13
4830.63072716268  1.857920E-13
4830.67855355352  -2.890441E-14
4830.72637994436  5.048600E-14
4830.77420633521  8.248194E-14
4830.82203272605  9.856077E-14
4830.86985911689  1.058021E-13
4830.91768550774  9.459579E-14
4830.96551189858  9.055646E-14
4831.01333828943  9.960818E-14
4831.06116468027  8.690851E-14
4831.10899107111  6.845143E-14
4831.15681746196  6.370572E-14
4831.2046438528  5.430757E-14
4831.25247024365  6.012039E-14
4831.30029663449  7.118640E-14
4831.34812302533  6.196134E-14
4831.39594941618  6.059611E-14
4831.44377580702  7.381723E-14
4831.49160219787  7.394759E-14
4831.53942858871  7.346985E-14
4831.58725497955  7.372882E-14
4831.6350813704  2.994224E-14
4831.68290776124  2.079240E-14
4831.73073415209  4.174844E-14
4831.77856054293  4.680701E-14
4831.82638693377  7.319233E-14
4831.87421332462  9.681105E-14
4831.92203971546  7.331560E-14
4831.96986610631  3.723202E-14
4832.01769249715  3.466728E-14
4832.06551888799  2.226876E-14
4832.11334527884  8.817534E-14
4832.16117166968  3.183874E-13
4832.20899806053  1.778962E-13
4832.25682445137  3.796480E-14
4832.30465084221  6.714894E-14
4832.35247723306  8.765294E-14
4832.4003036239  7.129099E-14
4832.44813001474  1.079483E-13
4832.49595640559  7.111811E-14
4832.54378279643  5.481307E-14
4832.59160918728  5.283888E-14
4832.63943557812  5.070819E-14
4832.68726196897  7.583840E-14
4832.73508835981  8.289960E-14
4832.78291475065  2.144216E-14
4832.8307411415  3.171580E-14
4832.87856753234  3.535447E-14
4832.92639392319  5.476271E-14
4832.97422031403  6.259992E-14
4833.02204670487  6.606537E-14
4833.06987309572  9.011598E-14
4833.11769948656  6.658787E-14
4833.16552587741  5.541258E-14
4833.21335226825  5.812093E-14
4833.26117865909  4.399287E-14
4833.30900504994  4.372176E-14
4833.35683144078  5.974346E-14
4833.40465783162  5.970131E-14
4833.45248422247  6.622434E-14
4833.50031061331  3.672555E-14
4833.54813700416  3.271142E-14
4833.595963395  6.213249E-14
4833.64378978585  7.293568E-14
4833.69161617669  6.328969E-14
4833.73944256753  5.952332E-14
4833.78726895838  4.356965E-14
4833.83509534922  7.687793E-14
4833.88292174007  7.726309E-14
4833.93074813091  7.168983E-14
4833.97857452175  7.031139E-14
4834.0264009126  7.148179E-14
4834.07422730344  8.261183E-14
4834.12205369429  3.629357E-14
4834.16988008513  4.634559E-14
4834.21770647597  4.018966E-14
4834.26553286682  1.856544E-14
4834.31335925766  -2.947731E-15
4834.3611856485  1.715966E-13
4834.40901203935  4.376699E-13
4834.45683843019  1.316787E-13
4834.50466482104  2.614579E-14
4834.55249121188  5.978227E-14
4834.60031760272  4.634294E-14
4834.64814399357  2.479597E-14
4834.69597038441  2.717131E-13
4834.74379677525  5.504217E-13
4834.7916231661  1.008201E-13
4834.83944955694  2.709982E-14
4834.88727594779  9.530105E-14
4834.93510233863  6.158703E-14
4834.98292872948  4.781934E-14
4835.03075512032  6.956060E-14
4835.07858151116  5.267119E-14
4835.12640790201  7.347481E-14
4835.17423429285  8.740796E-14
4835.2220606837  8.137454E-14
4835.26988707454  5.632702E-14
4835.31771346538  5.156250E-14
4835.36553985623  7.042568E-14
4835.41336624707  6.463557E-14
4835.46119263792  3.613030E-14
4835.50901902876  4.522288E-14
4835.5568454196  1.034664E-13
4835.60467181045  6.864434E-14
4835.65249820129  2.647127E-14
4835.70032459213  5.402519E-14
4835.74815098298  6.821611E-14
4835.79597737382  5.025821E-14
4835.84380376467  5.255507E-14
4835.89163015551  5.941584E-14
4835.93945654636  4.065421E-14
4835.9872829372  3.909044E-14
4836.03510932804  5.933103E-14
4836.08293571889  6.841060E-14
4836.13076210973  5.763298E-14
4836.17858850058  3.935269E-14
4836.22641489142  6.803840E-14
4836.27424128226  5.971123E-14
4836.32206767311  6.759610E-14
4836.36989406395  7.555003E-14
4836.4177204548  4.846166E-14
4836.46554684564  6.162600E-14
4836.51337323648  1.164138E-13
4836.56119962733  6.801084E-14
4836.60902601817  6.244901E-14
4836.65685240901  4.635538E-14
4836.70467879986  4.687120E-14
4836.7525051907  6.245770E-14
4836.80033158155  5.692330E-14
4836.84815797239  6.488106E-14
4836.89598436323  8.518536E-14
4836.94381075408  7.017782E-14
4836.99163714492  4.299805E-14
4837.03946353577  6.974368E-14
4837.08728992661  9.768540E-14
4837.13511631745  8.395679E-14
4837.1829427083  6.304020E-14
4837.23076909914  6.053051E-14
4837.27859548999  8.119445E-14
4837.32642188083  8.676236E-14
4837.37424827167  6.204777E-14
4837.42207466252  5.182593E-14
4837.46990105336  7.199261E-14
4837.51772744421  7.189088E-14
4837.56555383505  5.023907E-14
4837.61338022589  6.517183E-14
4837.66120661674  6.461824E-14
4837.70903300758  2.605257E-14
4837.75685939843  3.001132E-14
4837.80468578927  4.042939E-14
4837.85251218011  2.355165E-13
4837.90033857096  3.123401E-13
4837.9481649618  4.393120E-14
4837.99599135265  3.146447E-14
4838.04381774349  8.085424E-14
4838.09164413433  9.328932E-14
4838.13947052518  1.055402E-13
4838.18729691602  5.460984E-14
4838.23512330687  3.291708E-14
4838.28294969771  7.315095E-14
4838.33077608855  6.408738E-14
4838.3786024794  4.909816E-14
4838.42642887024  6.140311E-14
4838.47425526109  5.099520E-14
4838.52208165193  3.801382E-14
4838.56990804277  6.047557E-14
4838.61773443362  6.182747E-14
4838.66556082446  4.742928E-14
4838.71338721531  5.613256E-14
4838.76121360615  4.969912E-14
4838.80903999699  7.596674E-14
4838.85686638784  7.696049E-14
4838.90469277868  7.082095E-14
4838.95251916953  6.147603E-14
4839.00034556037  4.880142E-14
4839.04817195121  4.854651E-14
4839.09599834206  5.451950E-14
4839.1438247329  4.416252E-14
4839.19165112375  3.879503E-14
4839.23947751459  6.143268E-14
4839.28730390543  3.789883E-14
4839.33513029628  3.250111E-14
4839.38295668712  5.612175E-14
4839.43078307797  5.458463E-14
4839.47860946881  3.623680E-14
4839.52643585965  3.524867E-14
4839.5742622505  3.246431E-14
4839.62208864134  2.845553E-14
4839.66991503218  2.611589E-14
4839.71774142303  5.498704E-14
4839.76556781387  5.715545E-14
4839.81339420472  5.101365E-14
4839.86122059556  1.770310E-14
4839.9090469864  -1.401685E-14
4839.95687337725  5.479280E-14
4840.00469976809  4.948541E-14
4840.05252615894  4.193794E-14
4840.10035254978  5.889249E-14
4840.14817894063  4.076485E-14
4840.19600533147  4.893762E-14
4840.24383172231  5.393531E-14
4840.29165811316  2.807480E-14
4840.339484504  3.208675E-14
4840.38731089485  2.313351E-14
4840.43513728569  3.061855E-14
4840.48296367653  6.568722E-14
4840.53079006738  6.806636E-14
4840.57861645822  5.072043E-14
4840.62644284906  2.822446E-14
4840.67426923991  4.058432E-14
4840.72209563075  6.515609E-14
4840.7699220216  4.850974E-14
4840.81774841244  5.855222E-14
4840.86557480328  4.689566E-14
4840.91340119413  4.457532E-14
4840.96122758497  5.400362E-14
4841.00905397582  4.135425E-14
4841.05688036666  4.507284E-14
4841.1047067575  6.040359E-14
4841.15253314835  6.135918E-14
4841.20035953919  5.659553E-14
4841.24818593004  2.633238E-14
4841.29601232088  4.602597E-14
4841.34383871172  3.772667E-14
4841.39166510257  2.718337E-14
4841.43949149341  4.107068E-14
4841.48731788426  4.243046E-14
4841.5351442751  2.618769E-14
4841.58297066594  3.447896E-14
4841.63079705679  5.915088E-14
4841.67862344763  5.023408E-14
4841.72644983848  3.469190E-14
4841.77427622932  4.753510E-14
4841.82210262016  5.281973E-14
4841.86992901101  6.723209E-14
4841.91775540185  5.542609E-14
4841.96558179269  2.144203E-14
4842.01340818354  3.464871E-14
4842.06123457438  6.889619E-14
4842.10906096523  4.820095E-14
4842.15688735607  3.524923E-14
4842.20471374691  4.865290E-14
4842.25254013776  4.678125E-14
4842.3003665286  2.559110E-14
4842.34819291945  5.103734E-14
4842.39601931029  8.260141E-14
4842.44384570114  -1.388797E-14
4842.49167209198  3.307733E-13
4842.53949848282  8.707050E-13
4842.58732487367  1.449691E-13
4842.63515126451  1.013382E-14
4842.68297765536  2.480701E-14
4842.7308040462  2.954265E-14
4842.77863043704  3.804224E-14
4842.82645682789  5.224710E-14
4842.87428321873  5.813772E-14
4842.92210960957  4.541049E-14
4842.96993600042  3.730695E-14
4843.01776239126  4.411643E-14
4843.06558878211  5.736724E-14
4843.11341517295  5.294669E-14
4843.16124156379  5.519058E-14
4843.20906795464  4.102472E-14
4843.25689434548  4.312127E-14
4843.30472073633  5.112601E-14
4843.35254712717  5.476886E-14
4843.40037351801  4.488149E-14
4843.44819990886  2.867034E-14
4843.4960262997  3.978103E-14
4843.54385269055  3.877511E-14
4843.59167908139  5.439587E-14
4843.63950547223  4.665909E-14
4843.68733186308  3.568640E-14
4843.73515825392  3.695465E-14
4843.78298464477  5.541383E-14
4843.83081103561  6.000343E-14
4843.87863742645  5.117681E-14
4843.9264638173  4.657595E-14
4843.97429020814  3.362132E-14
4844.02211659899  4.509231E-14
4844.06994298983  6.429502E-14
4844.11776938067  5.018329E-14
4844.16559577152  4.566976E-14
4844.21342216236  3.264354E-14
4844.2612485532  3.796896E-14
4844.30907494405  4.515097E-14
4844.35690133489  8.186592E-14
4844.40472772574  1.096602E-13
4844.45255411658  5.981602E-14
4844.50038050743  4.919748E-14
4844.54820689827  4.218072E-14
4844.59603328911  3.492450E-14
4844.64385967996  4.353693E-14
4844.6916860708  5.310438E-14
4844.73951246165  4.116558E-14
4844.78733885249  3.645407E-14
4844.83516524333  5.196072E-14
4844.88299163418  4.754140E-14
4844.93081802502  3.990107E-14
4844.97864441587  5.262729E-14
4845.02647080671  3.467043E-14
4845.07429719755  4.185870E-14
4845.1221235884  2.759015E-14
4845.16994997924  3.375403E-14
4845.21777637009  3.481850E-14
4845.26560276093  4.517515E-14
4845.31342915177  5.623078E-14
4845.36125554262  5.688000E-14
4845.40908193346  5.031708E-14
4845.4569083243  4.627222E-14
4845.50473471515  5.222438E-14
4845.55256110599  4.245903E-14
4845.60038749684  2.925889E-14
4845.64821388768  4.921289E-14
4845.69604027853  4.919850E-14
4845.74386666937  4.712887E-14
4845.79169306021  5.079565E-14
4845.83951945106  5.409970E-14
4845.8873458419  4.383145E-14
4845.93517223274  4.468439E-14
4845.98299862359  5.521998E-14
4846.03082501443  5.731880E-14
4846.07865140528  7.141934E-14
4846.12647779612  5.395548E-14
4846.17430418697  3.549062E-14
4846.22213057781  5.558072E-14
4846.26995696865  6.059984E-14
4846.3177833595  5.976973E-14
4846.36560975034  5.487612E-14
4846.41343614118  4.408293E-14
4846.46126253203  3.973297E-14
4846.50908892287  4.731284E-14
4846.55691531372  5.118586E-14
4846.60474170456  3.950438E-14
4846.6525680954  3.648096E-14
4846.70039448625  5.431581E-14
4846.74822087709  5.697348E-14
4846.79604726794  6.063542E-14
4846.84387365878  5.337776E-14
4846.89170004962  3.575955E-14
4846.93952644047  4.568004E-14
4846.98735283131  5.588510E-14
4847.03517922216  4.883689E-14
4847.083005613  4.646486E-14
4847.13083200384  4.882005E-14
4847.17865839469  4.707237E-14
4847.22648478553  4.915075E-14
4847.27431117638  4.499432E-14
4847.32213756722  2.766363E-14
4847.36996395806  4.227336E-14
4847.41779034891  2.440287E-14
4847.46561673975  2.421598E-14
4847.5134431306  3.724476E-14
4847.56126952144  3.728206E-14
4847.60909591228  4.422215E-14
4847.65692230313  5.006980E-14
4847.70474869397  4.706068E-14
4847.75257508482  4.480165E-14
4847.80040147566  3.661296E-14
4847.8482278665  2.917846E-14
4847.89605425735  2.759462E-14
4847.94388064819  3.788450E-14
4847.99170703904  5.347496E-14
4848.03953342988  7.024725E-14
4848.08735982072  1.176113E-13
4848.13518621157  7.222907E-14
4848.18301260241  4.720179E-14
4848.23083899326  3.815294E-14
4848.2786653841  2.581251E-14
4848.32649177494  4.241146E-14
4848.37431816579  4.929793E-14
4848.42214455663  4.277375E-14
4848.46997094748  3.947512E-14
4848.51779733832  3.646547E-14
4848.56562372916  6.310005E-14
4848.61345012001  5.708960E-14
4848.66127651085  6.052146E-14
4848.7091029017  5.349994E-14
4848.75692929254  3.846220E-14
4848.80475568338  3.258802E-14
4848.85258207423  4.127110E-14
4848.90040846507  2.904433E-14
4848.94823485592  2.530781E-14
4848.99606124676  4.305191E-14
4849.0438876376  5.192018E-14
4849.09171402845  5.168636E-14
4849.13954041929  3.883180E-14
4849.18736681014  4.423391E-14
4849.23519320098  7.193693E-14
4849.28301959182  5.856737E-14
4849.33084598267  5.668475E-14
4849.37867237351  4.258436E-14
4849.42649876435  4.574023E-14
4849.4743251552  4.551357E-14
4849.52215154604  4.378780E-14
4849.56997793689  4.074136E-14
4849.61780432773  3.994735E-14
4849.66563071857  5.677421E-14
4849.71345710942  6.725480E-14
4849.76128350026  4.388581E-14
4849.80910989111  3.826402E-14
4849.85693628195  5.349336E-14
4849.9047626728  3.536252E-14
4849.95258906364  6.693933E-14
4850.00041545448  5.115011E-14
4850.04824184533  1.569693E-14
4850.09606823617  1.663524E-14
4850.14389462701  4.336142E-14
4850.19172101786  4.725421E-14
4850.2395474087  3.838580E-14
4850.28737379955  7.155885E-14
4850.33520019039  7.736506E-14
4850.38302658123  7.570644E-14
4850.43085297208  9.842530E-14
4850.47867936292  9.580672E-14
4850.52650575377  7.867001E-14
4850.57433214461  9.531711E-14
4850.62215853545  9.138565E-14
4850.6699849263  1.210793E-14
4850.71781131714  2.937352E-14
4850.76563770799  6.168660E-14
4850.81346409883  8.348181E-14
4850.86129048967  7.000851E-14
4850.90911688052  6.057646E-14
4850.95694327136  9.702364E-14
4851.00476966221  6.489495E-14
4851.05259605305  5.677616E-14
4851.10042244389  5.811581E-14
4851.14824883474  5.082827E-14
4851.19607522558  6.637675E-14
4851.24390161643  8.693886E-15
4851.29172800727  1.163114E-13
4851.33955439811  3.761791E-13
4851.38738078896  2.525643E-13
4851.4352071798  1.288667E-14
4851.48303357065  1.960476E-14
4851.53085996149  3.671710E-14
4851.57868635233  4.789164E-14
4851.62651274318  4.431378E-14
4851.67433913402  3.775946E-14
4851.72216552486  2.703321E-14
4851.76999191571  3.112239E-14
4851.81781830655  3.362122E-14
4851.8656446974  3.260703E-14
4851.91347108824  4.781189E-14
4851.96129747908  4.616510E-14
4852.00912386993  2.750365E-14
4852.05695026077  3.814923E-14
4852.10477665162  5.736111E-14
4852.15260304246  5.218202E-14
4852.20042943331  3.876167E-14
4852.24825582415  3.835146E-14
4852.29608221499  5.025833E-14
4852.34390860584  4.930019E-14
4852.39173499668  5.010479E-14
4852.43956138753  5.201370E-14
4852.48738777837  4.205971E-14
4852.53521416921  3.845238E-14
4852.58304056006  3.384770E-14
4852.6308669509  3.901355E-14
4852.67869334174  4.987792E-14
4852.72651973259  4.371602E-14
4852.77434612343  4.885813E-14
4852.82217251428  4.830220E-14
4852.86999890512  4.338477E-14
4852.91782529596  4.410445E-14
4852.96565168681  5.703740E-14
4853.01347807765  5.141001E-14
4853.0613044685  3.971065E-14
4853.10913085934  4.764022E-14
4853.15695725018  4.229316E-14
4853.20478364103  4.038539E-14
4853.25261003187  4.941890E-14
4853.30043642272  3.059428E-14
4853.34826281356  2.515592E-14
4853.3960892044  2.832370E-14
4853.44391559525  3.646252E-14
4853.49174198609  5.624342E-14
4853.53956837694  4.949874E-14
4853.58739476778  4.396908E-14
4853.63522115862  4.692420E-14
4853.68304754947  4.955787E-14
4853.73087394031  3.493686E-14
4853.77870033116  2.122709E-14
4853.826526722  1.878582E-14
4853.87435311284  4.652983E-14
4853.92217950369  4.239019E-14
4853.97000589453  4.213826E-14
4854.01783228537  4.163004E-14
4854.06565867622  4.741622E-14
4854.11348506706  5.308991E-14
4854.16131145791  4.007873E-14
4854.20913784875  4.620612E-14
4854.25696423959  6.106139E-14
4854.30479063044  5.164140E-14
4854.35261702128  4.627342E-14
4854.40044341213  4.871829E-14
4854.44826980297  3.870250E-14
4854.49609619382  4.169876E-14
4854.54392258466  5.597646E-14
4854.5917489755  5.997716E-14
4854.63957536635  4.685577E-14
4854.68740175719  3.114905E-14
4854.73522814804  2.568245E-14
4854.78305453888  3.581905E-14
4854.83088092972  2.632669E-14
4854.87870732057  2.726090E-14
4854.92653371141  2.411813E-14
4854.97436010225  3.550477E-14
4855.0221864931  3.700768E-14
4855.07001288394  3.083175E-14
4855.11783927479  3.561127E-14
4855.16566566563  3.607144E-14
4855.21349205648  2.918705E-14
4855.26131844732  3.442661E-14
4855.30914483816  3.700738E-14
4855.35697122901  4.011601E-14
4855.40479761985  1.583784E-14
4855.45262401069  4.557521E-15
4855.50045040154  2.071430E-14
4855.54827679238  3.641326E-14
4855.59610318323  5.052825E-14
4855.64392957407  4.765223E-14
4855.69175596491  3.312931E-14
4855.73958235576  1.851449E-14
4855.7874087466  1.852007E-14
4855.83523513745  2.481451E-14
4855.88306152829  3.471442E-14
4855.93088791913  3.305953E-14
4855.97871430998  4.484141E-14
4856.02654070082  4.411555E-14
4856.07436709167  4.934143E-14
4856.12219348251  3.169451E-14
4856.17001987335  3.077048E-14
4856.2178462642  4.277002E-14
4856.26567265504  3.833908E-14
4856.31349904589  4.215138E-14
4856.36132543673  5.410274E-14
4856.40915182757  5.434406E-14
4856.45697821842  5.242723E-14
4856.50480460926  6.121906E-14
4856.55263100011  3.873133E-14
4856.60045739095  3.560332E-14
4856.64828378179  4.474131E-14
4856.69611017264  4.036260E-14
4856.74393656348  3.538828E-14
4856.79176295433  2.648769E-13
4856.83958934517  1.301126E-13
4856.88741573601  1.337364E-14
4856.93524212686  3.991231E-14
4856.9830685177  5.452519E-14
4857.03089490855  3.487534E-14
4857.07872129939  4.291610E-14
4857.12654769023  4.816769E-14
4857.17437408108  5.780513E-14
4857.22220047192  6.419921E-14
4857.27002686276  4.364408E-14
4857.31785325361  3.667940E-14
4857.36567964445  4.477343E-14
4857.4135060353  3.527119E-14
4857.46133242614  2.013298E-14
4857.50915881699  3.074528E-14
4857.55698520783  3.822143E-14
4857.60481159867  3.421691E-14
4857.65263798952  3.271204E-14
4857.70046438036  3.737179E-14
4857.7482907712  3.863638E-14
4857.79611716205  4.193505E-14
4857.84394355289  3.810557E-14
4857.89176994374  4.015818E-14
4857.93959633458  4.007323E-14
4857.98742272543  8.322459E-14
4858.03524911627  2.426102E-13
4858.08307550711  2.741831E-13
4858.13090189796  2.000423E-13
4858.1787282888  6.705466E-14
4858.22655467964  3.431827E-14
4858.27438107049  2.927854E-14
4858.32220746133  6.130946E-14
4858.37003385218  6.040931E-14
4858.41786024302  4.144626E-14
4858.46568663386  3.839382E-14
4858.51351302471  3.061645E-14
4858.56133941555  5.030510E-14
4858.6091658064  4.192504E-14
4858.65699219724  3.941430E-14
4858.70481858809  3.183079E-14
4858.75264497893  2.558220E-14
4858.80047136977  3.953999E-14
4858.84829776062  5.168649E-14
4858.89612415146  5.939697E-14
4858.9439505423  6.443138E-14
4858.99177693315  8.509203E-14
4859.03960332399  9.600107E-14
4859.08742971484  9.069172E-14
4859.13525610568  1.073461E-13
4859.18308249652  1.226824E-13
4859.23090888737  1.537829E-13
4859.27873527821  1.720977E-13
4859.32656166906  2.069377E-13
4859.3743880599  2.609327E-13
4859.42221445074  2.726072E-13
4859.47004084159  3.115087E-13
4859.51786723243  3.175442E-13
4859.56569362328  3.264181E-13
4859.61352001412  3.323009E-13
4859.66134640496  3.004307E-13
4859.70917279581  2.815101E-13
4859.75699918665  2.572606E-13
4859.8048255775  2.308549E-13
4859.85265196834  1.974082E-13
4859.90047835918  1.772431E-13
4859.94830475003  1.461473E-13
4859.99613114087  1.157402E-13
4860.04395753172  9.495716E-14
4860.09178392256  7.284941E-14
4860.1396103134  5.934776E-14
4860.18743670425  5.444141E-14
4860.23526309509  6.030748E-14
4860.28308948594  4.986227E-14
4860.33091587678  4.875513E-14
4860.37874226762  7.288197E-14
4860.42656865847  5.522407E-14
4860.47439504931  5.205649E-14
4860.52222144016  6.072596E-14
4860.570047831  9.462736E-14
4860.61787422184  1.471470E-13
4860.66570061269  2.146385E-13
4860.71352700353  3.172559E-13
4860.76135339437  4.859936E-13
4860.80917978522  7.190595E-13
4860.85700617606  1.132356E-12
4860.90483256691  1.662368E-12
4860.95265895775  2.316250E-12
4861.0004853486  3.113128E-12
4861.04831173944  4.071308E-12
4861.09613813028  5.045451E-12
4861.14396452113  6.022872E-12
4861.19179091197  7.031612E-12
4861.23961730281  7.961854E-12
4861.28744369366  8.868869E-12
4861.3352700845  9.872596E-12
4861.38309647535  1.060821E-11
4861.43092286619  1.061614E-11
4861.47874925704  9.981738E-12
4861.52657564788  9.883376E-12
4861.57440203872  1.016563E-11
4861.62222842957  1.086516E-11
4861.67005482041  1.167824E-11
4861.71788121125  1.198094E-11
4861.7657076021  1.161233E-11
4861.81353399294  1.075572E-11
4861.86136038379  9.687634E-12
4861.90918677463  8.602436E-12
4861.95701316547  7.325650E-12
4862.00483955632  5.992202E-12
4862.05266594716  4.812221E-12
4862.10049233801  3.621456E-12
4862.14831872885  2.667219E-12
4862.19614511969  1.920489E-12
4862.24397151054  1.341746E-12
4862.29179790138  9.143802E-13
4862.33962429223  6.081123E-13
4862.38745068307  4.194356E-13
4862.43527707391  2.709786E-13
4862.48310346476  2.244096E-13
4862.5309298556  1.707070E-13
4862.57875624645  1.407990E-13
4862.62658263729  1.150913E-13
4862.67440902813  1.014845E-13
4862.72223541898  8.177248E-14
4862.77006180982  7.244658E-14
4862.81788820067  7.204836E-14
4862.86571459151  5.393259E-14
4862.91354098235  1.330099E-13
4862.9613673732  2.342947E-13
4863.00919376404  6.692794E-14
4863.05702015488  6.253136E-14
4863.10484654573  5.516297E-14
4863.15267293657  7.299916E-14
4863.20049932742  7.646660E-14
4863.24832571826  5.633816E-14
4863.29615210911  7.350690E-14
4863.34397849995  4.916712E-14
4863.39180489079  3.089891E-14
4863.43963128164  3.001019E-14
4863.48745767248  3.060098E-14
4863.53528406332  4.011288E-14
4863.58311045417  4.976091E-14
4863.63093684501  4.130134E-14
4863.67876323586  2.017356E-14
4863.7265896267  3.401333E-14
4863.77441601755  4.484226E-14
4863.82224240839  4.587955E-14
4863.87006879923  5.107920E-14
4863.91789519008  4.992988E-14
4863.96572158092  4.318801E-14
4864.01354797176  3.288479E-14
4864.06137436261  4.129481E-14
4864.10920075345  3.496931E-14
4864.1570271443  2.265370E-14
4864.20485353514  4.647629E-14
4864.25267992598  2.473600E-13
4864.30050631683  2.474189E-13
4864.34833270767  5.033139E-14
4864.39615909852  3.244447E-14
4864.44398548936  4.936330E-14
4864.4918118802  4.456727E-14
4864.53963827105  3.280340E-14
4864.58746466189  4.762773E-14
4864.63529105274  4.106458E-14
4864.68311744358  5.329753E-14
4864.73094383442  4.069896E-14
4864.77877022527  5.635695E-14
4864.82659661611  7.934910E-14
4864.87442300696  3.999678E-14
4864.9222493978  4.639014E-14
4864.97007578864  4.471303E-14
4865.01790217949  3.124221E-14
4865.06572857033  3.378214E-14
4865.11355496118  4.740488E-14
4865.16138135202  5.958668E-14
4865.20920774286  4.957203E-14
4865.25703413371  3.718466E-14
4865.30486052455  3.657029E-14
4865.3526869154  4.525274E-14
4865.40051330624  3.231752E-14
4865.44833969708  3.372523E-14
4865.49616608793  6.036409E-14
4865.54399247877  6.154529E-14
4865.59181886962  5.458684E-14
4865.63964526046  4.509236E-14
4865.6874716513  4.365741E-14
4865.73529804215  4.990606E-14
4865.78312443299  4.248040E-14
4865.83095082384  4.852103E-14
4865.87877721468  7.498237E-14
4865.92660360552  3.434533E-14
4865.97442999637  3.932773E-14
4866.02225638721  5.076713E-14
4866.07008277806  5.603770E-14
4866.1179091689  3.321366E-14
4866.16573555974  4.896227E-14
4866.21356195059  3.522416E-14
4866.26138834143  4.157778E-14
4866.30921473228  4.131172E-14
4866.35704112312  2.934821E-14
4866.40486751396  3.649565E-14
4866.45269390481  4.068032E-14
4866.50052029565  4.568720E-14
4866.5483466865  4.023296E-14
4866.59617307734  4.443918E-14
4866.64399946818  2.344199E-14
4866.69182585903  4.225493E-14
4866.73965224987  6.208970E-14
4866.78747864072  5.419706E-14
4866.83530503156  4.844972E-14
4866.8831314224  1.869060E-14
4866.93095781325  4.034545E-14
4866.97878420409  4.905454E-14
4867.02661059494  4.715961E-14
4867.07443698578  4.267998E-14
4867.12226337662  4.431367E-14
4867.17008976747  5.632188E-14
4867.21791615831  4.193358E-14
4867.26574254915  5.975815E-14
4867.31356894  5.453912E-14
4867.36139533084  3.991099E-14
4867.40922172169  4.776901E-14
4867.45704811253  4.227984E-14
4867.50487450338  3.536969E-14
4867.55270089422  3.211079E-14
4867.60052728506  3.228758E-14
4867.64835367591  4.537445E-14
4867.69618006675  4.905373E-14
4867.74400645759  2.805275E-14
4867.79183284844  4.765060E-14
4867.83965923928  3.287577E-14
4867.88748563013  2.410095E-14
4867.93531202097  3.303316E-14
4867.98313841181  4.965626E-14
4868.03096480266  2.271015E-14
4868.0787911935  1.950260E-14
4868.12661758435  3.806191E-14
4868.17444397519  2.837673E-14
4868.22227036604  2.090158E-14
4868.27009675688  1.786436E-14
4868.31792314772  1.959687E-14
4868.36574953857  4.753122E-14
4868.41357592941  4.018911E-14
4868.46140232025  3.776605E-14
4868.5092287111  3.068145E-14
4868.55705510194  5.347106E-14
4868.60488149279  5.063158E-14
4868.65270788363  5.517644E-14
4868.70053427447  4.634379E-14
4868.74836066532  3.702261E-14
4868.79618705616  1.360837E-14
4868.84401344701  8.860287E-15
4868.89183983785  3.118565E-14
4868.93966622869  2.038217E-14
4868.98749261954  1.152418E-14
4869.03531901038  3.955443E-13
4869.08314540123  4.240577E-13
4869.13097179207  -1.459950E-14
4869.17879818291  3.157872E-14
4869.22662457376  3.543980E-14
4869.2744509646  4.880323E-14
4869.32227735545  4.687919E-14
4869.37010374629  3.867389E-14
4869.41793013713  4.240160E-14
4869.46575652798  4.440308E-14
4869.51358291882  3.632440E-14
4869.56140930967  2.885024E-14
4869.60923570051  4.008275E-14
4869.65706209135  4.214078E-14
4869.7048884822  3.347413E-14
4869.75271487304  4.013745E-14
4869.80054126389  4.115984E-14
4869.84836765473  6.615952E-14
4869.89619404557  6.697395E-14
4869.94402043642  5.827684E-14
4869.99184682726  3.614818E-14
4870.03967321811  2.168319E-14
4870.08749960895  4.582735E-14
4870.13532599979  5.143364E-14
4870.18315239064  3.067536E-14
4870.23097878148  2.665652E-14
4870.27880517232  7.123876E-14
4870.32663156317  5.816331E-14
4870.37445795401  2.318444E-14
4870.42228434486  6.571660E-14
4870.4701107357  6.097550E-14
4870.51793712655  4.342976E-14
4870.56576351739  4.931517E-14
4870.61358990823  5.267846E-14
4870.66141629908  7.273811E-14
4870.70924268992  4.345126E-14
4870.75706908076  2.869088E-14
4870.80489547161  4.181491E-14
4870.85272186245  2.791851E-14
4870.9005482533  1.176627E-14
4870.94837464414  -9.505600E-15
4870.99620103499  2.667326E-13
4871.04402742583  3.990957E-13
4871.09185381667  7.277883E-15
4871.13968020752  5.840133E-14
4871.18750659836  5.154831E-14
4871.23533298921  4.665672E-14
4871.28315938005  5.833337E-14
4871.33098577089  4.989313E-14
4871.37881216174  3.901144E-14
4871.42663855258  4.061720E-14
4871.47446494342  4.355307E-14
4871.52229133427  4.048197E-14
4871.57011772511  4.840461E-14
4871.61794411596  3.436314E-14
4871.6657705068  2.859554E-14
4871.71359689765  4.642525E-14
4871.76142328849  4.303755E-14
4871.80924967933  2.871325E-13
4871.85707607018  1.451561E-13
4871.90490246102  2.021646E-14
4871.95272885186  9.677152E-15
4872.00055524271  3.713510E-14
4872.04838163355  3.204255E-14
4872.0962080244  3.555388E-14
4872.14403441524  3.178355E-14
4872.19186080609  3.735109E-14
4872.23968719693  2.647456E-14
4872.28751358777  3.954931E-14
4872.33533997862  4.707976E-14
4872.38316636946  6.916107E-14
4872.4309927603  4.722073E-14
4872.47881915115  5.117445E-14
4872.52664554199  5.635024E-14
4872.57447193284  4.326650E-14
4872.62229832368  4.446238E-14
4872.67012471452  4.932206E-14
4872.71795110537  5.727078E-14
4872.76577749621  6.866206E-14
4872.81360388706  6.489251E-14
4872.8614302779  5.384925E-14
4872.90925666874  3.118153E-14
4872.95708305959  5.092955E-14
4873.00490945043  4.387781E-14
4873.05273584128  6.113453E-14
4873.10056223212  3.108863E-14
4873.14838862296  5.270626E-14
4873.19621501381  5.697539E-14
4873.24404140465  3.870788E-14
4873.2918677955  4.936467E-14
4873.33969418634  6.072503E-14
4873.38752057718  6.380429E-14
4873.43534696803  3.053924E-14
4873.48317335887  4.868121E-14
4873.53099974972  1.790141E-14
4873.57882614056  3.992314E-14
4873.6266525314  2.270051E-14
4873.67447892225  2.821854E-14
4873.72230531309  4.785678E-14
4873.77013170393  4.903077E-14
4873.81795809478  4.204424E-14
4873.86578448562  4.836669E-14
4873.91361087647  4.373115E-14
4873.96143726731  2.849784E-14
4874.00926365816  4.281060E-14
4874.057090049  2.546756E-14
4874.10491643984  2.403061E-14
4874.15274283069  4.594498E-14
4874.20056922153  -4.848211E-14
4874.24839561237  1.106187E-12
4874.29622200322  5.826951E-13
4874.34404839406  -1.897904E-14
4874.39187478491  1.432950E-14
4874.43970117575  3.498654E-14
4874.4875275666  4.598928E-14
4874.53535395744  5.089841E-14
4874.58318034828  5.413879E-14
4874.63100673913  4.470740E-14
4874.67883312997  3.397068E-14
4874.72665952081  3.843735E-14
4874.77448591166  5.141441E-14
4874.8223123025  5.825548E-14
4874.87013869335  7.339420E-14
4874.91796508419  7.910511E-14
4874.96579147503  6.168049E-14
4875.01361786588  4.643411E-14
4875.06144425672  4.239737E-14
4875.10927064757  7.355459E-14
4875.15709703841  8.264437E-14
4875.20492342925  7.518427E-14
4875.2527498201  4.850463E-14
4875.30057621094  7.074518E-14
4875.34840260179  6.294536E-14
4875.39622899263  6.405344E-14
4875.44405538347  5.547256E-14
4875.49188177432  6.524661E-14
4875.53970816516  3.824053E-14
4875.58753455601  3.590443E-14
4875.63536094685  4.430916E-14
4875.68318733769  5.184175E-14
4875.73101372854  4.240526E-14
4875.77884011938  5.645626E-14
4875.82666651023  4.879624E-14
4875.87449290107  3.950667E-14
4875.92231929191  2.127744E-14
4875.97014568276  2.855576E-14
4876.0179720736  2.708701E-14
4876.06579846444  3.245483E-14
4876.11362485529  5.290635E-14
4876.16145124613  6.561884E-14
4876.20927763698  8.261797E-14
4876.25710402782  4.363769E-14
4876.30493041867  4.980059E-14
4876.35275680951  2.984470E-14
4876.40058320035  3.306167E-14
4876.4484095912  3.928677E-14
4876.49623598204  4.258523E-14
4876.54406237288  3.719544E-14
4876.59188876373  6.953776E-14
4876.63971515457  4.197790E-14
4876.68754154542  3.835276E-14
4876.73536793626  3.677397E-14
4876.78319432711  2.773911E-14
4876.83102071795  3.173510E-14
4876.87884710879  4.370113E-14
4876.92667349964  6.383127E-14
4876.97449989048  6.283552E-14
4877.02232628133  5.058395E-14
4877.07015267217  4.212204E-14
4877.11797906301  3.158830E-14
4877.16580545386  3.606374E-14
4877.2136318447  4.272756E-14
4877.26145823554  4.803541E-14
4877.30928462639  5.469729E-14
4877.35711101723  4.862101E-14
4877.40493740808  4.313632E-14
4877.45276379892  4.804643E-14
4877.50059018976  6.018125E-14
4877.54841658061  5.592277E-14
4877.59624297145  6.516407E-14
4877.6440693623  7.093626E-14
4877.69189575314  4.578604E-14
4877.73972214398  4.051896E-14
4877.78754853483  9.262991E-14
4877.83537492567  7.816579E-14
4877.88320131652  2.780581E-14
4877.93102770736  2.432471E-14
4877.9788540982  2.469401E-14
4878.02668048905  4.830272E-14
4878.07450687989  4.488454E-14
4878.12233327074  5.647024E-14
4878.17015966158  1.536054E-14
4878.21798605242  3.651326E-14
4878.26581244327  4.601718E-14
4878.31363883411  8.070986E-14
4878.36146522496  6.875671E-14
4878.4092916158  6.092429E-14
4878.45711800664  4.739834E-14
4878.50494439749  4.818188E-14
4878.55277078833  2.273352E-14
4878.60059717918  5.224454E-14
4878.64842357002  4.425772E-14
4878.69624996086  8.454697E-14
4878.74407635171  7.686726E-14
4878.79190274255  4.521039E-14
4878.8397291334  7.852966E-14
4878.88755552424  4.394153E-14
4878.93538191508  5.245061E-14
4878.98320830593  2.329548E-14
4879.03103469677  1.601176E-14
4879.07886108762  8.406619E-14
4879.12668747846  8.432637E-14
4879.1745138693  8.478199E-14
4879.22234026015  6.833850E-14
4879.27016665099  9.481197E-14
4879.31799304184  4.492685E-14
4879.36581943268  5.588316E-14
4879.41364582352  7.121208E-14
4879.46147221437  8.209935E-14
4879.50929860521  8.998268E-14
4879.55712499606  4.885290E-14
4879.6049513869  3.268393E-14
4879.65277777774  4.861439E-14
4879.70060416859  4.487607E-14
4879.74843055943  4.245173E-14
4879.79625695028  4.824940E-14
4879.84408334112  8.469062E-14
4879.89190973196  6.467445E-14
4879.93973612281  5.150289E-14
4879.98756251365  3.516685E-14
4880.03538890449  4.376857E-14
4880.08321529534  4.585911E-14
4880.13104168618  5.974298E-14
4880.17886807703  9.276684E-14
4880.22669446787  6.456525E-14
4880.27452085871  6.113243E-14
4880.32234724956  6.704363E-14
4880.3701736404  8.595310E-14
4880.41800003125  8.748606E-14
4880.46582642209  1.194867E-13
4880.51365281294  8.211286E-14
4880.56147920378  4.999828E-14
4880.60930559462  6.012058E-14
4880.65713198547  6.499308E-14
4880.70495837631  9.722797E-14
4880.75278476715  1.460448E-13
4880.800611158  1.300872E-13
4880.84843754884  1.175216E-13
4880.89626393969  1.121036E-13
4880.94409033053  1.024766E-13
4880.99191672137  6.802219E-14
4881.03974311222  6.782536E-14
4881.08756950306  5.350181E-14
4881.13539589391  6.867641E-13
4881.18322228475  1.068071E-12
4881.23104867559  3.568974E-13
4881.27887506644  7.245512E-14
4881.32670145728  7.608198E-14
4881.37452784813  1.076231E-13
4881.42235423897  1.021916E-13
4881.47018062981  9.050924E-14
4881.51800702066  5.899584E-14
4881.5658334115  6.864226E-14
4881.61365980235  7.103092E-14
4881.66148619319  2.435058E-14
4881.70931258403  4.016936E-14
4881.75713897488  5.405300E-14
4881.80496536572  5.972772E-14
4881.85279175657  7.815719E-14
4881.90061814741  9.179259E-14
4881.94844453825  7.243460E-14
4881.9962709291  7.476511E-14
4882.04409731994  5.082633E-14
4882.09192371079  3.391475E-14
4882.13975010163  6.960182E-14
4882.18757649247  6.448306E-14
4882.23540288332  1.810651E-14
4882.28322927416  3.807090E-14
4882.331055665  5.265336E-14
4882.37888205585  5.011740E-14
4882.42670844669  6.008327E-14
4882.47453483754  7.953804E-14
4882.52236122838  9.013165E-14
4882.57018761922  8.160106E-14
4882.61801401007  1.000324E-13
4882.66584040091  9.184872E-14
4882.71366679176  6.232454E-14
4882.7614931826  1.016823E-13
4882.80931957345  1.009923E-13
4882.85714596429  4.097611E-14
4882.90497235513  3.638957E-14
4882.95279874598  4.368931E-14
4883.00062513682  1.026945E-14
4883.04845152766  2.547934E-14
4883.09627791851  7.251254E-14
4883.14410430935  7.147302E-14
4883.1919307002  5.252421E-14
4883.23975709104  2.020962E-14
4883.28758348188  3.739894E-13
4883.33540987273  3.912027E-12
4883.38323626357  2.222329E-12
4883.43106265442  -1.028348E-13
4883.47888904526  1.045315E-13
4883.5267154361  8.270344E-14
4883.57454182695  9.405718E-14
4883.62236821779  8.676564E-14
4883.67019460864  5.236780E-14
4883.71802099948  6.522155E-14
4883.76584739032  8.759821E-14
4883.81367378117  7.784511E-14
4883.86150017201  4.696670E-14
4883.90932656286  4.406453E-14
4883.9571529537  5.790806E-14
4884.00497934454  3.448312E-14
4884.05280573539  3.092167E-14
4884.10063212623  1.009189E-13
4884.14845851708  7.552759E-14
4884.19628490792  6.969414E-14
4884.24411129876  4.273767E-14
4884.29193768961  1.659900E-14
4884.33976408045  4.126225E-14
4884.3875904713  6.388699E-14
4884.43541686214  8.884978E-14
4884.48324325298  5.695947E-14
4884.53106964383  4.454515E-14
4884.57889603467  5.201226E-14
4884.62672242552  4.335679E-14
4884.67454881636  3.266306E-14
4884.7223752072  3.708692E-14
4884.77020159805  8.283142E-14
4884.81802798889  4.296776E-14
4884.86585437973  3.544406E-14
4884.91368077058  5.308782E-14
4884.96150716142  3.173593E-14
4885.00933355227  8.791024E-14
4885.05715994311  4.572669E-14
4885.10498633396  5.844466E-14
4885.1528127248  3.081132E-14
4885.20063911564  1.176901E-13
4885.24846550649  3.525500E-14
4885.29629189733  2.421858E-14
4885.34411828818  5.031839E-14
4885.39194467902  4.861568E-14
4885.43977106986  8.160944E-15
4885.48759746071  4.057512E-14
4885.53542385155  4.523066E-14
4885.58325024239  5.047292E-14
4885.63107663324  9.011674E-14
4885.67890302408  6.566750E-14
4885.72672941493  6.434404E-14
4885.77455580577  5.733193E-14
4885.82238219662  4.939347E-14
4885.87020858746  5.773828E-14
4885.9180349783  7.487809E-14
4885.96586136915  5.980599E-14
4886.01368775999  9.712873E-14
4886.06151415083  1.067707E-13
4886.10934054168  6.826853E-14
4886.15716693252  6.243672E-14
4886.20499332337  4.683302E-14
4886.25281971421  -1.395956E-14
4886.30064610505  6.458737E-14
4886.3484724959  1.550434E-13
4886.39629888674  1.261811E-13
4886.44412527759  6.699220E-14
4886.49195166843  5.394017E-14
4886.53977805927  8.166762E-14
4886.58760445012  2.736505E-14
4886.63543084096  4.758573E-14
4886.68325723181  9.830952E-14
4886.73108362265  8.148826E-14
4886.77891001349  1.507871E-13
4886.82673640434  9.356909E-14
4886.87456279518  7.137945E-14
4886.92238918603  5.251243E-14
4886.97021557687  1.193869E-13
4887.01804196771  5.783449E-14
4887.06586835856  9.522212E-14
4887.1136947494  4.016814E-14
4887.16152114024  5.444039E-14
4887.20934753109  8.645579E-14
4887.25717392193  3.119604E-14
4887.30500031278  6.961696E-14
4887.35282670362  2.830837E-14
4887.40065309447  6.747584E-14
4887.44847948531  1.069517E-13
4887.49630587615  5.656669E-14
4887.544132267  5.725482E-14
4887.59195865784  1.102920E-13
4887.63978504869  8.260559E-14
4887.68761143953  4.387293E-13
4887.73543783037  5.958977E-14
4887.78326422122  1.088004E-14
4887.83109061206  5.401274E-14
4887.87891700291  7.381135E-14
4887.92674339375  3.122500E-14
4887.97456978459  3.638876E-14
4888.02239617544  5.377093E-14
4888.07022256628  8.547382E-14
4888.11804895713  1.055300E-13
4888.16587534797  1.136843E-13
4888.21370173881  4.088119E-14
4888.26152812966  2.942269E-14
4888.3093545205  4.553590E-14
4888.35718091135  5.220281E-14
4888.40500730219  4.622804E-14
4888.45283369303  7.302739E-14
4888.50066008388  1.137308E-14
4888.54848647472  5.148382E-14
4888.59631286556  9.688238E-14
4888.64413925641  5.741268E-14
4888.69196564725  5.744414E-14
4888.7397920381  1.269175E-13
4888.78761842894  6.639139E-14
4888.83544481978  9.237746E-14
4888.88327121063  7.307252E-14
4888.93109760147  1.104455E-13
4888.97892399232  2.283962E-14
4889.02675038316  4.664810E-15
4889.074576774  -5.383096E-15
4889.12240316485  6.037050E-14
4889.17022955569  2.636213E-14
4889.21805594654  1.132688E-13
4889.26588233738  9.127359E-14
4889.31370872823  6.934993E-14
4889.36153511907  6.041795E-14
4889.40936150991  5.053293E-14
4889.45718790076  1.022735E-13
4889.5050142916  8.754470E-14
4889.55284068244  6.672765E-14
4889.60066707329  7.250370E-14
4889.64849346413  8.192591E-14
4889.69631985498  5.583328E-14
4889.74414624582  4.620438E-14
4889.79197263666  7.732440E-14
4889.83979902751  2.374213E-13
4889.88762541835  8.098445E-13
4889.9354518092  -3.198176E-15
4889.98327820004  4.632769E-14
4890.03110459088  1.603366E-14
4890.07893098173  6.445223E-14
4890.12675737257  1.575736E-13
4890.17458376342  -5.427611E-15
4890.22241015426  6.611859E-14
4890.2702365451  1.247754E-13
4890.31806293595  1.274977E-13
4890.36588932679  1.671403E-13
4890.41371571764  1.570217E-13
4890.46154210848  1.315496E-13
4890.50936849932  1.429924E-13
4890.55719489017  2.141203E-13
4890.60502128101  2.612689E-14
4890.65284767186  9.495266E-14
4890.7006740627  9.431483E-16
4890.74850045354  -5.160753E-15
4890.79632684439  8.555494E-14
4890.84415323523  1.223381E-13
4890.89197962607  5.203559E-14
4890.93980601692  1.550556E-13
4890.98763240776  1.312524E-13
4891.03545879861  2.515253E-14
4891.08328518945  7.067323E-14
4891.13111158029  1.581744E-14
4891.17893797114  5.781188E-15
4891.22676436198  5.947562E-14
4891.27459075283  3.177188E-14
4891.32241714367  4.497746E-14
4891.37024353451  8.980087E-14
4891.41806992536  -3.051083E-14
4891.4658963162  6.817621E-14
4891.51372270705  1.026438E-13
4891.56154909789  9.096659E-14
4891.60937548874  -2.457687E-14
4891.65720187958  6.662594E-14
4891.70502827042  1.899600E-13
4891.75285466127  1.091138E-13
4891.80068105211  -3.200049E-14
4891.84850744296  4.243272E-14
4891.8963338338  1.142005E-13
4891.94416022464  1.556028E-13
4891.99198661549  1.473819E-13
4892.03981300633  1.014056E-13
4892.08763939717  2.978310E-14
4892.13546578802  1.386658E-13
4892.18329217886  6.832644E-14
4892.23111856971  7.968765E-14
4892.27894496055  8.709927E-14
4892.3267713514  1.152034E-13
4892.37459774224  5.393885E-14
4892.42242413308  6.134192E-15
4892.47025052393  5.396043E-14
4892.51807691477  4.168419E-14
4892.56590330561  1.560410E-14
4892.61372969646  1.123811E-13
4892.6615560873  8.693458E-14
4892.70938247815  7.049680E-14
4892.75720886899  8.679348E-14
4892.80503525984  4.794607E-14
4892.85286165068  2.164953E-13
4892.90068804152  1.169030E-13
4892.94851443237  4.211734E-14
4892.99634082321  5.595123E-14
4893.04416721405  1.747141E-13
4893.0919936049  8.377105E-15
4893.13981999574  2.723872E-13
4893.18764638659  1.020452E-13
4893.23547277743  1.668604E-13
4893.28329916827  8.906674E-13
4893.33112555912  3.461365E-14
4893.37895194996  1.001589E-13
4893.42677834081  6.758363E-14
4893.47460473165  2.060947E-13
4893.52243112249  3.425830E-14
4893.57025751334  1.643513E-13
4893.61808390418  9.878384E-14
4893.66591029502  1.541162E-13
4893.71373668587  1.185633E-13
4893.76156307671  1.724358E-13
4893.80938946756  1.161420E-13
4893.8572158584  8.644390E-15
4893.90504224925  8.135165E-13
4893.95286864009  3.673200E-12
4894.00069503093  2.153967E-12
4894.04852142178  1.170606E-13
4894.09634781262  1.248720E-13
4894.14417420347  1.705708E-14
4894.19200059431  2.151924E-13
4894.23982698515  1.651826E-13
4894.287653376  -2.052071E-14
4894.33547976684  5.596675E-14
4894.38330615769  1.497489E-13
4894.43113254853  9.593292E-14
4894.47895893937  4.254587E-14
4894.52678533022  1.358065E-13
4894.57461172106  1.456834E-13
4894.62243811191  1.919316E-13
4894.67026450275  9.853626E-15
4894.71809089359  1.475277E-13
4894.76591728444  1.013319E-13
4894.81374367528  1.473279E-13
4894.86157006612  9.691583E-14
4894.90939645697  3.106059E-14
4894.95722284781  6.895692E-14
4895.00504923866  1.350904E-13
4895.0528756295  2.274150E-13
4895.10070202035  6.631882E-14
4895.14852841119  9.527272E-15
4895.19635480203  -3.882881E-14
4895.24418119288  4.293461E-15
4895.29200758372  1.533927E-13
4895.33983397456  1.531386E-13
4895.38766036541  -2.651912E-14
4895.43548675625  -3.947290E-14
4895.4833131471  4.032462E-14
4895.53113953794  7.836163E-14
4895.57896592878  1.804308E-13
4895.62679231963  -2.413396E-14
4895.67461871047  1.324426E-13
4895.72244510132  1.404130E-15
4895.77027149216  1.145822E-12
4895.818097883  1.373487E-12
4895.86592427385  -5.827766E-14
4895.91375066469  2.343516E-14
4895.96157705554  7.007334E-14
4896.00940344638  2.013913E-13
4896.05722983722  1.005582E-13
4896.10505622807  6.599852E-14
4896.15288261891  1.154849E-13
4896.20070900976  1.714503E-13
4896.2485354006  5.483455E-13
4896.29636179144  1.741614E-12
4896.34418818229  -2.047461E-13
4896.39201457313  2.441694E-14
4896.43984096398  1.043875E-13
4896.48766735482  7.051960E-14
4896.53549374566  7.927089E-14
4896.58332013651  4.782140E-14
4896.63114652735  8.232192E-14
4896.6789729182  1.331358E-13
4896.72679930904  3.120452E-15
4896.77462569988  2.308107E-13
4896.82245209073  2.650606E-13
4896.87027848157  7.634498E-14
4896.91810487242  -2.238445E-13
4896.96593126326  9.649378E-12
4897.0137576541  1.060273E-12
4897.06158404495  2.055842E-14
4897.10941043579  -1.578969E-14
4897.15723682664  1.114561E-13
4897.20506321748  8.023871E-14
4897.25288960832  1.590541E-13
4897.30071599917  1.357855E-13
4897.34854239001  -2.255072E-14
4897.39636878086  6.151434E-14
4897.4441951717  1.260603E-13
4897.49202156254  2.221882E-13
4897.53984795339  1.648922E-13
4897.58767434423  1.540072E-13
4897.63550073508  1.793013E-13
4897.68332712592  1.070847E-13
4897.73115351676  -8.641452E-15
4897.77897990761  1.315324E-13
4897.82680629845  1.461157E-13
4897.87463268929  8.053374E-14
4897.92245908014  -1.228488E-14
4897.97028547098  1.101588E-13
4898.01811186183  2.197981E-13
4898.06593825267  3.287898E-13
4898.11376464352  6.177510E-13
4898.16159103436  6.979138E-15
4898.2094174252  2.702920E-13
4898.25724381605  -8.687292E-15
4898.30507020689  3.502542E-13
4898.35289659773  4.010208E-14
4898.40072298858  9.959228E-14
4898.44854937942  1.499158E-13
4898.49637577027  1.594115E-13
4898.54420216111  1.823934E-13
4898.59202855195  2.833303E-13
4898.6398549428  2.790098E-13
4898.68768133364  3.183862E-13
4898.73550772449  7.156423E-14
4898.78333411533  2.248496E-13
4898.83116050618  -5.496104E-14
4898.87898689702  8.596749E-14
4898.92681328786  4.545195E-14
4898.97463967871  1.995687E-13
4899.02246606955  4.655924E-14
4899.0702924604  3.921071E-13
4899.11811885124  2.107609E-13
4899.16594524208  3.330068E-13
4899.21377163293  1.710162E-12
4899.26159802377  3.589637E-13
4899.30942441461  1.042972E-13
4899.35725080546  -1.522886E-14
4899.4050771963  2.571928E-13
4899.45290358715  2.499649E-13
4899.50072997799  -7.777363E-14
4899.54855636883  1.072663E-13
4899.59638275968  1.214186E-13
4899.64420915052  1.912645E-13
4899.69203554137  -1.917994E-15
4899.73986193221  7.804890E-14
4899.78768832305  1.856547E-13
4899.8355147139  2.156667E-13
4899.88334110474  1.172628E-13
4899.93116749559  -1.316983E-14
4899.97899388643  1.788009E-13
4900.02682027727  2.273964E-13
4900.07464666812  1.623792E-13
4900.12247305896  6.491247E-15
4900.1702994498  3.607759E-13
4900.21812584065  3.208092E-13
4900.26595223149  7.730223E-14
4900.31377862234  8.377362E-14
4900.36160501318  1.416901E-13
4900.40943140403  -4.842867E-15
4900.45725779487  6.183254E-14
4900.50508418571  -1.889482E-14
4900.55291057656  5.081225E-14
4900.6007369674  1.014365E-13
4900.64856335824  1.288449E-13
4900.69638974909  2.267567E-13
4900.74421613993  2.215419E-13
4900.79204253078  1.248744E-13
4900.83986892162  5.118897E-14
4900.88769531246  2.457962E-13
