6498.09228515622  3.208382E-14
6498.15666985341  1.431055E-14
6498.22105455061  3.302987E-14
6498.28543924781  4.840284E-14
6498.34982394501  3.957586E-14
6498.41420864221  7.185863E-14
6498.4785933394  2.727699E-14
6498.5429780366  4.767392E-13
6498.6073627338  1.066225E-12
6498.67174743099  4.034649E-13
6498.73613212819  5.345380E-14
6498.80051682539  7.894790E-14
6498.86490152258  4.540194E-15
6498.92928621978  8.007224E-14
6498.99367091698  7.869900E-14
6499.05805561418  9.556737E-15
6499.12244031137  -1.612923E-14
6499.18682500857  1.267858E-14
6499.25120970577  4.736208E-14
6499.31559440296  4.503102E-14
6499.37997910016  2.732919E-14
6499.44436379736  4.149195E-14
6499.50874849456  4.472287E-14
6499.57313319175  9.296225E-14
6499.63751788895  1.360048E-13
6499.70190258615  8.857173E-14
6499.76628728335  1.239749E-13
6499.83067198054  1.020049E-13
6499.89505667774  2.600751E-14
6499.95944137494  3.208794E-14
6500.02382607213  8.334620E-15
6500.08821076933  1.992565E-14
6500.15259546653  6.255841E-14
6500.21698016373  5.940582E-14
6500.28136486092  2.756118E-14
6500.34574955812  5.167329E-14
6500.41013425532  8.543947E-14
6500.47451895251  5.480075E-14
6500.53890364971  2.761852E-14
6500.60328834691  5.873064E-14
6500.66767304411  3.961422E-14
6500.7320577413  -4.168016E-14
6500.7964424385  1.613263E-14
6500.8608271357  6.820771E-14
6500.92521183289  7.659814E-14
6500.98959653009  6.333973E-14
6501.05398122729  1.584019E-14
6501.11836592449  1.690385E-14
6501.18275062168  4.361229E-14
6501.24713531888  4.502051E-14
6501.31152001608  2.758236E-14
6501.37590471328  3.237417E-14
6501.44028941047  2.847125E-14
6501.50467410767  2.552168E-14
6501.56905880487  6.181759E-14
6501.63344350206  7.511837E-14
6501.69782819926  4.889240E-14
6501.76221289646  3.328655E-14
6501.82659759365  5.826313E-14
6501.89098229085  5.446124E-14
6501.95536698805  3.579101E-14
6502.01975168525  4.625825E-14
6502.08413638244  7.484744E-14
6502.14852107964  4.921921E-14
6502.21290577684  2.772098E-14
6502.27729047404  2.144325E-14
6502.34167517123  1.048672E-14
6502.40605986843  6.935593E-15
6502.47044456563  3.241770E-14
6502.53482926283  4.807008E-14
6502.59921396002  4.758013E-14
6502.66359865722  6.808101E-14
6502.72798335442  6.062388E-14
6502.79236805161  4.420769E-14
6502.85675274881  3.039032E-14
6502.92113744601  1.841180E-14
6502.9855221432  5.606164E-14
6503.0499068404  7.862936E-14
6503.1142915376  9.216761E-14
6503.17867623479  1.107385E-13
6503.24306093199  4.361959E-14
6503.30744562919  9.361345E-15
6503.37183032639  2.014609E-14
6503.43621502359  3.262233E-14
6503.50059972078  6.721537E-14
6503.56498441798  8.009411E-14
6503.62936911518  6.388270E-14
6503.69375381237  5.417395E-14
6503.75813850957  7.236965E-14
6503.82252320677  6.163067E-14
6503.88690790396  9.840578E-14
6503.95129260116  1.308617E-13
6504.01567729836  5.314920E-14
6504.08006199556  1.316544E-14
6504.14444669276  2.674442E-14
6504.20883138995  4.606208E-14
6504.27321608715  4.074461E-14
6504.33760078434  2.750054E-14
6504.40198548154  3.177024E-14
6504.46637017874  2.852230E-14
6504.53075487594  2.630499E-14
6504.59513957314  6.721139E-14
6504.65952427033  3.697152E-14
6504.72390896753  2.451583E-14
6504.78829366473  6.761894E-14
6504.85267836192  7.004603E-14
6504.91706305912  3.695437E-14
6504.98144775632  6.336340E-14
6505.04583245352  1.018834E-13
6505.11021715071  6.179778E-14
6505.17460184791  2.391046E-14
6505.23898654511  4.585259E-14
6505.3033712423  6.875987E-14
6505.3677559395  4.683671E-14
6505.4321406367  3.309717E-14
6505.49652533389  2.691715E-14
6505.56091003109  1.254440E-14
6505.62529472829  2.327087E-14
6505.68967942549  7.020745E-14
6505.75406412268  2.038420E-14
6505.81844881988  -1.001458E-14
6505.88283351708  1.352166E-14
6505.94721821428  2.547939E-14
6506.01160291147  3.542383E-14
6506.07598760867  3.215765E-14
6506.14037230587  3.061734E-14
6506.20475700307  3.095471E-14
6506.26914170026  1.437623E-14
6506.33352639746  3.147970E-14
6506.39791109466  6.972648E-14
6506.46229579185  8.883615E-14
6506.52668048905  7.176699E-14
6506.59106518625  3.914797E-14
6506.65544988345  3.691464E-14
6506.71983458064  4.421983E-14
6506.78421927784  2.445444E-14
6506.84860397504  9.553851E-15
6506.91298867223  5.851001E-14
6506.97737336943  7.526583E-14
6507.04175806663  3.494616E-14
6507.10614276383  3.723631E-14
6507.17052746102  4.240125E-14
6507.23491215822  3.406416E-14
6507.29929685542  4.918256E-14
6507.36368155261  8.146099E-14
6507.42806624981  3.992109E-14
6507.49245094701  3.888015E-14
6507.55683564421  6.440435E-14
6507.6212203414  6.621751E-14
6507.6856050386  7.072030E-14
6507.7499897358  5.112413E-14
6507.81437443299  2.969419E-14
6507.87875913019  2.475680E-14
6507.94314382739  3.709689E-14
6508.00752852459  6.877573E-14
6508.07191322178  4.057106E-14
6508.13629791898  1.561903E-14
6508.20068261618  4.449770E-14
6508.26506731338  4.219967E-14
6508.32945201057  2.176558E-14
6508.39383670777  3.046267E-14
6508.45822140497  4.228001E-14
6508.52260610216  1.745692E-14
6508.58699079936  2.872479E-14
6508.65137549656  4.270232E-14
6508.71576019376  4.676891E-14
6508.78014489095  5.397789E-14
6508.84452958815  5.836214E-14
6508.90891428535  5.059564E-14
6508.97329898254  2.551827E-14
6509.03768367974  2.050852E-14
6509.10206837694  4.817067E-14
6509.16645307414  2.142540E-14
6509.23083777133  1.074074E-14
6509.29522246853  2.055295E-14
6509.35960716573  2.096699E-14
6509.42399186292  3.212636E-14
6509.48837656012  3.653509E-14
6509.55276125732  4.147704E-14
6509.61714595452  4.604829E-14
6509.68153065171  3.925010E-14
6509.74591534891  3.215971E-14
6509.81030004611  3.733816E-14
6509.8746847433  4.405642E-14
6509.9390694405  4.538804E-14
6510.0034541377  4.824670E-14
6510.0678388349  3.234219E-14
6510.13222353209  2.743755E-14
6510.19660822929  3.519000E-14
6510.26099292649  2.952830E-14
6510.32537762369  2.196827E-14
6510.38976232088  4.689100E-14
6510.45414701808  4.845499E-14
6510.51853171528  1.553266E-14
6510.58291641247  2.047200E-14
6510.64730110967  3.832343E-14
6510.71168580687  4.023125E-14
6510.77607050407  4.247298E-14
6510.84045520126  3.451917E-14
6510.90483989846  -3.142071E-14
6510.96922459566  -1.556194E-15
6511.03360929285  3.873871E-14
6511.09799399005  2.189420E-14
6511.16237868725  2.021505E-14
6511.22676338445  3.047739E-14
6511.29114808164  3.852464E-14
6511.35553277884  4.131613E-14
6511.41991747604  4.782391E-14
6511.48430217323  5.659609E-14
6511.54868687043  3.265160E-14
6511.61307156763  1.522198E-14
6511.67745626483  2.145656E-14
6511.74184096202  2.301363E-14
6511.80622565922  1.299879E-14
6511.87061035642  3.636962E-14
6511.93499505362  6.035716E-14
6511.99937975081  4.563655E-14
6512.06376444801  1.593274E-14
6512.12814914521  1.449204E-14
6512.1925338424  3.163896E-14
6512.2569185396  2.917074E-14
6512.3213032368  1.672818E-14
6512.385687934  4.153335E-14
6512.4500726312  4.337317E-14
6512.51445732839  3.513682E-14
6512.57884202559  4.222272E-14
6512.64322672278  4.794930E-14
6512.70761141998  2.787394E-14
6512.77199611718  4.592317E-14
6512.83638081438  3.457252E-14
6512.90076551157  4.374811E-14
6512.96515020877  3.354555E-13
6513.02953490597  9.318530E-13
6513.09391960316  5.645075E-13
6513.15830430036  -3.956798E-14
6513.22268899756  1.495973E-14
6513.28707369476  2.324686E-14
6513.35145839195  2.540113E-14
6513.41584308915  3.573184E-14
6513.48022778635  3.749931E-14
6513.54461248355  3.491600E-14
6513.60899718074  4.015767E-14
6513.67338187794  3.750350E-14
6513.73776657514  3.560060E-14
6513.80215127233  3.780839E-14
6513.86653596953  3.540897E-14
6513.93092066673  3.178403E-14
6513.99530536393  3.100266E-14
6514.05969006112  3.318415E-14
6514.12407475832  4.129642E-14
6514.18845945552  4.733150E-14
6514.25284415271  2.434369E-14
6514.31722884991  3.814580E-14
6514.38161354711  4.737672E-14
6514.44599824431  2.206204E-14
6514.5103829415  2.197946E-14
6514.5747676387  1.803078E-14
6514.6391523359  3.323292E-14
6514.70353703309  4.482567E-14
6514.76792173029  2.868230E-14
6514.83230642749  2.300195E-14
6514.89669112469  3.656079E-14
6514.96107582188  4.877871E-14
6515.02546051908  5.068562E-14
6515.08984521628  4.030607E-14
6515.15422991348  1.631766E-14
6515.21861461067  3.483092E-14
6515.28299930787  4.030019E-14
6515.34738400507  2.723690E-14
6515.41176870226  3.834433E-14
6515.47615339946  3.633973E-14
6515.54053809666  3.563666E-14
6515.60492279386  3.774955E-14
6515.66930749105  3.293625E-14
6515.73369218825  1.841553E-14
6515.79807688545  3.673807E-15
6515.86246158264  1.141013E-14
6515.92684627984  3.696413E-14
6515.99123097704  4.672056E-14
6516.05561567424  3.059420E-14
6516.12000037143  3.700110E-14
6516.18438506863  3.422926E-14
6516.24876976583  2.606079E-14
6516.31315446303  3.151654E-14
6516.37753916022  3.599511E-14
6516.44192385742  1.930183E-14
6516.50630855462  2.776405E-14
6516.57069325181  4.161428E-14
6516.63507794901  3.623457E-14
6516.69946264621  3.520132E-14
6516.7638473434  2.932965E-14
6516.8282320406  2.841584E-14
6516.8926167378  3.461953E-14
6516.957001435  3.726000E-14
6517.02138613219  3.422535E-14
6517.08577082939  4.446268E-14
6517.15015552659  3.417060E-14
6517.21454022379  1.956309E-14
6517.27892492098  3.610983E-14
6517.34330961818  5.846846E-14
6517.40769431538  2.405641E-14
6517.47207901258  1.337073E-14
6517.53646370977  2.989917E-14
6517.60084840697  3.787792E-14
6517.66523310417  5.040793E-14
6517.72961780136  4.008213E-14
6517.79400249856  1.373603E-14
6517.85838719576  7.616482E-15
6517.92277189295  2.676112E-14
6517.98715659015  3.374228E-14
6518.05154128735  2.552921E-14
6518.11592598455  2.738239E-14
6518.18031068175  3.353784E-14
6518.24469537894  2.887967E-14
6518.30908007614  2.180094E-14
6518.37346477334  2.159113E-14
6518.43784947053  3.456390E-14
6518.50223416773  4.358926E-14
6518.56661886493  4.612960E-14
6518.63100356212  5.312550E-14
6518.69538825932  3.401835E-14
6518.75977295652  2.408793E-14
6518.82415765371  2.897667E-14
6518.88854235091  3.520156E-14
6518.95292704811  4.197731E-14
6519.01731174531  4.125317E-14
6519.0816964425  3.819814E-14
6519.1460811397  2.032694E-14
6519.2104658369  5.112023E-15
6519.2748505341  1.953534E-14
6519.33923523129  2.224063E-14
6519.40361992849  2.174558E-14
6519.46800462569  3.252449E-14
6519.53238932289  4.179262E-14
6519.59677402008  3.277230E-14
6519.66115871728  2.432650E-14
6519.72554341448  3.302468E-14
6519.78992811167  4.134605E-14
6519.85431280887  3.634211E-14
6519.91869750607  3.124940E-14
6519.98308220326  3.784574E-14
6520.04746690046  3.257206E-14
6520.11185159766  2.314177E-14
6520.17623629486  2.904041E-14
6520.24062099205  4.334453E-14
6520.30500568925  4.104439E-14
6520.36939038645  3.848468E-14
6520.43377508365  3.286695E-14
6520.49815978084  1.905620E-14
6520.56254447804  1.576450E-14
6520.62692917524  3.875112E-14
6520.69131387243  4.136009E-14
6520.75569856963  2.468328E-14
6520.82008326683  1.884632E-14
6520.88446796403  2.901960E-14
6520.94885266122  3.189154E-14
6521.01323735842  2.784863E-14
6521.07762205562  3.010656E-14
6521.14200675281  3.101916E-14
6521.20639145001  2.881099E-14
6521.27077614721  3.212617E-14
6521.33516084441  3.107974E-14
6521.3995455416  2.615856E-14
6521.4639302388  2.632106E-14
6521.528314936  2.484070E-14
6521.59269963319  2.502060E-14
6521.65708433039  4.859318E-14
6521.72146902759  4.589116E-14
6521.78585372478  2.839419E-14
6521.85023842198  3.186903E-14
6521.91462311918  4.545228E-14
6521.97900781638  3.485285E-14
6522.04339251358  3.717821E-14
6522.10777721077  2.285324E-14
6522.17216190797  1.555322E-14
6522.23654660517  3.206142E-14
6522.30093130236  4.252632E-14
6522.36531599956  5.144371E-14
6522.42970069676  4.827344E-14
6522.49408539396  4.702835E-14
6522.55847009115  4.030589E-14
6522.62285478835  2.045419E-14
6522.68723948555  2.239213E-14
6522.75162418274  3.839725E-14
6522.81600887994  3.933004E-14
6522.88039357714  3.368008E-14
6522.94477827433  4.319779E-14
6523.00916297153  5.017229E-14
6523.07354766873  2.200683E-14
6523.13793236593  2.170234E-14
6523.20231706313  4.230126E-14
6523.26670176032  4.589517E-14
6523.33108645752  3.533293E-14
6523.39547115472  2.953026E-14
6523.45985585191  3.961698E-14
6523.52424054911  3.815604E-14
6523.58862524631  2.689035E-14
6523.6530099435  2.570598E-14
6523.7173946407  2.762712E-14
6523.7817793379  3.123673E-14
6523.8461640351  3.572057E-14
6523.91054873229  2.976444E-14
6523.97493342949  2.143679E-14
6524.03931812669  2.567506E-14
6524.10370282388  2.271784E-14
6524.16808752108  2.547257E-14
6524.23247221828  2.722110E-14
6524.29685691548  3.283714E-14
6524.36124161268  3.908309E-14
6524.42562630987  2.354990E-14
6524.49001100707  2.112075E-14
6524.55439570427  2.472432E-14
6524.61878040146  2.969937E-14
6524.68316509866  3.012343E-14
6524.74754979586  2.574550E-14
6524.81193449306  4.087919E-14
6524.87631919025  4.348802E-14
6524.94070388745  2.516509E-14
6525.00508858465  2.340996E-14
6525.06947328184  4.539210E-14
6525.13385797904  4.219311E-14
6525.19824267624  1.997570E-14
6525.26262737343  2.466165E-14
6525.32701207063  3.016477E-14
6525.39139676783  2.152296E-14
6525.45578146503  2.038900E-14
6525.52016616222  1.715017E-14
6525.58455085942  3.438911E-14
6525.64893555662  3.680554E-14
6525.71332025381  2.707674E-14
6525.77770495101  2.363007E-14
6525.84208964821  2.049248E-14
6525.90647434541  3.313394E-14
6525.9708590426  3.244657E-14
6526.0352437398  3.019862E-14
6526.099628437  2.811527E-14
6526.1640131342  2.183277E-14
6526.22839783139  2.908005E-14
6526.29278252859  2.693371E-14
6526.35716722579  3.070650E-14
6526.42155192299  3.466292E-14
6526.48593662018  2.584505E-14
6526.55032131738  2.005911E-14
6526.61470601458  3.826675E-14
6526.67909071177  4.632532E-14
6526.74347540897  3.876589E-14
6526.80786010617  3.855499E-14
6526.87224480336  4.879051E-14
6526.93662950056  6.311252E-14
6527.00101419776  1.003873E-13
6527.06539889496  9.206266E-14
6527.12978359215  8.796241E-14
6527.19416828935  1.046792E-13
6527.25855298655  1.064409E-13
6527.32293768375  1.011126E-13
6527.38732238094  1.049636E-13
6527.45170707814  1.092285E-13
6527.51609177534  1.003506E-13
6527.58047647254  1.596018E-13
6527.64486116973  3.012370E-13
6527.70924586693  3.249989E-13
6527.77363056413  1.366705E-13
6527.83801526132  5.095481E-14
6527.90239995852  6.452015E-14
6527.96678465572  5.618910E-14
6528.03116935292  4.511779E-14
6528.09555405011  4.394208E-14
6528.15993874731  4.387885E-14
6528.22432344451  4.032981E-14
6528.2887081417  3.321685E-14
6528.3530928389  3.299294E-14
6528.4174775361  3.649437E-14
6528.4818622333  2.027970E-14
6528.54624693049  1.784117E-14
6528.61063162769  2.887272E-14
6528.67501632489  2.919687E-14
6528.73940102208  2.655030E-14
6528.80378571928  3.570675E-14
6528.86817041648  2.900522E-14
6528.93255511368  2.777518E-14
6528.99693981087  3.699961E-14
6529.06132450807  3.543639E-14
6529.12570920527  2.354994E-14
6529.19009390246  2.361672E-14
6529.25447859966  2.873028E-14
6529.31886329686  2.563933E-14
6529.38324799406  3.398520E-14
6529.44763269125  3.669294E-14
6529.51201738845  2.801456E-14
6529.57640208565  3.102274E-14
6529.64078678285  3.219337E-14
6529.70517148004  2.948515E-14
6529.76955617724  2.993397E-14
6529.83394087444  3.210730E-14
6529.89832557163  3.591170E-14
6529.96271026883  3.983734E-14
6530.02709496603  3.305471E-14
6530.09147966323  3.285971E-14
6530.15586436042  3.454678E-14
6530.22024905762  3.383614E-14
6530.28463375482  3.673164E-14
6530.34901845201  3.955523E-14
6530.41340314921  2.898657E-14
6530.47778784641  2.605963E-14
6530.54217254361  3.652513E-14
6530.6065572408  3.403087E-14
6530.670941938  2.298684E-14
6530.7353266352  2.686121E-14
6530.79971133239  3.077753E-14
6530.86409602959  2.925203E-14
6530.92848072679  2.751767E-14
6530.99286542398  2.697112E-14
6531.05725012118  2.414329E-14
6531.12163481838  2.023625E-14
6531.18601951558  2.000806E-14
6531.25040421277  1.943947E-14
6531.31478890997  2.403176E-14
6531.37917360717  2.592682E-14
6531.44355830437  2.865007E-14
6531.50794300156  3.320526E-14
6531.57232769876  2.974634E-14
6531.63671239596  3.081349E-14
6531.70109709315  2.602302E-14
6531.76548179035  1.866002E-14
6531.82986648755  2.213252E-14
6531.89425118475  3.119834E-14
6531.95863588194  3.015562E-14
6532.02302057914  2.637183E-14
6532.08740527634  2.658087E-14
6532.15178997354  2.374723E-14
6532.21617467073  2.013089E-14
6532.28055936793  2.225175E-14
6532.34494406513  2.404480E-14
6532.40932876232  1.792362E-14
6532.47371345952  2.108406E-14
6532.53809815672  3.194760E-14
6532.60248285392  2.562546E-14
6532.66686755111  1.968079E-14
6532.73125224831  2.948446E-14
6532.79563694551  3.192284E-14
6532.8600216427  4.245892E-14
6532.9244063399  5.315216E-14
6532.9887910371  5.984190E-14
6533.0531757343  6.430407E-14
6533.11756043149  5.852724E-14
6533.18194512869  4.379544E-14
6533.24632982589  4.125227E-14
6533.31071452308  3.238391E-14
6533.37509922028  3.783656E-14
6533.43948391748  4.520828E-14
6533.50386861468  4.101639E-14
6533.56825331187  3.522176E-14
6533.63263800907  3.198558E-14
6533.69702270627  2.603540E-14
6533.76140740347  2.803904E-14
6533.82579210066  3.007687E-14
6533.89017679786  3.256539E-14
6533.95456149506  3.046834E-14
6534.01894619225  1.919303E-14
6534.08333088945  2.035801E-14
6534.14771558665  2.957039E-14
6534.21210028385  2.463547E-14
6534.27648498104  2.061738E-14
6534.34086967824  2.740243E-14
6534.40525437544  3.385320E-14
6534.46963907263  3.587982E-14
6534.53402376983  3.756949E-14
6534.59840846703  3.794655E-14
6534.66279316423  3.252087E-14
6534.72717786142  3.045072E-14
6534.79156255862  3.135453E-14
6534.85594725582  3.023105E-14
6534.92033195302  3.430124E-14
6534.98471665021  3.502650E-14
6535.04910134741  3.823759E-14
6535.11348604461  3.770378E-14
6535.1778707418  3.222818E-14
6535.242255439  2.657120E-14
6535.3066401362  2.388959E-14
6535.3710248334  2.745964E-14
6535.43540953059  3.090232E-14
6535.49979422779  2.183015E-14
6535.56417892499  2.132725E-14
6535.62856362218  2.658670E-14
6535.69294831938  2.056080E-14
6535.75733301658  1.543706E-14
6535.82171771378  2.166480E-14
6535.88610241097  1.748216E-14
6535.95048710817  2.890282E-14
6536.01487180537  4.058481E-14
6536.07925650257  4.129612E-14
6536.14364119976  3.586970E-14
6536.20802589696  2.497290E-14
6536.27241059416  2.654735E-14
6536.33679529135  1.966476E-14
6536.40117998855  2.717175E-14
6536.46556468575  2.294057E-14
6536.52994938294  1.629906E-14
6536.59433408014  2.717846E-14
6536.65871877734  2.423604E-14
6536.72310347453  2.151925E-14
6536.78748817173  2.582719E-14
6536.85187286893  3.042215E-14
6536.91625756613  3.069423E-14
6536.98064226333  2.950445E-14
6537.04502696052  3.249472E-14
6537.10941165772  3.626939E-14
6537.17379635492  3.035887E-14
6537.23818105212  3.285239E-14
6537.30256574931  3.856483E-14
6537.36695044651  3.647139E-14
6537.43133514371  2.737757E-14
6537.4957198409  2.476982E-14
6537.5601045381  3.035024E-14
6537.6244892353  2.548454E-14
6537.68887393249  3.399361E-14
6537.75325862969  3.880381E-14
6537.81764332689  3.212880E-14
6537.88202802409  2.485621E-14
6537.94641272128  2.456797E-14
6538.01079741848  2.871108E-14
6538.07518211568  3.301269E-14
6538.13956681288  3.768864E-14
6538.20395151007  3.261181E-14
6538.26833620727  3.155063E-14
6538.33272090447  3.281662E-14
6538.39710560166  3.035730E-14
6538.46149029886  3.001644E-14
6538.52587499606  2.787146E-14
6538.59025969325  3.108334E-14
6538.65464439045  3.569257E-14
6538.71902908765  3.179574E-14
6538.78341378485  2.524015E-14
6538.84779848204  2.320755E-14
6538.91218317924  2.658932E-14
6538.97656787644  3.448925E-14
6539.04095257363  3.257180E-14
6539.10533727083  2.364666E-14
6539.16972196803  2.800031E-14
6539.23410666523  2.875542E-14
6539.29849136243  3.056296E-14
6539.36287605962  3.600365E-14
6539.42726075682  2.436009E-14
6539.49164545402  2.541858E-14
6539.55603015121  3.480977E-14
6539.62041484841  3.431522E-14
6539.68479954561  1.905136E-14
6539.7491842428  1.380724E-14
6539.81356894  2.350577E-14
6539.8779536372  3.094841E-14
6539.9423383344  3.863412E-14
6540.00672303159  3.753280E-14
6540.07110772879  3.410078E-14
6540.13549242599  3.936470E-14
6540.19987712318  3.822096E-14
6540.26426182038  3.044029E-14
6540.32864651758  2.839195E-14
6540.39303121478  2.889237E-14
6540.45741591197  3.279998E-14
6540.52180060917  3.763422E-14
6540.58618530637  3.313395E-14
6540.65057000357  3.534191E-14
6540.71495470076  3.587888E-14
6540.77933939796  2.773853E-14
6540.84372409516  2.462726E-14
6540.90810879235  2.751851E-14
6540.97249348955  3.157094E-14
6541.03687818675  3.546428E-14
6541.10126288395  3.793978E-14
6541.16564758114  4.082445E-14
6541.23003227834  3.358498E-14
6541.29441697554  3.064655E-14
6541.35880167273  3.884117E-14
6541.42318636993  2.484634E-14
6541.48757106713  2.124613E-14
6541.55195576433  2.762484E-14
6541.61634046152  2.990990E-14
6541.68072515872  2.948515E-14
6541.74510985592  3.094371E-14
6541.80949455312  3.654045E-14
6541.87387925031  4.144030E-14
6541.93826394751  3.517734E-14
6542.00264864471  3.019649E-14
6542.0670333419  2.741280E-14
6542.1314180391  2.416310E-14
6542.1958027363  2.390160E-14
6542.2601874335  2.680532E-14
6542.32457213069  3.012910E-14
6542.38895682789  3.177617E-14
6542.45334152509  3.139217E-14
6542.51772622228  3.452453E-14
6542.58211091948  2.688431E-14
6542.64649561668  2.870944E-14
6542.71088031388  3.811268E-14
6542.77526501107  4.010263E-14
6542.83964970827  3.567247E-14
6542.90403440547  3.250051E-14
6542.96841910266  3.181872E-14
6543.03280379986  3.376410E-14
6543.09718849706  3.227849E-14
6543.16157319426  2.688917E-14
6543.22595789145  3.259290E-14
6543.29034258865  3.737155E-14
6543.35472728585  3.370616E-14
6543.41911198304  3.120840E-14
6543.48349668024  2.802424E-14
6543.54788137744  3.313011E-14
6543.61226607464  3.605030E-14
6543.67665077183  3.344604E-14
6543.74103546903  3.622627E-14
6543.80542016623  3.639345E-14
6543.86980486343  3.723668E-14
6543.93418956062  4.021311E-14
6543.99857425782  3.728134E-14
6544.06295895502  4.736524E-14
6544.12734365221  4.361440E-14
6544.19172834941  2.883230E-14
6544.25611304661  3.935443E-14
6544.32049774381  4.542483E-14
6544.384882441  3.746103E-14
6544.4492671382  4.012387E-14
6544.5136518354  4.645025E-14
6544.57803653259  4.127651E-14
6544.64242122979  3.603963E-14
6544.70680592699  3.914632E-14
6544.77119062419  3.803793E-14
6544.83557532138  3.077101E-14
6544.89996001858  3.529965E-14
6544.96434471578  4.024889E-14
6545.02872941297  3.644943E-14
6545.09311411017  3.759321E-14
6545.15749880737  3.332468E-14
6545.22188350457  3.988351E-14
6545.28626820177  4.416641E-14
6545.35065289896  4.806297E-14
6545.41503759616  4.212636E-14
6545.47942229335  3.684260E-14
6545.54380699055  4.072992E-14
6545.60819168775  4.525495E-14
6545.67257638495  4.744955E-14
6545.73696108214  4.237381E-14
6545.80134577934  3.621045E-14
6545.86573047654  3.969908E-14
6545.93011517374  4.107676E-14
6545.99449987093  4.054398E-14
6546.05888456813  4.489216E-14
6546.12326926533  5.049659E-14
6546.18765396253  4.831052E-14
6546.25203865972  4.083420E-14
6546.31642335692  3.957817E-14
6546.38080805412  3.443501E-14
6546.44519275131  3.392090E-14
6546.50957744851  1.193186E-13
6546.57396214571  1.154340E-13
6546.6383468429  5.621346E-14
6546.7027315401  5.179159E-14
6546.7671162373  5.516142E-14
6546.8315009345  5.280008E-14
6546.89588563169  4.306835E-14
6546.96027032889  4.109675E-14
6547.02465502609  4.576739E-14
6547.08903972329  6.504098E-14
6547.15342442048  8.902516E-14
6547.21780911768  1.566688E-13
6547.28219381488  2.906547E-13
6547.34657851208  5.594661E-13
6547.41096320927  1.137550E-12
6547.47534790647  2.179647E-12
6547.53973260366  3.816913E-12
6547.60411730086  6.051401E-12
6547.66850199806  8.633271E-12
6547.73288669526  1.123332E-11
6547.79727139245  1.367354E-11
6547.86165608965  1.585039E-11
6547.92604078685  1.768824E-11
6547.99042548405  1.900829E-11
6548.05481018124  1.961487E-11
6548.11919487844  1.955873E-11
6548.18357957564  1.877589E-11
6548.24796427284  1.781740E-11
6548.31234897003  1.714169E-11
6548.37673366723  1.689921E-11
6548.44111836443  1.718324E-11
6548.50550306162  1.775722E-11
6548.56988775882  1.868843E-11
6548.63427245602  2.016143E-11
6548.69865715322  2.148575E-11
6548.76304185041  2.202062E-11
6548.82742654761  2.110784E-11
6548.89181124481  1.869504E-11
6548.956195942  1.543465E-11
6549.0205806392  1.189286E-11
6549.0849653364  8.480825E-12
6549.1493500336  5.610021E-12
6549.21373473079  3.483622E-12
6549.27811942799  2.048078E-12
6549.34250412519  1.195188E-12
6549.40688882239  7.328597E-13
6549.47127351958  4.989711E-13
6549.53565821678  3.810552E-13
6549.60004291397  3.093916E-13
6549.66442761117  2.519294E-13
6549.72881230837  2.022487E-13
6549.79319700557  1.642632E-13
6549.85758170277  1.374188E-13
6549.92196639996  1.191997E-13
6549.98635109716  1.045393E-13
6550.05073579436  8.567282E-14
6550.11512049155  8.310762E-14
6550.17950518875  7.340016E-14
6550.24388988595  7.224247E-14
6550.30827458315  6.795802E-14
6550.37265928034  6.437012E-14
6550.43704397754  5.565898E-14
6550.50142867474  4.982973E-14
6550.56581337193  5.891997E-14
6550.63019806913  5.536821E-14
6550.69458276633  4.604663E-14
6550.75896746352  5.559310E-14
6550.82335216072  4.407786E-14
6550.88773685792  4.759228E-14
6550.95212155512  5.557717E-14
6551.01650625231  5.321454E-14
6551.08089094951  4.913684E-14
6551.14527564671  4.469480E-14
6551.20966034391  4.307015E-14
6551.2740450411  4.800458E-14
6551.3384297383  4.750182E-14
6551.4028144355  4.525588E-14
6551.46719913269  5.019305E-14
6551.53158382989  4.974543E-14
6551.59596852709  4.534237E-14
6551.66035322429  4.301366E-14
6551.72473792148  4.523123E-14
6551.78912261868  4.641892E-14
6551.85350731588  4.568827E-14
6551.91789201308  4.048985E-14
6551.98227671027  3.534390E-14
6552.04666140747  4.041288E-14
6552.11104610467  4.118963E-14
6552.17543080186  4.244551E-14
6552.23981549906  4.587004E-14
6552.30420019626  4.634137E-14
6552.36858489346  4.106719E-14
6552.43296959065  4.451742E-14
6552.49735428785  4.910166E-14
6552.56173898505  4.515701E-14
6552.62612368224  4.254030E-14
6552.69050837944  4.100030E-14
6552.75489307664  3.510259E-14
6552.81927777384  3.626098E-14
6552.88366247103  4.030998E-14
6552.94804716823  4.361829E-14
6553.01243186543  3.855109E-14
6553.07681656262  3.815578E-14
6553.14120125982  4.480951E-14
6553.20558595702  3.913798E-14
6553.26997065422  3.755655E-14
6553.33435535141  4.319215E-14
6553.39874004861  4.329754E-14
6553.46312474581  4.910529E-14
6553.527509443  6.174174E-14
6553.5918941402  6.596511E-14
6553.6562788374  5.944386E-14
6553.7206635346  5.054022E-14
6553.78504823179  5.081617E-14
6553.84943292899  3.917491E-14
6553.91381762619  3.322190E-14
6553.97820232339  3.924310E-14
6554.04258702058  4.288884E-14
6554.10697171778  3.647909E-14
6554.17135641498  3.148046E-14
6554.23574111217  3.502138E-14
6554.30012580937  3.617057E-14
6554.36451050657  3.387416E-14
6554.42889520377  3.408261E-14
6554.49327990096  3.562287E-14
6554.55766459816  3.562553E-14
6554.62204929536  3.720584E-14
6554.68643399255  3.492379E-14
6554.75081868975  3.580523E-14
6554.81520338695  4.642012E-14
6554.87958808415  4.741475E-14
6554.94397278134  4.334177E-14
6555.00835747854  4.318570E-14
6555.07274217574  3.697934E-14
6555.13712687294  3.335036E-14
6555.20151157013  3.414254E-14
6555.26589626733  3.450522E-14
6555.33028096453  3.413789E-14
6555.39466566172  3.495792E-14
6555.45905035892  3.937296E-14
6555.52343505612  3.309743E-14
6555.58781975332  3.184306E-14
6555.65220445051  3.049620E-14
6555.71658914771  7.018303E-14
6555.78097384491  7.333848E-14
6555.8453585421  3.126399E-14
6555.9097432393  3.678249E-14
6555.9741279365  4.135912E-14
6556.0385126337  3.808100E-14
6556.10289733089  3.651063E-14
6556.16728202809  2.870621E-14
6556.23166672529  2.308026E-14
6556.29605142248  2.729534E-14
6556.36043611968  1.986313E-13
6556.42482081688  1.085620E-13
6556.48920551407  2.102441E-14
6556.55359021127  3.045546E-14
6556.61797490847  3.085589E-14
6556.68235960567  3.898876E-14
6556.74674430287  4.067006E-14
6556.81112900006  3.505287E-14
6556.87551369726  3.262834E-14
6556.93989839446  2.882981E-14
6557.00428309165  2.782419E-14
6557.06866778885  3.437686E-14
6557.13305248605  3.439083E-14
6557.19743718325  4.348137E-14
6557.26182188044  3.699711E-14
6557.32620657764  3.711625E-14
6557.39059127484  3.414088E-14
6557.45497597203  3.280840E-14
6557.51936066923  3.829487E-14
6557.58374536643  3.623917E-14
6557.64813006363  3.690500E-14
6557.71251476082  4.083023E-14
6557.77689945802  3.388661E-14
6557.84128415522  3.319597E-14
6557.90566885241  3.688142E-14
6557.97005354961  3.500277E-14
6558.03443824681  3.661381E-14
6558.09882294401  4.094474E-14
6558.1632076412  3.959079E-14
6558.2275923384  3.464023E-14
6558.2919770356  3.792974E-14
6558.35636173279  3.653377E-14
6558.42074642999  3.120667E-14
6558.48513112719  3.165641E-14
6558.54951582439  3.430052E-14
6558.61390052158  3.428947E-14
6558.67828521878  1.620724E-14
6558.74266991598  9.116214E-14
6558.80705461317  1.643081E-13
6558.87143931037  3.582267E-14
6558.93582400757  2.796870E-14
6559.00020870477  3.268508E-14
6559.06459340196  4.316028E-14
6559.12897809916  4.420891E-14
6559.19336279636  4.221303E-14
6559.25774749356  4.735810E-14
6559.32213219075  5.636974E-14
6559.38651688795  5.517401E-14
6559.45090158515  6.310589E-14
6559.51528628234  9.253983E-14
6559.57967097954  1.178008E-13
6559.64405567674  1.464985E-13
6559.70844037394  2.044738E-13
6559.77282507113  2.763762E-13
6559.83720976833  3.506353E-13
6559.90159446553  4.446699E-13
6559.96597916272  5.511954E-13
6560.03036385992  6.648867E-13
6560.09474855712  8.180250E-13
6560.15913325432  9.919719E-13
6560.22351795151  1.167081E-12
6560.28790264871  1.293849E-12
6560.35228734591  1.378859E-12
6560.4166720431  1.445595E-12
6560.4810567403  1.499604E-12
6560.5454414375  1.465789E-12
6560.6098261347  1.398285E-12
6560.67421083189  1.303050E-12
6560.73859552909  1.134115E-12
6560.80298022629  9.505920E-13
6560.86736492349  7.908483E-13
6560.93174962068  6.353779E-13
6560.99613431788  4.914034E-13
6561.06051901508  3.643445E-13
6561.12490371227  2.638945E-13
6561.18928840947  1.943049E-13
6561.25367310667  1.419825E-13
6561.31805780387  1.127308E-13
6561.38244250106  9.461655E-14
6561.44682719826  9.782695E-14
6561.51121189546  9.784773E-14
6561.57559659265  1.140614E-13
6561.63998128985  1.351681E-13
6561.70436598705  2.113014E-13
6561.76875068425  3.441056E-13
6561.83313538144  5.871556E-13
6561.89752007864  1.004016E-12
6561.96190477584  1.641044E-12
6562.02628947303  2.616046E-12
6562.09067417023  4.111110E-12
6562.15505886743  6.175872E-12
6562.21944356463  8.852121E-12
6562.28382826182  1.219567E-11
6562.34821295902  1.619505E-11
6562.41259765622  2.092993E-11
6562.47698235341  2.619931E-11
6562.54136705061  3.152167E-11
6562.60575174781  3.705686E-11
6562.67013644501  4.269769E-11
6562.7345211422  4.694204E-11
6562.7989058394  5.042715E-11
6562.8632905366  5.107486E-11
6562.9276752338  5.486236E-11
6562.99205993099  5.873475E-11
6563.05644462819  6.046333E-11
6563.12082932539  6.195834E-11
6563.18521402258  6.218380E-11
6563.24959871978  6.243969E-11
6563.31398341698  6.148889E-11
6563.37836811418  5.904004E-11
6563.44275281137  5.542633E-11
6563.50713750857  5.092358E-11
6563.57152220577  4.596876E-11
6563.63590690296  4.017955E-11
6563.70029160016  3.386890E-11
6563.76467629736  2.756716E-11
6563.82906099456  2.161141E-11
6563.89344569175  1.639848E-11
6563.95783038895  1.188208E-11
6564.02221508615  8.457662E-12
6564.08659978334  5.808859E-12
6564.15098448054  3.887190E-12
6564.21536917774  2.552741E-12
6564.27975387494  1.735933E-12
6564.34413857213  1.206910E-12
6564.40852326933  8.518980E-13
6564.47290796653  6.281086E-13
6564.53729266372  4.892844E-13
6564.60167736092  3.893452E-13
6564.66606205812  2.985395E-13
6564.73044675532  2.374619E-13
6564.79483145251  1.951024E-13
6564.85921614971  1.584200E-13
6564.92360084691  1.289282E-13
6564.98798554411  1.029781E-13
6565.05237024131  8.541666E-14
6565.1167549385  7.951932E-14
6565.1811396357  6.806025E-14
6565.24552433289  6.084287E-14
6565.30990903009  6.385022E-14
6565.37429372729  5.753853E-14
6565.43867842449  5.290396E-14
6565.50306312168  5.203077E-14
6565.56744781888  4.942009E-14
6565.63183251608  5.066638E-14
6565.69621721327  4.654977E-14
6565.76060191047  4.871033E-14
6565.82498660767  4.756830E-14
6565.88937130487  4.836618E-14
6565.95375600207  4.411965E-14
6566.01814069926  4.723150E-14
6566.08252539646  4.395354E-14
6566.14691009366  4.383944E-14
6566.21129479085  4.256023E-14
6566.27567948805  4.139073E-14
6566.34006418525  3.952472E-14
6566.40444888244  3.264954E-14
6566.46883357964  3.948196E-14
6566.53321827684  4.096809E-14
6566.59760297404  3.753560E-14
6566.66198767123  4.121905E-14
6566.72637236843  4.150560E-14
6566.79075706563  3.550529E-14
6566.85514176282  3.540045E-14
6566.91952646002  3.980984E-14
6566.98391115722  4.035827E-14
6567.04829585442  3.843698E-14
6567.11268055162  3.693142E-14
6567.17706524881  3.900477E-14
6567.24144994601  3.860433E-14
6567.3058346432  4.374927E-14
6567.3702193404  4.287521E-14
6567.4346040376  3.901371E-14
6567.4989887348  3.606162E-14
6567.56337343199  3.506268E-14
6567.62775812919  3.825419E-14
6567.69214282639  3.340804E-14
6567.75652752359  2.849427E-14
6567.82091222078  2.863792E-14
6567.88529691798  3.180958E-14
6567.94968161518  3.304289E-14
6568.01406631237  3.083545E-14
6568.07845100957  3.703892E-14
6568.14283570677  3.764974E-14
6568.20722040397  3.367011E-14
6568.27160510116  3.376540E-14
6568.33598979836  3.836926E-14
6568.40037449556  3.714614E-14
6568.46475919276  4.148859E-14
6568.52914388995  4.197993E-14
6568.59352858715  3.788095E-14
6568.65791328435  5.325850E-14
6568.72229798154  4.233423E-14
6568.78668267874  5.586442E-14
6568.85106737594  5.205527E-14
6568.91545207314  3.735343E-14
6568.97983677033  3.769777E-14
6569.04422146753  4.287529E-14
6569.10860616473  3.603335E-14
6569.17299086193  2.363039E-14
6569.23737555912  2.757044E-14
6569.30176025632  2.931127E-14
6569.36614495351  3.258269E-14
6569.43052965071  3.552060E-14
6569.49491434791  4.033691E-14
6569.55929904511  3.364930E-14
6569.62368374231  3.780206E-14
6569.6880684395  3.561885E-14
6569.7524531367  3.633414E-14
6569.8168378339  3.982113E-14
6569.88122253109  4.176986E-14
6569.94560722829  4.210001E-14
6570.00999192549  3.764502E-14
6570.07437662269  4.088270E-14
6570.13876131988  4.515309E-14
6570.20314601708  4.315261E-14
6570.26753071428  3.263424E-14
6570.33191541147  3.270999E-14
6570.39630010867  4.103219E-14
6570.46068480587  3.434178E-14
6570.52506950306  3.907417E-14
6570.58945420026  3.491553E-14
6570.65383889746  3.703934E-14
6570.71822359466  3.807584E-14
6570.78260829185  2.872466E-14
6570.84699298905  5.226344E-15
6570.91137768625  9.372089E-13
6570.97576238345  1.124389E-12
6571.04014708064  2.739458E-13
6571.10453177784  -6.318957E-15
6571.16891647504  4.442441E-14
6571.23330117223  3.186486E-14
6571.29768586943  3.357358E-14
6571.36207056663  3.128196E-14
6571.42645526382  3.374647E-14
6571.49083996102  3.046004E-14
6571.55522465822  2.748790E-14
6571.61960935542  3.285707E-14
6571.68399405262  3.095483E-14
6571.74837874981  3.609067E-14
6571.81276344701  3.869333E-14
6571.87714814421  3.933867E-14
6571.9415328414  3.829931E-14
6572.0059175386  4.245984E-14
6572.0703022358  4.063087E-14
6572.134686933  3.866722E-14
6572.19907163019  4.097742E-14
6572.26345632739  3.851405E-14
6572.32784102459  3.012951E-14
6572.39222572178  3.471057E-14
6572.45661041898  4.139888E-14
6572.52099511618  4.093056E-14
6572.58537981337  3.587442E-14
6572.64976451057  3.999792E-14
6572.71414920777  4.135068E-14
6572.77853390497  3.652212E-14
6572.84291860216  3.634454E-14
6572.90730329936  3.573632E-14
6572.97168799656  3.702246E-14
6573.03607269376  3.347827E-14
6573.10045739095  3.107980E-14
6573.16484208815  2.985705E-14
6573.22922678535  3.356244E-14
6573.29361148254  3.365028E-14
6573.35799617974  3.014996E-14
6573.42238087694  2.940643E-14
6573.48676557414  2.829878E-14
6573.55115027133  3.022565E-14
6573.61553496853  3.139474E-14
6573.67991966573  3.106037E-14
6573.74430436292  3.007592E-14
6573.80868906012  3.323315E-14
6573.87307375732  2.988194E-14
6573.93745845452  3.897257E-14
6574.00184315171  4.154000E-14
6574.06622784891  3.625349E-14
6574.13061254611  3.637621E-14
6574.19499724331  5.075982E-14
6574.2593819405  3.355735E-14
6574.3237666377  3.331832E-14
6574.3881513349  3.882997E-14
6574.45253603209  4.156315E-14
6574.51692072929  3.621213E-14
6574.58130542649  3.310616E-14
6574.64569012369  2.336573E-14
6574.71007482088  3.646607E-14
6574.77445951808  3.955961E-14
6574.83884421528  3.374592E-14
6574.90322891248  3.180292E-14
6574.96761360967  3.891979E-14
6575.03199830687  3.733569E-14
6575.09638300407  4.025618E-14
6575.16076770126  3.631701E-14
6575.22515239846  4.069732E-14
6575.28953709566  3.675478E-14
6575.35392179285  3.913202E-14
6575.41830649005  3.517645E-14
6575.48269118725  3.518987E-14
6575.54707588445  3.159985E-14
6575.61146058164  2.796743E-14
6575.67584527884  3.547188E-14
6575.74022997604  3.880948E-14
6575.80461467324  2.712726E-14
6575.86899937043  2.772003E-14
6575.93338406763  3.389439E-14
6575.99776876483  3.426405E-14
6576.06215346202  3.043777E-14
6576.12653815922  3.241228E-14
6576.19092285642  3.828281E-14
6576.25530755361  3.598941E-14
6576.31969225081  3.469318E-14
6576.38407694801  3.750661E-14
6576.44846164521  4.029003E-14
6576.5128463424  3.507059E-14
6576.5772310396  3.544664E-14
6576.6416157368  3.565671E-14
6576.706000434  3.267272E-14
6576.77038513119  3.262553E-14
6576.83476982839  3.465954E-14
6576.89915452559  4.384632E-14
6576.96353922279  5.016938E-14
6577.02792391998  4.469170E-14
6577.09230861718  3.798890E-14
6577.15669331438  3.258822E-14
6577.22107801157  1.359137E-13
6577.28546270877  1.045302E-13
6577.34984740597  5.028120E-14
6577.41423210316  5.740584E-14
6577.47861680036  4.573544E-14
6577.54300149756  4.181152E-14
6577.60738619476  6.827308E-14
6577.67177089195  1.314972E-13
6577.73615558915  7.050388E-14
6577.80054028635  4.791741E-14
6577.86492498355  5.931905E-14
6577.92930968074  7.255454E-14
6577.99369437794  8.481398E-14
6578.05807907514  7.581483E-14
6578.12246377233  6.966308E-14
6578.18684846953  7.952634E-14
6578.25123316673  7.271287E-14
6578.31561786393  7.784306E-14
6578.38000256112  7.097448E-14
6578.44438725832  7.066879E-14
6578.50877195552  7.741178E-14
6578.57315665271  7.993213E-14
6578.63754134991  8.180920E-14
6578.70192604711  8.133442E-14
6578.76631074431  8.261845E-14
6578.8306954415  7.765078E-14
6578.8950801387  5.996907E-14
6578.9594648359  5.459901E-14
6579.0238495331  5.071592E-14
6579.08823423029  4.645336E-14
6579.15261892749  4.157037E-14
6579.21700362469  3.681349E-14
6579.28138832188  3.610019E-14
6579.34577301908  4.122011E-14
6579.41015771628  4.755508E-14
6579.47454241348  4.679591E-14
6579.53892711067  3.469540E-14
6579.60331180787  3.993095E-14
6579.66769650507  4.220486E-14
6579.73208120226  3.872447E-14
6579.79646589946  4.286126E-14
6579.86085059666  4.107532E-14
6579.92523529386  4.500459E-14
6579.98961999105  4.157762E-14
6580.05400468825  4.149114E-14
6580.11838938545  3.830764E-14
6580.18277408264  4.376722E-14
6580.24715877984  4.237374E-14
6580.31154347704  3.441891E-14
6580.37592817424  3.551440E-14
6580.44031287143  3.783818E-14
6580.50469756863  4.193647E-14
6580.56908226583  3.256971E-14
6580.63346696302  3.944296E-14
6580.69785166022  3.205447E-14
6580.76223635742  2.323370E-14
6580.82662105462  3.666640E-14
6580.89100575181  2.804234E-14
6580.95539044901  2.751603E-14
6581.01977514621  3.487056E-14
6581.08415984341  3.636581E-14
6581.1485445406  3.575129E-14
6581.2129292378  3.271267E-14
6581.277313935  3.684894E-14
6581.34169863219  4.111328E-14
6581.40608332939  3.144055E-14
6581.47046802659  3.775132E-14
6581.53485272379  4.398469E-14
6581.59923742098  3.760803E-14
6581.66362211818  3.825290E-14
6581.72800681538  3.813150E-14
6581.79239151257  4.470190E-14
6581.85677620977  3.629601E-14
6581.92116090697  3.726065E-14
6581.98554560417  4.851557E-14
6582.04993030136  5.134100E-14
6582.11431499856  5.000975E-14
6582.17869969576  4.897122E-14
6582.24308439295  5.439734E-14
6582.30746909015  5.781971E-14
6582.37185378735  6.030164E-14
6582.43623848455  8.099371E-14
6582.50062318174  1.374331E-13
6582.56500787894  2.335699E-13
6582.62939257614  4.627805E-13
6582.69377727333  9.395898E-13
6582.75816197053  1.973073E-12
6582.82254666773  4.217191E-12
6582.88693136493  8.378749E-12
6582.95131606212  1.509060E-11
6583.01570075932  2.393006E-11
6583.08008545652  3.324249E-11
6583.14447015372  4.171088E-11
6583.20885485091  4.864145E-11
6583.27323954811  5.511117E-11
6583.33762424531  6.041181E-11
6583.4020089425  6.483202E-11
6583.4663936397  6.540687E-11
6583.5307783369  6.369988E-11
6583.5951630341  5.995214E-11
6583.65954773129  5.632073E-11
6583.72393242849  5.563370E-11
6583.78831712569  5.570714E-11
6583.85270182288  5.840033E-11
6583.91708652008  6.185393E-11
6583.98147121728  6.624077E-11
6584.04585591448  7.229548E-11
6584.11024061167  7.626463E-11
6584.17462530887  7.630418E-11
6584.23901000607  7.055283E-11
6584.30339470326  5.942567E-11
6584.36777940046  4.707727E-11
6584.43216409766  3.479703E-11
6584.49654879486  2.379998E-11
6584.56093349205  1.479195E-11
6584.62531818925  8.358147E-12
6584.68970288645  4.618837E-12
6584.75408758364  2.708021E-12
6584.81847228084  1.728051E-12
6584.88285697804  1.241301E-12
6584.94724167524  9.401582E-13
6585.01162637243  7.666020E-13
6585.07601106963  6.382339E-13
6585.14039576683  5.254299E-13
6585.20478046403  4.404317E-13
6585.26916516122  3.651579E-13
6585.33354985842  3.001386E-13
6585.39793455562  2.347986E-13
6585.46231925281  1.836403E-13
6585.52670395001  1.507303E-13
6585.59108864721  1.337020E-13
6585.65547334441  1.078030E-13
6585.7198580416  9.106942E-14
6585.7842427388  7.631957E-14
6585.848627436  6.669489E-14
6585.91301213319  6.276501E-14
6585.97739683039  5.428230E-14
6586.04178152759  6.362387E-14
6586.10616622479  5.942568E-14
6586.17055092198  4.883173E-14
6586.23493561918  4.793772E-14
6586.29932031638  5.229411E-14
6586.36370501358  5.838024E-14
6586.42808971077  5.189830E-14
6586.49247440797  3.731396E-14
6586.55685910517  4.546822E-14
6586.62124380236  4.404113E-14
6586.68562849956  3.448689E-14
6586.75001319676  4.399373E-14
6586.81439789396  4.654559E-14
6586.87878259115  4.036412E-14
6586.94316728835  4.120447E-14
6587.00755198555  1.977027E-14
6587.07193668274  1.429855E-12
6587.13632137994  6.895580E-13
6587.20070607714  4.891247E-14
6587.26509077434  3.790697E-14
6587.32947547153  4.568984E-14
6587.39386016873  4.324172E-14
6587.45824486593  3.917273E-14
6587.52262956313  4.368328E-14
6587.58701426032  4.130809E-14
6587.65139895752  3.640957E-14
6587.71578365472  3.382158E-14
6587.78016835191  3.674714E-14
6587.84455304911  3.624690E-14
6587.90893774631  3.699458E-14
6587.97332244351  3.060964E-14
6588.0377071407  2.927456E-14
6588.1020918379  2.739507E-14
6588.1664765351  3.136297E-14
6588.23086123229  3.359509E-14
6588.29524592949  3.825315E-14
6588.35963062669  3.496998E-14
6588.42401532389  4.454271E-14
6588.48840002108  4.091359E-14
6588.55278471828  4.343650E-14
6588.61716941548  5.345612E-14
6588.68155411268  4.988847E-14
6588.74593880987  3.638565E-14
6588.81032350707  3.885606E-14
6588.87470820427  3.734593E-14
6588.93909290146  3.250683E-14
6589.00347759866  3.750403E-14
6589.06786229586  4.457860E-14
6589.13224699305  4.062310E-14
6589.19663169025  3.623272E-14
6589.26101638745  3.965834E-14
6589.32540108465  4.180409E-14
6589.38978578184  4.488494E-14
6589.45417047904  2.903991E-14
6589.51855517624  3.879608E-14
6589.58293987344  5.151076E-14
6589.64732457063  3.558112E-14
6589.71170926783  3.702705E-14
6589.77609396503  3.722843E-14
6589.84047866222  3.749821E-14
6589.90486335942  3.633753E-14
6589.96924805662  3.708935E-14
6590.03363275382  3.812053E-14
6590.09801745101  3.664368E-14
6590.16240214821  3.005244E-14
6590.22678684541  2.485046E-14
6590.2911715426  3.069790E-14
6590.3555562398  3.816259E-14
6590.419940937  3.138125E-14
6590.4843256342  3.900894E-14
6590.54871033139  2.899357E-14
6590.61309502859  3.323903E-14
6590.67747972579  4.335718E-14
6590.74186442299  3.942616E-14
6590.80624912018  3.560238E-14
6590.87063381738  4.464263E-14
6590.93501851458  4.364167E-14
6590.99940321177  3.211443E-14
6591.06378790897  3.671439E-14
6591.12817260617  4.119680E-14
6591.19255730336  7.248229E-14
6591.25694200056  2.385316E-13
6591.32132669776  3.508557E-14
6591.38571139496  2.668407E-14
6591.45009609215  3.053596E-14
6591.51448078935  2.997751E-14
6591.57886548655  3.177357E-14
6591.64325018375  3.971598E-14
6591.70763488094  3.361415E-14
6591.77201957814  3.606122E-14
6591.83640427534  2.877078E-14
6591.90078897253  2.774571E-14
6591.96517366973  1.748208E-14
6592.02955836693  3.182727E-14
6592.09394306413  2.681009E-14
6592.15832776132  2.613449E-14
6592.22271245852  3.351313E-14
6592.28709715572  4.165363E-14
6592.35148185291  4.325184E-14
6592.41586655011  3.972072E-14
6592.48025124731  4.105570E-14
6592.54463594451  3.936571E-14
6592.6090206417  3.736519E-14
6592.6734053389  3.812120E-14
6592.7377900361  2.764858E-14
6592.8021747333  3.472209E-14
6592.86655943049  3.198052E-14
6592.93094412769  2.757923E-14
6592.99532882489  3.492347E-14
6593.05971352208  3.877035E-14
6593.12409821928  3.147995E-14
6593.18848291648  2.829737E-14
6593.25286761368  2.888647E-14
6593.31725231087  2.786207E-14
6593.38163700807  2.804368E-14
6593.44602170527  2.576180E-14
6593.51040640246  3.012328E-14
6593.57479109966  2.885513E-14
6593.63917579686  2.736429E-14
6593.70356049406  2.879098E-14
6593.76794519125  2.821076E-14
6593.83232988845  3.629629E-14
6593.89671458565  3.631091E-14
6593.96109928285  3.382312E-14
6594.02548398004  3.552948E-14
6594.08986867724  2.717109E-14
6594.15425337444  3.288199E-14
6594.21863807163  5.124125E-14
6594.28302276883  4.726212E-14
6594.34740746603  3.629397E-14
6594.41179216322  1.881801E-14
6594.47617686042  4.010266E-14
6594.54056155762  9.253986E-14
6594.60494625482  6.149518E-14
6594.66933095201  1.844285E-14
6594.73371564921  2.370748E-14
6594.79810034641  3.026714E-14
6594.86248504361  2.791226E-14
6594.9268697408  3.321702E-14
6594.991254438  2.844066E-14
6595.0556391352  2.791290E-14
6595.12002383239  3.029329E-14
6595.18440852959  3.323250E-14
6595.24879322679  2.419717E-14
6595.31317792399  3.857986E-14
6595.37756262118  2.964909E-14
6595.44194731838  2.988674E-14
6595.50633201558  2.663523E-14
6595.57071671278  3.434333E-14
6595.63510140997  3.820891E-14
6595.69948610717  2.299632E-14
6595.76387080437  2.569861E-14
6595.82825550156  2.881038E-14
6595.89264019876  3.048409E-14
6595.95702489596  2.800888E-14
6596.02140959315  2.480549E-14
6596.08579429035  2.970536E-14
6596.15017898755  3.064486E-14
6596.21456368475  4.198412E-14
6596.27894838194  3.377396E-14
6596.34333307914  2.263150E-14
6596.40771777634  3.038408E-14
6596.47210247353  -4.351261E-14
6596.53648717073  1.051968E-12
6596.60087186793  5.201131E-13
6596.66525656513  5.989678E-14
6596.72964126233  5.203192E-14
6596.79402595952  3.362142E-14
6596.85841065672  2.532679E-14
6596.92279535392  2.096629E-14
6596.98718005111  2.949988E-14
6597.05156474831  2.379039E-14
6597.11594944551  2.202981E-14
6597.1803341427  3.188661E-14
6597.2447188399  2.877792E-14
6597.3091035371  2.599316E-14
6597.3734882343  3.140594E-14
6597.43787293149  3.761408E-14
6597.50225762869  3.410212E-14
6597.56664232589  3.726483E-14
6597.63102702308  4.073285E-14
6597.69541172028  3.380532E-14
6597.75979641748  3.500459E-14
6597.82418111468  3.824945E-14
6597.88856581187  2.860563E-14
6597.95295050907  4.151898E-14
6598.01733520627  3.096604E-14
6598.08171990347  2.123209E-14
6598.14610460066  2.737779E-14
6598.21048929786  3.389615E-14
6598.27487399506  4.405512E-14
6598.33925869225  4.289977E-14
6598.40364338945  3.658049E-14
6598.46802808665  3.295968E-14
6598.53241278385  3.091783E-14
6598.59679748104  3.455081E-14
6598.66118217824  2.928455E-14
6598.72556687544  2.679116E-14
6598.78995157264  3.564417E-14
6598.85433626983  3.139303E-14
6598.91872096703  3.652276E-14
6598.98310566423  3.037438E-14
6599.04749036142  3.154907E-14
6599.11187505862  3.186836E-14
6599.17625975582  2.654045E-14
6599.24064445301  3.062156E-14
6599.30502915021  2.436334E-14
6599.36941384741  3.970212E-14
6599.43379854461  3.314464E-14
6599.4981832418  3.047623E-14
6599.562567939  3.689915E-14
6599.6269526362  2.594269E-14
6599.6913373334  2.779397E-14
6599.75572203059  3.745890E-14
6599.82010672779  4.452189E-14
6599.88449142499  2.655019E-14
6599.94887612218  2.960257E-14
6600.01326081938  3.411322E-14
6600.07764551658  3.210202E-14
6600.14203021377  3.273722E-14
6600.20641491097  3.392744E-14
6600.27079960817  3.621270E-14
6600.33518430537  2.892711E-14
6600.39956900256  3.855046E-14
6600.46395369976  3.263999E-14
6600.52833839696  3.587330E-14
6600.59272309416  3.115445E-14
6600.65710779135  4.014412E-14
6600.72149248855  3.784285E-14
6600.78587718575  3.648910E-14
6600.85026188295  3.216761E-14
6600.91464658014  4.540275E-14
6600.97903127734  2.681467E-14
6601.04341597454  3.179065E-14
6601.10780067173  4.419204E-14
6601.17218536893  3.943793E-14
6601.23657006613  2.960981E-14
6601.30095476333  2.454660E-14
6601.36533946052  2.870357E-14
6601.42972415772  2.825860E-14
6601.49410885492  3.768099E-14
6601.55849355211  3.570382E-14
6601.62287824931  3.297096E-14
6601.68726294651  4.464947E-14
6601.75164764371  3.316407E-14
6601.8160323409  4.539048E-14
6601.8804170381  2.686592E-14
6601.9448017353  3.832789E-14
6602.00918643249  4.846427E-14
6602.07357112969  4.416570E-14
6602.13795582689  4.106853E-14
6602.20234052409  3.426515E-14
6602.26672522128  2.250060E-14
6602.33110991848  3.686327E-14
6602.39549461568  3.073700E-14
6602.45987931287  3.409523E-14
6602.52426401007  3.353660E-14
6602.58864870727  3.698912E-14
6602.65303340447  3.614691E-14
6602.71741810166  3.451115E-14
6602.78180279886  2.565177E-14
6602.84618749606  3.090088E-14
6602.91057219326  3.367429E-14
6602.97495689045  4.020726E-14
6603.03934158765  3.266600E-14
6603.10372628485  2.625881E-14
6603.16811098204  3.096887E-14
6603.23249567924  2.773548E-14
6603.29688037644  3.973427E-14
6603.36126507364  3.070621E-14
6603.42564977083  3.096906E-14
6603.49003446803  3.126381E-14
6603.55441916523  3.752809E-14
6603.61880386242  3.160981E-14
6603.68318855962  2.534317E-14
6603.74757325682  3.218857E-14
6603.81195795402  3.808235E-14
6603.87634265121  4.554925E-14
6603.94072734841  4.519214E-14
6604.00511204561  3.600203E-14
6604.0694967428  3.194029E-14
6604.13388144  3.576421E-14
6604.1982661372  3.579570E-14
6604.2626508344  4.048238E-14
6604.32703553159  3.475956E-14
6604.39142022879  3.799937E-14
6604.45580492599  2.740338E-14
6604.52018962318  3.146506E-14
6604.58457432038  4.554401E-14
6604.64895901758  4.150663E-14
6604.71334371478  4.131743E-14
6604.77772841197  3.099049E-14
6604.84211310917  4.807719E-14
6604.90649780637  3.206900E-14
6604.97088250357  2.449544E-14
6605.03526720076  2.079813E-14
6605.09965189796  4.353501E-14
6605.16403659516  3.420636E-13
6605.22842129235  9.475230E-14
6605.29280598955  2.489604E-14
6605.35719068675  2.050130E-14
6605.42157538395  1.857837E-14
6605.48596008114  2.283832E-14
6605.55034477834  2.051154E-14
6605.61472947554  3.348051E-14
6605.67911417274  2.743893E-14
6605.74349886993  3.724966E-14
6605.80788356713  2.421892E-14
6605.87226826433  3.864972E-14
6605.93665296152  4.482361E-14
6606.00103765872  4.620008E-14
6606.06542235592  3.489093E-14
6606.12980705311  3.605290E-14
6606.19419175031  3.239627E-14
6606.25857644751  2.607081E-14
6606.32296114471  2.514734E-14
6606.3873458419  3.422018E-14
6606.4517305391  4.119041E-14
6606.5161152363  3.868487E-14
6606.5804999335  3.109037E-14
6606.64488463069  2.917422E-14
6606.70926932789  3.326004E-14
6606.77365402509  2.762317E-14
6606.83803872228  3.042731E-14
6606.90242341948  3.117722E-14
6606.96680811668  3.737392E-14
6607.03119281388  3.213328E-14
6607.09557751107  4.101178E-14
6607.15996220827  2.810473E-14
6607.22434690547  2.683245E-14
6607.28873160266  4.470277E-14
6607.35311629986  3.436717E-14
6607.41750099706  1.488668E-14
6607.48188569426  3.137479E-14
6607.54627039145  3.943931E-14
6607.61065508865  3.318594E-14
6607.67503978585  4.267761E-14
6607.73942448305  4.518968E-14
6607.80380918024  3.172485E-14
6607.86819387744  2.065332E-14
6607.93257857464  2.275711E-14
6607.99696327183  3.358513E-14
6608.06134796903  2.945825E-14
6608.12573266623  4.253182E-14
6608.19011736343  3.355714E-14
6608.25450206062  4.094948E-14
6608.31888675782  2.545623E-14
6608.38327145502  3.903578E-14
6608.44765615221  3.911007E-14
6608.51204084941  3.707526E-14
6608.57642554661  4.509385E-14
6608.64081024381  4.965888E-14
6608.705194941  3.331913E-14
6608.7695796382  5.235554E-14
6608.8339643354  2.963306E-14
6608.8983490326  2.992452E-14
6608.96273372979  3.661025E-14
6609.02711842699  4.371108E-14
6609.09150312419  2.928267E-14
6609.15588782138  2.760758E-14
6609.22027251858  3.833327E-14
6609.28465721578  2.502709E-14
6609.34904191297  3.457349E-14
6609.41342661017  3.954774E-14
6609.47781130737  2.665201E-14
6609.54219600457  4.185614E-14
6609.60658070176  4.448288E-14
6609.67096539896  5.190137E-14
6609.73535009616  4.782706E-14
6609.79973479336  3.439341E-14
6609.86411949055  4.269623E-14
6609.92850418775  2.228593E-14
6609.99288888495  3.373158E-14
6610.05727358214  3.113186E-14
6610.12165827934  3.189110E-14
6610.18604297654  3.469835E-14
6610.25042767374  2.866387E-14
6610.31481237093  2.433651E-14
6610.37919706813  2.584012E-14
6610.44358176533  2.370908E-14
6610.50796646252  2.142371E-14
6610.57235115972  3.671424E-14
6610.63673585692  4.207819E-14
6610.70112055412  4.134465E-14
6610.76550525131  2.789265E-14
6610.82988994851  4.231144E-14
6610.89427464571  3.651554E-14
6610.9586593429  3.553684E-14
6611.0230440401  3.224435E-14
6611.0874287373  2.955856E-14
6611.1518134345  2.400181E-14
6611.21619813169  4.809869E-14
6611.28058282889  4.485713E-14
6611.34496752609  3.881177E-14
6611.40935222328  3.383340E-14
6611.47373692048  2.826136E-14
6611.53812161768  3.899735E-14
6611.60250631488  3.111859E-14
6611.66689101207  4.144501E-14
6611.73127570927  4.429736E-14
6611.79566040647  2.975077E-14
6611.86004510367  3.609444E-14
6611.92442980086  4.062282E-14
6611.98881449806  2.477769E-14
6612.05319919526  2.339171E-14
6612.11758389245  3.083518E-14
6612.18196858965  4.188434E-14
6612.24635328685  3.260022E-14
6612.31073798405  2.061350E-14
6612.37512268124  3.346878E-14
6612.43950737844  3.501203E-14
6612.50389207564  2.922203E-14
6612.56827677283  4.576362E-14
6612.63266147003  4.597420E-14
6612.69704616723  3.279273E-14
6612.76143086443  2.934918E-14
6612.82581556162  2.141585E-14
6612.89020025882  1.332152E-14
6612.95458495602  2.233185E-14
6613.01896965321  5.392532E-14
6613.08335435041  4.688656E-14
6613.14773904761  2.770588E-14
6613.21212374481  2.294832E-14
6613.276508442  3.902463E-14
6613.3408931392  2.448785E-14
6613.4052778364  2.186415E-14
6613.46966253359  3.495588E-14
6613.53404723079  3.662457E-14
6613.59843192799  3.158378E-14
6613.66281662519  3.090350E-14
6613.72720132238  5.188693E-14
6613.79158601958  5.256236E-14
6613.85597071678  2.836400E-14
6613.92035541398  2.816653E-14
6613.98474011117  2.828445E-14
6614.04912480837  2.085695E-14
6614.11350950557  3.615725E-14
6614.17789420276  4.815935E-14
6614.24227889996  4.639380E-14
6614.30666359716  4.306162E-14
6614.37104829436  4.441074E-14
6614.43543299155  4.524707E-14
6614.49981768875  3.273208E-14
6614.56420238595  3.934141E-14
6614.62858708314  3.809645E-14
6614.69297178034  5.698645E-14
6614.75735647754  5.121680E-14
6614.82174117474  4.123182E-14
6614.88612587193  3.057756E-14
6614.95051056913  4.377048E-14
6615.01489526633  3.044598E-14
6615.07927996352  1.623105E-14
6615.14366466072  3.615130E-14
6615.20804935792  1.334814E-14
6615.27243405512  3.392551E-13
6615.33681875232  1.099283E-13
6615.40120344951  2.739912E-14
6615.46558814671  2.930952E-14
6615.5299728439  2.872910E-14
6615.5943575411  3.782365E-14
6615.6587422383  3.179911E-14
6615.7231269355  2.430950E-14
6615.78751163269  3.742249E-14
6615.85189632989  2.305780E-14
6615.91628102709  4.019040E-14
6615.98066572429  1.814134E-14
6616.04505042148  3.958864E-14
6616.10943511868  5.403380E-14
6616.17381981588  4.334468E-14
6616.23820451307  1.825957E-14
6616.30258921027  1.696354E-14
6616.36697390747  2.303360E-14
6616.43135860467  2.718926E-14
6616.49574330187  2.944258E-14
6616.56012799906  4.354534E-14
6616.62451269626  4.766146E-14
6616.68889739345  4.168290E-14
6616.75328209065  6.069343E-15
6616.81766678785  3.928743E-14
6616.88205148505  4.767559E-14
6616.94643618224  3.554870E-14
6617.01082087944  1.641378E-14
6617.07520557664  3.777076E-14
6617.13959027383  3.512040E-14
6617.20397497103  4.589468E-14
6617.26835966823  5.001611E-14
6617.33274436543  6.959570E-14
6617.39712906262  4.969945E-14
6617.46151375982  3.124736E-14
6617.52589845702  3.956284E-14
6617.59028315422  4.859546E-14
6617.65466785141  4.405850E-14
6617.71905254861  5.054254E-14
6617.78343724581  3.146820E-14
6617.84782194301  1.728002E-14
6617.9122066402  3.528770E-14
6617.9765913374  6.618987E-14
6618.0409760346  3.420576E-14
6618.10536073179  3.358932E-14
6618.16974542899  3.406779E-14
6618.23413012619  5.389909E-14
6618.29851482338  3.660364E-14
6618.36289952058  3.093117E-14
6618.42728421778  3.367045E-14
6618.49166891498  2.005079E-14
6618.55605361218  3.215702E-14
6618.62043830937  4.757084E-14
6618.68482300657  5.014000E-14
6618.74920770377  3.296980E-14
6618.81359240096  2.469316E-14
6618.87797709816  2.908708E-14
6618.94236179536  1.300458E-13
6619.00674649255  4.549496E-13
6619.07113118975  2.880614E-14
6619.13551588695  1.544313E-14
6619.19990058415  1.111978E-14
6619.26428528134  5.058922E-14
6619.32866997854  7.156474E-14
6619.39305467574  3.666274E-14
6619.45743937294  1.543874E-14
6619.52182407013  8.733183E-14
6619.58620876733  1.133209E-13
6619.65059346453  2.667239E-14
6619.71497816172  3.145302E-14
6619.77936285892  2.054257E-14
6619.84374755612  3.333079E-14
6619.90813225331  4.904176E-14
6619.97251695051  5.678020E-14
6620.03690164771  3.914603E-14
6620.10128634491  4.797647E-14
6620.1656710421  3.950371E-14
6620.2300557393  6.373498E-14
6620.2944404365  6.301102E-14
6620.3588251337  2.740035E-14
6620.42320983089  2.737639E-14
6620.48759452809  4.572914E-14
6620.55197922529  4.056401E-14
6620.61636392249  1.450400E-14
6620.68074861968  1.211821E-14
6620.74513331688  2.655966E-14
6620.80951801408  1.970704E-14
6620.87390271127  4.595509E-14
6620.93828740847  5.504700E-14
6621.00267210567  5.155427E-14
6621.06705680287  4.773222E-14
6621.13144150006  3.827151E-14
6621.19582619726  2.156134E-14
6621.26021089446  4.783191E-14
6621.32459559165  4.397031E-14
6621.38898028885  1.862465E-14
6621.45336498605  4.046293E-14
6621.51774968325  5.318956E-14
6621.58213438044  2.350517E-14
6621.64651907764  2.154763E-14
6621.71090377484  1.267822E-14
6621.77528847203  8.215709E-14
6621.83967316923  4.283009E-14
6621.90405786643  1.455871E-14
6621.96844256363  3.008111E-14
6622.03282726082  3.112654E-14
6622.09721195802  5.661526E-14
6622.16159665522  4.200330E-14
6622.22598135242  3.612416E-14
6622.29036604961  4.234373E-14
6622.35475074681  8.052776E-14
6622.41913544401  3.109532E-14
6622.4835201412  2.755741E-14
6622.5479048384  4.519695E-14
6622.6122895356  4.607840E-14
6622.6766742328  2.183684E-14
6622.74105892999  3.726494E-15
6622.80544362719  3.100817E-14
6622.86982832439  2.618132E-14
6622.93421302158  4.763129E-14
6622.99859771878  2.268026E-14
6623.06298241598  2.979866E-14
6623.12736711318  2.099520E-14
6623.19175181037  2.504788E-13
6623.25613650757  5.571880E-13
6623.32052120477  3.796227E-14
6623.38490590196  3.003173E-14
6623.44929059916  4.977509E-14
6623.51367529636  4.260046E-14
6623.57805999356  1.558078E-14
6623.64244469075  3.526363E-14
6623.70682938795  1.550750E-14
6623.77121408515  7.465619E-14
6623.83559878234  5.296332E-14
6623.89998347954  4.043820E-14
6623.96436817674  3.272071E-13
6624.02875287394  1.016515E-13
6624.09313757113  4.188536E-14
6624.15752226833  7.608356E-14
6624.22190696553  1.828404E-13
6624.28629166272  5.252058E-14
6624.35067635992  3.805195E-14
6624.41506105712  5.237634E-14
6624.47944575432  3.011263E-14
6624.54383045151  1.373264E-14
6624.60821514871  6.278376E-14
6624.67259984591  4.800281E-14
6624.73698454311  9.523603E-15
6624.8013692403  3.367678E-14
6624.8657539375  2.119998E-14
6624.9301386347  9.753202E-15
6624.99452333189  3.009522E-14
6625.05890802909  4.836599E-14
6625.12329272629  1.759437E-14
6625.18767742349  4.242531E-14
6625.25206212068  6.975528E-14
6625.31644681788  4.629620E-14
6625.38083151508  2.504786E-14
6625.44521621227  4.974756E-14
6625.50960090947  6.398416E-14
6625.57398560667  1.872024E-14
6625.63837030387  3.376632E-14
6625.70275500106  2.824257E-14
6625.76713969826  6.525450E-14
6625.83152439546  2.889024E-14
6625.89590909265  4.787411E-14
6625.96029378985  2.955920E-14
6626.02467848705  2.955778E-14
6626.08906318425  3.835513E-14
6626.15344788144  4.315556E-14
6626.21783257864  4.838110E-14
6626.28221727584  2.993456E-14
6626.34660197304  3.304384E-14
6626.41098667023  1.476641E-14
6626.47537136743  4.642073E-14
6626.53975606463  4.190400E-14
6626.60414076182  3.721140E-14
6626.66852545902  5.502873E-14
6626.73291015622  4.182637E-15
