   6500.08984       4.42872887E-29
   6500.18018       4.42872887E-29
   6500.27002       4.42872887E-29
   6500.35986       4.42872887E-29
   6500.45020       4.42872887E-29
   6500.54004       4.42872887E-29
   6500.62988       4.42872887E-29
   6500.72021       4.42872887E-29
   6500.81006       4.42872887E-29
   6500.89990       4.42872887E-29
   6500.99023       4.42872887E-29
   6501.08008       4.42872887E-29
   6501.16992       4.42872887E-29
   6501.25977       4.42872887E-29
   6501.35010       4.42872887E-29
   6501.43994       4.42872887E-29
   6501.52979       4.42872887E-29
   6501.62012       4.42872887E-29
   6501.70996       4.42872887E-29
   6501.79980       4.42872887E-29
   6501.89014       4.42872887E-29
   6501.97998       4.42872887E-29
   6502.06982       4.42872887E-29
   6502.16016       4.42872887E-29
   6502.25000       4.42872887E-29
   6502.33984       4.42872887E-29
   6502.43018       4.42872887E-29
   6502.52002       4.42872887E-29
   6502.60986       4.42872887E-29
   6502.70020       4.42872887E-29
   6502.79004       4.42872887E-29
   6502.87988       4.42872887E-29
   6502.97021       4.42872887E-29
   6503.06006       4.42872887E-29
   6503.14990       4.42872887E-29
   6503.24023       4.42872887E-29
   6503.33008       4.42872887E-29
   6503.41992       4.42872887E-29
   6503.50977       4.42872887E-29
   6503.60010       4.42872887E-29
   6503.68994       4.42872887E-29
   6503.77979       4.42872887E-29
   6503.87012       4.42872887E-29
   6503.95996       4.42872887E-29
   6504.04980       4.42872887E-29
   6504.14014       4.42872887E-29
   6504.22998       4.42872887E-29
   6504.31982       4.42872887E-29
   6504.41016       4.42872887E-29
   6504.50000       4.42872887E-29
   6504.58984       4.42872887E-29
   6504.68018       4.42872887E-29
   6504.77002       4.42872887E-29
   6504.85986       4.42872887E-29
   6504.95020       4.42872887E-29
   6505.04004       4.42872887E-29
   6505.12988       4.42872887E-29
   6505.22021       4.42872887E-29
   6505.31006       4.42872887E-29
   6505.39990       4.42872887E-29
   6505.49023       4.42872887E-29
   6505.58008       4.42872887E-29
   6505.66992       4.42872887E-29
   6505.75977       4.42872887E-29
   6505.85010       4.42872887E-29
   6505.93994       4.42872887E-29
   6506.02979       4.42872887E-29
   6506.12012       4.42872887E-29
   6506.20996       4.42872887E-29
   6506.29980       4.42872887E-29
   6506.39014       4.42872887E-29
   6506.47998       4.42872887E-29
   6506.56982       4.42872887E-29
   6506.66016       4.42872887E-29
   6506.75000       4.42872887E-29
   6506.83984       4.42872887E-29
   6506.93018       4.42872887E-29
   6507.02002       4.42872887E-29
   6507.10986       4.42872887E-29
   6507.20020       4.42872887E-29
   6507.29004       4.42872887E-29
   6507.37988       4.42872887E-29
   6507.47021       4.42872887E-29
   6507.56006       4.42872887E-29
   6507.64990       4.42872887E-29
   6507.74023       4.42872887E-29
   6507.83008       4.42872887E-29
   6507.91992       4.42872887E-29
   6508.00977       4.42872887E-29
   6508.10010       4.42872887E-29
   6508.18994       4.42872887E-29
   6508.27979       4.42872887E-29
   6508.37012       4.42872917E-29
   6508.45996       4.42872917E-29
   6508.54980       4.42872917E-29
   6508.64014       4.42872917E-29
   6508.72998       4.42872947E-29
   6508.81982       4.42872947E-29
   6508.91016       4.42872977E-29
   6509.00000       4.42872977E-29
   6509.08984       4.42873007E-29
   6509.18018       4.42873037E-29
   6509.27002       4.42873098E-29
   6509.35986       4.42873128E-29
   6509.45020       4.42873218E-29
   6509.54004       4.42873278E-29
   6509.62988       4.42873399E-29
   6509.72021       4.42873549E-29
   6509.81006       4.42873700E-29
   6509.89990       4.42873910E-29
   6509.99023       4.42874211E-29
   6510.08008       4.42874542E-29
   6510.16992       4.42874963E-29
   6510.25977       4.42875505E-29
   6510.35010       4.42876197E-29
   6510.43994       4.42877070E-29
   6510.52979       4.42878153E-29
   6510.62012       4.42879507E-29
   6510.70996       4.42881193E-29
   6510.79980       4.42883329E-29
   6510.89014       4.42886007E-29
   6510.97998       4.42889348E-29
   6511.06982       4.42893500E-29
   6511.16016       4.42898737E-29
   6511.25000       4.42905267E-29
   6511.33984       4.42913392E-29
   6511.43018       4.42923593E-29
   6511.52002       4.42936232E-29
   6511.60986       4.42952001E-29
   6511.70020       4.42971741E-29
   6511.79004       4.42996177E-29
   6511.87988       4.43026570E-29
   6511.97021       4.43064547E-29
   6512.06006       4.43111492E-29
   6512.14990       4.43169751E-29
   6512.24023       4.43242455E-29
   6512.33008       4.43332131E-29
   6512.41992       4.43443173E-29
   6512.50977       4.43580666E-29
   6512.60010       4.43751773E-29
   6512.68994       4.43962301E-29
   6512.77979       4.44222422E-29
   6512.87012       4.44545557E-29
   6512.95996       4.44942389E-29
   6513.04980       4.45431786E-29
   6513.14014       4.46038544E-29
   6513.22998       4.46782284E-29
   6513.31982       4.47697763E-29
   6513.41016       4.48830721E-29
   6513.50000       4.50216789E-29
   6513.58984       4.51919702E-29
   6513.68018       4.54023179E-29
   6513.77002       4.56591677E-29
   6513.85986       4.59741445E-29
   6513.95020       4.63624812E-29
   6514.04004       4.68357605E-29
   6514.12988       4.74150471E-29
   6514.22021       4.81279000E-29
   6514.31006       4.89950589E-29
   6514.39990       5.00544679E-29
   6514.49023       5.13556442E-29
   6514.58008       5.29354725E-29
   6514.66992       5.48619080E-29
   6514.75977       5.72094721E-29
   6514.85010       6.00854934E-29
   6514.93994       6.35687424E-29
   6515.02979       6.78054512E-29
   6515.12012       7.29861125E-29
   6515.20996       7.92486709E-29
   6515.29980       8.68514118E-29
   6515.39014       9.61305964E-29
   6515.47998       1.07326322E-28
   6515.56982       1.20892260E-28
   6515.66016       1.37418279E-28
   6515.75000       1.57319792E-28
   6515.83984       1.81389102E-28
   6515.93018       2.10655184E-28
   6516.02002       2.45831789E-28
   6516.10986       2.88294789E-28
   6516.20020       3.39827691E-28
   6516.29004       4.01651847E-28
   6516.37988       4.76140438E-28
   6516.47021       5.66368378E-28
   6516.56006       6.74408570E-28
   6516.64990       8.04336908E-28
   6516.74023       9.61419606E-28
   6516.83008       1.14915772E-27
   6516.91992       1.37450134E-27
   6517.00977       1.64481524E-27
   6517.10010       1.97079487E-27
   6517.18994       2.35940574E-27
   6517.27979       2.82469327E-27
   6517.37012       3.38472828E-27
   6517.45996       4.05110466E-27
   6517.54980       4.84743586E-27
   6517.64014       5.80412153E-27
   6517.72998       6.94030426E-27
   6517.81982       8.29550798E-27
   6517.91016       9.92057531E-27
   6518.00000       1.18471000E-26
   6518.08984       1.41414811E-26
   6518.18018       1.68906182E-26
   6518.27002       2.01544686E-26
   6518.35986       2.40720289E-26
   6518.45020       2.88863669E-26
   6518.54004       3.50136560E-26
   6518.62988       4.36996709E-26
   6518.72021       5.85458791E-26
   6518.81006       8.96805057E-26
   6518.89990       1.66967933E-25
   6518.99023       3.77114956E-25
   6519.08008       9.55844714E-25
   6519.16992       2.54739516E-24
   6519.25977       6.85049492E-24
   6519.35010       1.83261697E-23
   6519.43994       4.78454016E-23
   6519.52979       1.22127040E-22
   6519.62012       3.05814059E-22
   6519.70996       7.43341637E-22
   6519.79980       1.76224327E-21
   6519.89014       4.09245064E-21
   6519.97998       9.22487167E-21
   6520.06982       2.02765233E-20
   6520.16016       4.36361458E-20
   6520.25000       9.11838929E-20
   6520.33984       1.85795816E-19
   6520.43018       3.70502184E-19
   6520.52002       7.17696124E-19
   6520.60986       1.35561347E-18
   6520.70020       2.50488446E-18
   6520.79004       4.49793975E-18
   6520.87988       7.87561970E-18
   6520.97021       1.34844585E-17
   6521.06006       2.24458007E-17
   6521.14990       3.64319095E-17
   6521.24023       5.77999534E-17
   6521.33008       8.91876724E-17
   6521.41992       1.34192187E-16
   6521.50977       1.96876887E-16
   6521.60010       2.82177565E-16
   6521.68994       3.93568671E-16
   6521.77979       5.35258595E-16
   6521.87012       7.10866578E-16
   6521.95996       9.19097981E-16
   6522.04980       1.15872551E-15
   6522.14014       1.42594174E-15
   6522.22998       1.70903540E-15
   6522.31982       1.99730983E-15
   6522.41016       2.27752612E-15
   6522.50000       2.53039489E-15
   6522.58984       2.74131138E-15
   6522.68018       2.89649608E-15
   6522.77002       2.98313929E-15
   6522.85986       2.99584436E-15
   6522.95020       2.93312475E-15
   6523.04004       2.80031443E-15
   6523.12988       2.60692262E-15
   6523.22021       2.36502716E-15
   6523.31006       2.09309041E-15
   6523.39990       1.80627955E-15
   6523.49023       1.51841212E-15
   6523.58008       1.24571071E-15
   6523.66992       9.96528757E-16
   6523.75977       7.77333782E-16
   6523.85010       5.90329554E-16
   6523.93994       4.37766903E-16
   6524.02979       3.16545689E-16
   6524.12012       2.22751401E-16
   6524.20996       1.53124605E-16
   6524.29980       1.02639634E-16
   6524.39014       6.69264091E-17
   6524.47998       4.26482379E-17
   6524.56982       2.65004382E-17
   6524.66016       1.60119667E-17
   6524.75000       9.45907831E-18
   6524.83984       5.44913914E-18
   6524.93018       3.05158384E-18
   6525.02002       1.67200437E-18
   6525.10986       8.93927574E-19
   6525.20020       4.65104375E-19
   6525.29004       2.37668325E-19
   6525.37988       1.19465224E-19
   6525.47021       5.95493462E-20
   6525.56006       3.04644739E-20
   6525.64990       1.67961075E-20
   6525.74023       1.07401212E-20
   6525.83008       8.42122370E-21
   6525.91992       7.87438623E-21
   6526.00977       8.19135958E-21
   6526.10010       8.96290826E-21
   6526.18994       1.00013439E-20
   6526.27979       1.12407601E-20
   6526.37012       1.26700135E-20
   6526.45996       1.42770921E-20
   6526.54980       1.60834930E-20
   6526.64014       1.81209067E-20
   6526.72998       2.03913576E-20
   6526.81982       2.29323191E-20
   6526.91016       2.57903961E-20
   6527.00000       2.89683303E-20
   6527.08984       3.25177010E-20
   6527.18018       3.65021750E-20
   6527.27002       4.09238722E-20
   6527.35986       4.58528024E-20
   6527.45020       5.13750925E-20
   6527.54004       5.74914049E-20
   6527.62988       6.42961997E-20
   6527.72021       7.19051240E-20
   6527.81006       8.03161614E-20
   6527.89990       8.96555669E-20
   6527.99023       1.00078405E-19
   6528.08008       1.11577294E-19
   6528.16992       1.24320438E-19
   6528.25977       1.38433367E-19
   6528.35010       1.54142251E-19
   6528.43994       1.71427767E-19
   6528.52979       1.90533519E-19
   6528.62012       2.11758314E-19
   6528.70996       2.35067333E-19
   6528.79980       2.60780837E-19
   6528.89014       2.89289746E-19
   6528.97998       3.20535951E-19
   6529.06982       3.54938005E-19
   6529.16016       3.93005012E-19
   6529.25000       4.34644948E-19
   6529.33984       4.80399668E-19
   6529.43018       5.30928565E-19
   6529.52002       5.86091689E-19
   6529.60986       6.46585682E-19
   6529.70020       7.13259282E-19
   6529.79004       7.85903576E-19
   6529.87988       8.65410419E-19
   6529.97021       9.52866157E-19
   6530.06006       1.04796380E-18
   6530.14990       1.15183825E-18
   6530.24023       1.26587109E-18
   6530.33008       1.38962073E-18
   6530.41992       1.52452396E-18
   6530.50977       1.67148945E-18
   6530.60010       1.83239614E-18
   6530.68994       2.00654971E-18
   6530.77979       2.19589549E-18
   6530.87012       2.40278887E-18
   6530.95996       2.62626494E-18
   6531.04980       2.86875232E-18
   6531.14014       3.13317777E-18
   6531.22998       3.41822214E-18
   6531.31982       3.72689492E-18
   6531.41016       4.06281793E-18
   6531.50000       4.42420611E-18
   6531.58984       4.81475944E-18
   6531.68018       5.23893021E-18
   6531.77002       5.69433987E-18
   6531.85986       6.18550566E-18
   6531.95020       6.71786380E-18
   6532.04004       7.28826852E-18
   6532.12988       7.90220942E-18
   6532.22021       8.56629318E-18
   6532.31006       9.27638224E-18
   6532.39990       1.00391089E-17
   6532.49023       1.08624506E-17
   6532.58008       1.17410223E-17
   6532.66992       1.26828013E-17
   6532.75977       1.36916457E-17
   6532.85010       1.47776743E-17
   6532.93994       1.59333796E-17
   6533.02979       1.71688400E-17
   6533.12012       1.84960745E-17
   6533.20996       1.99055406E-17
   6533.29980       2.14091598E-17
   6533.39014       2.30211081E-17
   6533.47998       2.47293668E-17
   6533.56982       2.65479482E-17
   6533.66016       2.84935067E-17
   6533.75000       3.05509796E-17
   6533.83984       3.27367646E-17
   6533.93018       3.50702312E-17
   6534.02002       3.75327446E-17
   6534.10986       4.01433398E-17
   6534.20020       4.29244137E-17
   6534.29004       4.58530930E-17
   6534.37988       4.89513079E-17
   6534.47021       5.22448234E-17
   6534.56006       5.57057438E-17
   6534.64990       5.93592087E-17
   6534.74023       6.32346756E-17
   6534.83008       6.72983757E-17
   6534.91992       7.15789229E-17
   6535.00977       7.60846551E-17
   6535.10010       8.08503867E-17
   6535.18994       8.58331970E-17
   6535.27979       9.10666959E-17
   6535.37012       9.65901713E-17
   6535.45996       1.02352490E-16
   6535.54980       1.08391531E-16
   6535.64014       1.14751021E-16
   6535.72998       1.21370954E-16
   6535.81982       1.28293331E-16
   6535.91016       1.35566869E-16
   6536.00000       1.43121238E-16
   6536.08984       1.51003118E-16
   6536.18018       1.59266162E-16
   6536.27002       1.67828832E-16
   6536.35986       1.76742490E-16
   6536.45020       1.86065795E-16
   6536.54004       1.95705096E-16
   6536.62988       2.05716457E-16
   6536.72021       2.16163708E-16
   6536.81006       2.26939873E-16
   6536.89990       2.38105911E-16
   6536.99023       2.49730750E-16
   6537.08008       2.61693291E-16
   6537.16992       2.74059231E-16
   6537.25977       2.86831985E-16
   6537.35010       3.00087177E-16
   6537.43994       3.13683617E-16
   6537.52979       3.27693198E-16
   6537.62012       3.42196387E-16
   6537.70996       3.57036166E-16
   6537.79980       3.72289192E-16
   6537.89014       3.88039875E-16
   6537.97998       4.04115687E-16
   6538.06982       4.20597254E-16
   6538.16016       4.37573065E-16
   6538.25000       4.54854469E-16
   6538.33984       4.72525906E-16
   6538.43018       4.90679463E-16
   6538.52002       5.09110688E-16
   6538.60986       5.27907514E-16
   6538.70020       5.47164914E-16
   6538.79004       5.66663295E-16
   6538.87988       5.86493607E-16
   6538.97021       6.06752729E-16
   6539.06006       6.27207304E-16
   6539.14990       6.47950400E-16
   6539.24023       6.69080484E-16
   6539.33008       6.90351387E-16
   6539.41992       7.11858030E-16
   6539.50977       7.33580666E-16
   6539.60010       7.55618293E-16
   6539.68994       7.77710871E-16
   6539.77979       7.99954327E-16
   6539.87012       8.22446969E-16
   6539.95996       8.44920924E-16
   6540.04980       8.67472382E-16
   6540.14014       8.90197640E-16
   6540.22998       9.12824431E-16
   6540.31982       9.35447199E-16
   6540.41016       9.58160494E-16
   6540.50000       9.80689452E-16
   6540.58984       1.00312746E-15
   6540.68018       1.02556515E-15
   6540.77002       1.04772915E-15
   6540.85986       1.06971039E-15
   6540.95020       1.09159497E-15
   6541.04004       1.11311458E-15
   6541.12988       1.13435658E-15
   6541.22021       1.15540186E-15
   6541.31006       1.17599100E-15
   6541.39990       1.19620714E-15
   6541.49023       1.21612448E-15
   6541.58008       1.23549676E-15
   6541.66992       1.25440148E-15
   6541.75977       1.27280782E-15
   6541.85010       1.29078133E-15
   6541.93994       1.30809807E-15
   6542.02979       1.32482719E-15
   6542.12012       1.34102669E-15
   6542.20996       1.35649351E-15
   6542.29980       1.37129033E-15
   6542.39014       1.38546638E-15
   6542.47998       1.39884336E-15
   6542.56982       1.41147675E-15
   6542.66016       1.42340890E-15
   6542.75000       1.43450122E-15
   6542.83984       1.44486213E-15
   6542.93018       1.45480460E-15
   6543.02002       1.46534042E-15
   6543.10986       1.48060660E-15
   6543.20020       1.51403105E-15
   6543.29004       1.60296962E-15
   6543.37988       1.84175456E-15
   6543.47021       2.44120422E-15
   6543.56006       3.78548257E-15
   6543.64990       6.49442522E-15
   6543.74023       1.13894913E-14
   6543.83008       1.91279758E-14
   6543.91992       2.99043661E-14
   6544.00977       4.28755169E-14
   6544.10010       5.60520360E-14
   6544.18994       6.64065089E-14
   6544.27979       7.13135944E-14
   6544.37012       6.93537973E-14
   6544.45996       6.11091378E-14
   6544.54980       4.88352746E-14
   6544.64014       3.54028059E-14
   6544.72998       2.34740545E-14
   6544.81982       1.43599630E-14
   6544.91016       8.25721175E-15
   6545.00000       4.69229614E-15
   6545.08984       2.82763971E-15
   6545.18018       1.95073721E-15
   6545.27002       1.58119039E-15
   6545.35986       1.43452102E-15
   6545.45020       1.37526048E-15
   6545.54004       1.34664570E-15
   6545.62988       1.32704758E-15
   6545.72021       1.30944951E-15
   6545.81006       1.29204098E-15
   6545.89990       1.27423264E-15
   6545.99023       1.25583275E-15
   6546.08008       1.23704609E-15
   6546.16992       1.21780108E-15
   6546.25977       1.19812885E-15
   6546.35010       1.17795093E-15
   6546.43994       1.15751806E-15
   6546.52979       1.13675453E-15
   6546.62012       1.11557765E-15
   6546.70996       1.09424904E-15
   6546.79980       1.07268739E-15
   6546.89014       1.05080631E-15
   6546.97998       1.02887483E-15
   6547.06982       1.00680665E-15
   6547.16016       9.84512747E-16
   6547.25000       9.62265639E-16
   6547.33984       9.39975226E-16
   6547.43018       9.17550452E-16
   6547.52002       8.95263427E-16
   6547.60986       8.73021877E-16
   6547.70020       8.50733528E-16
   6547.79004       8.28666997E-16
   6547.87988       8.06728049E-16
   6547.97021       7.84824465E-16
   6548.06006       7.63218190E-16
   6548.14990       7.41814409E-16
   6548.24023       7.20521430E-16
   6548.33008       6.99592040E-16
   6548.41992       6.78931530E-16
   6548.50977       6.58559964E-16
   6548.60010       6.38388456E-16
   6548.68994       6.18653277E-16
   6548.77979       5.99261675E-16
   6548.87012       5.80127307E-16
   6548.95996       5.61472094E-16
   6549.04980       5.43205723E-16
   6549.14014       5.25245289E-16
   6549.22998       5.07797046E-16
   6549.31982       4.90773642E-16
   6549.41016       4.74096358E-16
   6549.50000       4.57954504E-16
   6549.58984       4.42264860E-16
   6549.68018       4.26952913E-16
   6549.77002       4.12190743E-16
   6549.85986       3.97899524E-16
   6549.95020       3.84010063E-16
   6550.04004       3.70676097E-16
   6550.12988       3.57824092E-16
   6550.22021       3.45390204E-16
   6550.31006       3.33510117E-16
   6550.39990       3.22115963E-16
   6550.49023       3.11149639E-16
   6550.58008       3.00728831E-16
   6550.66992       2.90791519E-16
   6550.75977       2.81335720E-16
   6550.85010       2.72311246E-16
   6550.93994       2.63812541E-16
   6551.02979       2.55785818E-16
   6551.12012       2.48187059E-16
   6551.20996       2.41093820E-16
   6551.29980       2.34458720E-16
   6551.39014       2.28243827E-16
   6551.47998       2.22510526E-16
   6551.56982       2.17217814E-16
   6551.66016       2.12333928E-16
   6551.75000       2.07904832E-16
   6551.83984       2.03895839E-16
   6551.93018       2.00281179E-16
   6552.02002       1.97092232E-16
   6552.10986       1.94300650E-16
   6552.20020       1.91886314E-16
   6552.29004       1.89867160E-16
   6552.37988       1.88220647E-16
   6552.47021       1.86932363E-16
   6552.56006       1.86007429E-16
   6552.64990       1.85429197E-16
   6552.74023       1.85188349E-16
   6552.83008       1.85278425E-16
   6552.91992       1.85688124E-16
   6553.00977       1.86408261E-16
   6553.10010       1.87435950E-16
   6553.18994       1.88750651E-16
   6553.27979       1.90347759E-16
   6553.37012       1.92228648E-16
   6553.45996       1.94363462E-16
   6553.54980       1.96752029E-16
   6553.64014       1.99399708E-16
   6553.72998       2.02268172E-16
   6553.81982       2.05361338E-16
   6553.91016       2.08688073E-16
   6554.00000       2.12202532E-16
   6554.08984       2.15912298E-16
   6554.18018       2.19829243E-16
   6554.27002       2.23901063E-16
   6554.35986       2.28138610E-16
   6554.45020       2.32556813E-16
   6554.54004       2.37100589E-16
   6554.62988       2.41795746E-16
   6554.72021       2.46709410E-16
   6554.81006       2.51960273E-16
   6554.89990       2.58147161E-16
   6554.99023       2.66978829E-16
   6555.08008       2.82533266E-16
   6555.16992       3.13962450E-16
   6555.25977       3.78451277E-16
   6555.35010       5.04202503E-16
   6555.43994       7.24873591E-16
   6555.52979       1.07229596E-15
   6555.62012       1.55732894E-15
   6555.70996       2.13734873E-15
   6555.79980       2.72356329E-15
   6555.89014       3.19076147E-15
   6555.97998       3.41376724E-15
   6556.06982       3.33397123E-15
   6556.16016       2.97330926E-15
   6556.25000       2.43546240E-15
   6556.33984       1.84941745E-15
   6556.43018       1.32372223E-15
   6556.52002       9.25736496E-16
   6556.60986       6.62196117E-16
   6556.70020       5.08763299E-16
   6556.79004       4.31666413E-16
   6556.87988       3.98386065E-16
   6556.97021       3.87298509E-16
   6557.06006       3.86273097E-16
   6557.14990       3.89662870E-16
   6557.24023       3.96453956E-16
   6557.33008       4.10117683E-16
   6557.41992       4.42908287E-16
   6557.50977       5.27231476E-16
   6557.60010       7.42759221E-16
   6557.68994       1.26080187E-15
   6557.77979       2.43440636E-15
   6557.87012       4.93869590E-15
   6557.95996       9.86442543E-15
   6558.04980       1.89168563E-14
   6558.14014       3.44829044E-14
   6558.22998       5.90205510E-14
   6558.31982       9.49301943E-14
   6558.41016       1.43610303E-13
   6558.50000       2.03307640E-13
   6558.58984       2.69917877E-13
   6558.68018       3.36353558E-13
   6558.77002       3.92445787E-13
   6558.85986       4.29296654E-13
   6558.95020       4.40254712E-13
   6559.04004       4.23154404E-13
   6559.12988       3.81312359E-13
   6559.22021       3.21800068E-13
   6559.31006       2.54819386E-13
   6559.39990       1.89207103E-13
   6559.49023       1.31476075E-13
   6559.58008       8.58653629E-14
   6559.66992       5.26468111E-14
   6559.75977       3.03485705E-14
   6559.85010       1.64431863E-14
   6559.93994       8.48974686E-15
   6560.02979       4.23149920E-15
   6560.12012       2.10080900E-15
   6560.20996       1.11789492E-15
   6560.29980       6.90696023E-16
   6560.39014       5.15626066E-16
   6560.47998       4.48054224E-16
   6560.56982       4.21964683E-16
   6560.66016       4.10857143E-16
   6560.75000       4.04793790E-16
   6560.83984       4.00181325E-16
   6560.93018       3.95854680E-16
   6561.02002       3.91517501E-16
   6561.10986       3.87054432E-16
   6561.20020       3.82420685E-16
   6561.29004       3.77666871E-16
   6561.37988       3.72773694E-16
   6561.47021       3.67720084E-16
   6561.56006       3.62567821E-16
   6561.64990       3.57297105E-16
   6561.74023       3.51885730E-16
   6561.83008       3.46399524E-16
   6561.91992       3.40817021E-16
   6562.00977       3.35145632E-16
   6562.10010       3.29361350E-16
   6562.18994       3.23534213E-16
   6562.27979       3.17640690E-16
   6562.37012       3.11655635E-16
   6562.45996       3.05651230E-16
   6562.54980       2.99602594E-16
   6562.64014       2.93483867E-16
   6562.72998       2.87368368E-16
   6562.81982       2.81230159E-16
   6562.91016       2.75042795E-16
   6563.00000       2.68879995E-16
   6563.08984       2.62715051E-16
   6563.18018       2.56521069E-16
   6563.27002       2.50371398E-16
   6563.35986       2.44238800E-16
   6563.45020       2.38096144E-16
   6563.54004       2.32015797E-16
   6563.62988       2.25970073E-16
   6563.72021       2.19931959E-16
   6563.81006       2.13971984E-16
   6563.89990       2.08062473E-16
   6563.99023       2.02176574E-16
   6564.08008       1.96382551E-16
   6564.16992       1.90652770E-16
   6564.25977       1.84991453E-16
   6564.35010       1.79372303E-16
   6564.43994       1.73859759E-16
   6564.52979       1.68426718E-16
   6564.62012       1.63047556E-16
   6564.70996       1.57783445E-16
   6564.79980       1.52607822E-16
   6564.89014       1.47495846E-16
   6564.97998       1.42505075E-16
   6565.06982       1.37609727E-16
   6565.16016       1.32785835E-16
   6565.25000       1.28087211E-16
   6565.33984       1.23488907E-16
   6565.43018       1.18968014E-16
   6565.52002       1.14574415E-16
   6565.60986       1.10284186E-16
   6565.70020       1.06075498E-16
   6565.79004       1.01994301E-16
   6565.87988       9.80178056E-17
   6565.97021       9.41253451E-17
   6566.06006       9.03588675E-17
   6566.14990       8.66968331E-17
   6566.24023       8.31197732E-17
   6566.33008       7.96658244E-17
   6566.41992       7.63146576E-17
   6566.50977       7.30654525E-17
   6566.60010       6.99004411E-17
   6566.68994       6.68527305E-17
   6566.77979       6.39037985E-17
   6566.87012       6.10371280E-17
   6566.95996       5.82823188E-17
   6567.04980       5.56221589E-17
   6567.14014       5.30413818E-17
   6567.22998       5.05662688E-17
   6567.31982       4.81809513E-17
   6567.41016       4.58713902E-17
   6567.50000       4.36607831E-17
   6567.58984       4.15345253E-17
   6567.68018       3.94798616E-17
   6567.77002       3.75170480E-17
   6567.85986       3.56327868E-17
   6567.95020       3.38154909E-17
   6568.04004       3.20827923E-17
   6568.12988       3.04226342E-17
   6568.22021       2.88245444E-17
   6568.31006       2.73037464E-17
   6568.39990       2.58493941E-17
   6568.49023       2.44520627E-17
   6568.58008       2.31248366E-17
   6568.66992       2.18579863E-17
   6568.75977       2.06495151E-17
   6568.85010       1.94913382E-17
   6568.93994       1.83940169E-17
   6569.02979       1.73492068E-17
   6569.12012       1.63497459E-17
   6569.20996       1.54045614E-17
   6569.29980       1.45062747E-17
   6569.39014       1.36485637E-17
   6569.47998       1.28389259E-17
   6569.56982       1.20708721E-17
   6569.66016       1.13388570E-17
   6569.75000       1.06491381E-17
   6569.83984       9.99603599E-18
   6569.93018       9.37471581E-18
   6570.02002       8.79036069E-18
   6570.10986       8.23803234E-18
   6570.20020       7.71353283E-18
   6570.29004       7.22113455E-18
   6570.37988       6.75655972E-18
   6570.47021       6.31619068E-18
   6570.56006       5.90351483E-18
   6570.64990       5.51485864E-18
   6570.74023       5.14710944E-18
   6570.83008       4.80310901E-18
   6570.91992       4.47970414E-18
   6571.00977       4.17584803E-18
   6571.10010       3.88902150E-18
   6571.18994       3.62135247E-18
   6571.27979       3.37030749E-18
   6571.37012       3.13375493E-18
   6571.45996       2.91339133E-18
   6571.54980       2.70707863E-18
   6571.64014       2.51302040E-18
   6571.72998       2.33256309E-18
   6571.81982       2.16390800E-18
   6571.91016       2.00555130E-18
   6572.00000       1.85855014E-18
   6572.08984       1.72140587E-18
   6572.18018       1.59286024E-18
   6572.27002       1.47374303E-18
   6572.35986       1.36280612E-18
   6572.45020       1.25900694E-18
   6572.54004       1.16298885E-18
   6572.62988       1.07372107E-18
   6572.72021       9.90341782E-19
   6572.81006       9.13347707E-19
   6572.89990       8.41889642E-19
   6572.99023       7.75262001E-19
   6573.08008       7.13843530E-19
   6573.16992       6.56939605E-19
   6573.25977       6.04249544E-19
   6573.35010       5.55234285E-19
   6573.43994       5.10154906E-19
   6573.52979       4.68485889E-19
   6573.62012       4.29789760E-19
   6573.70996       3.94262249E-19
   6573.79980       3.61478962E-19
   6573.89014       3.31087053E-19
   6573.97998       3.03232082E-19
   6574.06982       2.77572268E-19
   6574.16016       2.53825308E-19
   6574.25000       2.32097884E-19
   6574.33984       2.12117117E-19
   6574.43018       1.93657431E-19
   6574.52002       1.76796543E-19
   6574.60986       1.61317564E-19
   6574.70020       1.47041435E-19
   6574.79004       1.34024042E-19
   6574.87988       1.22093952E-19
   6574.97021       1.11109730E-19
   6575.06006       1.01111004E-19
   6575.14990       9.19630195E-20
   6575.24023       8.35546769E-20
   6575.33008       7.59137511E-20
   6575.41992       6.89348089E-20
   6575.50977       6.25640447E-20
   6575.60010       5.67216487E-20
   6575.68994       5.14245811E-20
   6575.77979       4.65972520E-20
   6575.87012       4.21778005E-20
   6575.95996       3.81776164E-20
   6576.04980       3.45383966E-20
   6576.14014       3.12122775E-20
   6576.22998       2.82068169E-20
   6576.31982       2.54771241E-20
   6576.41016       2.29865220E-20
   6576.50000       2.07398139E-20
   6576.58984       1.87027265E-20
   6576.68018       1.68471892E-20
   6576.77002       1.51761906E-20
   6576.85986       1.36636343E-20
   6576.95020       1.22882026E-20
   6577.04004       1.10516516E-20
   6577.12988       9.93426629E-21
   6577.22021       8.92019456E-21
   6577.31006       8.01312397E-21
   6577.39990       7.22145800E-21
   6577.49023       6.71525456E-21
   6577.58008       7.74755295E-21
   6577.66992       1.81037460E-20
   6577.75977       8.12942508E-20
   6577.85010       4.18741703E-19
   6577.93994       2.01180623E-18
   6578.02979       8.79607320E-18
   6578.12012       3.50598650E-17
   6578.20996       1.25384898E-16
   6578.29980       4.05397936E-16
   6578.39014       1.19155725E-15
   6578.47998       3.14687478E-15
   6578.56982       7.51319918E-15
   6578.66016       1.62797124E-14
   6578.75000       3.17478587E-14
   6578.83984       5.59709241E-14
   6578.93018       8.94069229E-14
   6579.02002       1.28748290E-13
   6579.10986       1.67606963E-13
   6579.20020       1.97372920E-13
   6579.29004       2.09874896E-13
   6579.37988       2.01750021E-13
   6579.47021       1.75144255E-13
   6579.56006       1.37521735E-13
   6579.64990       9.76173623E-14
   6579.74023       6.24735520E-14
   6579.83008       3.62221477E-14
   6579.91992       1.89859555E-14
   6580.00977       8.99644535E-15
   6580.10010       3.83503103E-15
   6580.18994       1.48432794E-15
   6580.27979       5.19362963E-16
   6580.37012       1.63213468E-16
   6580.45996       4.66466371E-17
   6580.54980       1.20522151E-17
   6580.64014       2.79222157E-18
   6580.72998       5.89339975E-19
   6580.81982       1.12499381E-19
   6580.91016       1.92692014E-20
   6581.00000       3.05275408E-21
   6581.08984       4.74792988E-22
   6581.18018       9.97838489E-23
   6581.27002       4.70758520E-23
   6581.35986       3.65479478E-23
   6581.45020       3.15000269E-23
   6581.54004       2.75363574E-23
   6581.62988       2.40952783E-23
   6581.72021       2.10608333E-23
   6581.81006       1.84123291E-23
   6581.89990       1.60882802E-23
   6581.99023       1.40397614E-23
   6582.08008       1.22545361E-23
   6582.16992       1.06905799E-23
   6582.25977       9.32127591E-24
   6582.35010       8.11691960E-24
   6582.43994       7.06968308E-24
   6582.52979       6.15427271E-24
   6582.62012       5.35048064E-24
   6582.70996       4.65269965E-24
   6582.79980       4.04376056E-24
   6582.89014       3.50995692E-24
   6582.97998       3.04731722E-24
   6583.06982       2.64424558E-24
   6583.16016       2.29148888E-24
   6583.25000       1.98626617E-24
   6583.33984       1.72078686E-24
   6583.43018       1.48882231E-24
   6583.52002       1.28844721E-24
   6583.60986       1.11444530E-24
   6583.70020       9.62665994E-25
   6583.79004       8.31772868E-25
   6583.87988       7.18292909E-25
   6583.97021       6.19469592E-25
   6584.06006       5.34383942E-25
   6584.14990       4.60739783E-25
   6584.24023       3.96713194E-25
   6584.33008       3.41677450E-25
   6584.41992       2.94121069E-25
   6584.50977       2.53049544E-25
   6584.60010       2.17419187E-25
   6584.68994       1.86860022E-25
   6584.77979       1.60510921E-25
   6584.87012       1.37690605E-25
   6584.95996       1.18150311E-25
   6585.04980       1.01329861E-25
   6585.14014       8.67858977E-26
   6585.22998       7.43527473E-26
   6585.31982       6.36677249E-26
   6585.41016       5.44438517E-26
   6585.50000       4.65717748E-26
   6585.58984       3.98176772E-26
   6585.68018       3.39967249E-26
   6585.77002       2.90369746E-26
   6585.85986       2.47885241E-26
   6585.95020       2.11331153E-26
   6586.04004       1.80236089E-26
   6586.12988       1.53644081E-26
   6586.22021       1.30801766E-26
   6586.31006       1.11402467E-26
   6586.39990       9.48396468E-27
   6586.49023       8.06355668E-27
   6586.58008       6.85923262E-27
   6586.66992       5.83268038E-27
   6586.75977       4.95815411E-27
   6586.85010       4.20979050E-27
   6586.93994       3.57665952E-27
   6587.02979       3.03816142E-27
   6587.12012       2.57811839E-27
   6587.20996       2.18955181E-27
   6587.29980       1.85959938E-27
   6587.39014       1.57818172E-27
   6587.47998       1.34087538E-27
   6587.56982       1.13969504E-27
   6587.66016       9.68385887E-28
   6587.75000       8.24168112E-28
   6587.83984       7.02107246E-28
   6587.93018       5.98338141E-28
   6588.02002       5.11121729E-28
   6588.10986       4.37423805E-28
   6588.20020       3.74874488E-28
   6588.29004       3.22388347E-28
   6588.37988       2.78110327E-28
   6588.47021       2.40591309E-28
   6588.56006       2.09160133E-28
   6588.64990       1.82687648E-28
   6588.74023       1.60292922E-28
   6588.83008       1.41562544E-28
   6588.91992       1.25812698E-28
   6589.00977       1.12576816E-28
   6589.10010       1.01403799E-28
   6589.18994       9.20794148E-29
   6589.27979       8.42559082E-29
   6589.37012       7.76627759E-29
   6589.45996       7.21693978E-29
   6589.54980       6.75678095E-29
   6589.64014       6.36961607E-29
   6589.72998       6.04756387E-29
   6589.81982       5.77822618E-29
   6589.91016       5.55198538E-29
   6590.00000       5.36409948E-29
