   6500.08984       5.99999981E-15
   6500.18018       5.99999981E-15
   6500.27002       5.99999981E-15
   6500.35986       5.99999981E-15
   6500.45020       5.99999981E-15
   6500.54004       5.99999981E-15
   6500.62988       5.99999981E-15
   6500.72021       5.99999981E-15
   6500.81006       5.99999981E-15
   6500.89990       5.99999981E-15
   6500.99023       5.99999981E-15
   6501.08008       5.99999981E-15
   6501.16992       5.99999981E-15
   6501.25977       5.99999981E-15
   6501.35010       5.99999981E-15
   6501.43994       5.99999981E-15
   6501.52979       5.99999981E-15
   6501.62012       5.99999981E-15
   6501.70996       5.99999981E-15
   6501.79980       5.99999981E-15
   6501.89014       5.99999981E-15
   6501.97998       5.99999981E-15
   6502.06982       5.99999981E-15
   6502.16016       5.99999981E-15
   6502.25000       5.99999981E-15
   6502.33984       5.99999981E-15
   6502.43018       5.99999981E-15
   6502.52002       5.99999981E-15
   6502.60986       5.99999981E-15
   6502.70020       5.99999981E-15
   6502.79004       5.99999981E-15
   6502.87988       5.99999981E-15
   6502.97021       5.99999981E-15
   6503.06006       5.99999981E-15
   6503.14990       5.99999981E-15
   6503.24023       5.99999981E-15
   6503.33008       5.99999981E-15
   6503.41992       5.99999981E-15
   6503.50977       5.99999981E-15
   6503.60010       5.99999981E-15
   6503.68994       5.99999981E-15
   6503.77979       5.99999981E-15
   6503.87012       5.99999981E-15
   6503.95996       5.99999981E-15
   6504.04980       5.99999981E-15
   6504.14014       5.99999981E-15
   6504.22998       5.99999981E-15
   6504.31982       5.99999981E-15
   6504.41016       5.99999981E-15
   6504.50000       5.99999981E-15
   6504.58984       5.99999981E-15
   6504.68018       5.99999981E-15
   6504.77002       5.99999981E-15
   6504.85986       5.99999981E-15
   6504.95020       5.99999981E-15
   6505.04004       5.99999981E-15
   6505.12988       5.99999981E-15
   6505.22021       5.99999981E-15
   6505.31006       5.99999981E-15
   6505.39990       5.99999981E-15
   6505.49023       5.99999981E-15
   6505.58008       5.99999981E-15
   6505.66992       5.99999981E-15
   6505.75977       5.99999981E-15
   6505.85010       5.99999981E-15
   6505.93994       5.99999981E-15
   6506.02979       5.99999981E-15
   6506.12012       5.99999981E-15
   6506.20996       5.99999981E-15
   6506.29980       5.99999981E-15
   6506.39014       5.99999981E-15
   6506.47998       5.99999981E-15
   6506.56982       5.99999981E-15
   6506.66016       5.99999981E-15
   6506.75000       5.99999981E-15
   6506.83984       5.99999981E-15
   6506.93018       5.99999981E-15
   6507.02002       5.99999981E-15
   6507.10986       5.99999981E-15
   6507.20020       5.99999981E-15
   6507.29004       5.99999981E-15
   6507.37988       5.99999981E-15
   6507.47021       5.99999981E-15
   6507.56006       5.99999981E-15
   6507.64990       5.99999981E-15
   6507.74023       5.99999981E-15
   6507.83008       5.99999981E-15
   6507.91992       5.99999981E-15
   6508.00977       5.99999981E-15
   6508.10010       5.99999981E-15
   6508.18994       5.99999981E-15
   6508.27979       5.99999981E-15
   6508.37012       5.99999981E-15
   6508.45996       5.99999981E-15
   6508.54980       5.99999981E-15
   6508.64014       5.99999981E-15
   6508.72998       5.99999981E-15
   6508.81982       5.99999981E-15
   6508.91016       5.99999981E-15
   6509.00000       5.99999981E-15
   6509.08984       5.99999981E-15
   6509.18018       5.99999981E-15
   6509.27002       5.99999981E-15
   6509.35986       5.99999981E-15
   6509.45020       5.99999981E-15
   6509.54004       5.99999981E-15
   6509.62988       5.99999981E-15
   6509.72021       5.99999981E-15
   6509.81006       5.99999981E-15
   6509.89990       5.99999981E-15
   6509.99023       5.99999981E-15
   6510.08008       5.99999981E-15
   6510.16992       5.99999981E-15
   6510.25977       5.99999981E-15
   6510.35010       5.99999981E-15
   6510.43994       5.99999981E-15
   6510.52979       5.99999981E-15
   6510.62012       5.99999981E-15
   6510.70996       5.99999981E-15
   6510.79980       5.99999981E-15
   6510.89014       5.99999981E-15
   6510.97998       5.99999981E-15
   6511.06982       5.99999981E-15
   6511.16016       5.99999981E-15
   6511.25000       5.99999981E-15
   6511.33984       5.99999981E-15
   6511.43018       5.99999981E-15
   6511.52002       5.99999981E-15
   6511.60986       5.99999981E-15
   6511.70020       5.99999981E-15
   6511.79004       5.99999981E-15
   6511.87988       5.99999981E-15
   6511.97021       5.99999981E-15
   6512.06006       5.99999981E-15
   6512.14990       5.99999981E-15
   6512.24023       5.99999981E-15
   6512.33008       5.99999981E-15
   6512.41992       5.99999981E-15
   6512.50977       5.99999981E-15
   6512.60010       5.99999981E-15
   6512.68994       5.99999981E-15
   6512.77979       5.99999981E-15
   6512.87012       5.99999981E-15
   6512.95996       5.99999981E-15
   6513.04980       5.99999981E-15
   6513.14014       5.99999981E-15
   6513.22998       5.99999981E-15
   6513.31982       5.99999981E-15
   6513.41016       5.99999981E-15
   6513.50000       5.99999981E-15
   6513.58984       5.99999981E-15
   6513.68018       5.99999981E-15
   6513.77002       5.99999981E-15
   6513.85986       5.99999981E-15
   6513.95020       5.99999981E-15
   6514.04004       5.99999981E-15
   6514.12988       5.99999981E-15
   6514.22021       5.99999981E-15
   6514.31006       5.99999981E-15
   6514.39990       5.99999981E-15
   6514.49023       5.99999981E-15
   6514.58008       5.99999981E-15
   6514.66992       5.99999981E-15
   6514.75977       5.99999981E-15
   6514.85010       5.99999981E-15
   6514.93994       5.99999981E-15
   6515.02979       5.99999981E-15
   6515.12012       5.99999981E-15
   6515.20996       5.99999981E-15
   6515.29980       5.99999981E-15
   6515.39014       5.99999981E-15
   6515.47998       5.99999981E-15
   6515.56982       5.99999981E-15
   6515.66016       5.99999981E-15
   6515.75000       5.99999981E-15
   6515.83984       5.99999981E-15
   6515.93018       5.99999981E-15
   6516.02002       5.99999981E-15
   6516.10986       5.99999981E-15
   6516.20020       5.99999981E-15
   6516.29004       5.99999981E-15
   6516.37988       5.99999981E-15
   6516.47021       5.99999981E-15
   6516.56006       5.99999981E-15
   6516.64990       5.99999981E-15
   6516.74023       5.99999981E-15
   6516.83008       5.99999981E-15
   6516.91992       5.99999981E-15
   6517.00977       5.99999981E-15
   6517.10010       5.99999981E-15
   6517.18994       5.99999981E-15
   6517.27979       5.99999981E-15
   6517.37012       5.99999981E-15
   6517.45996       5.99999981E-15
   6517.54980       5.99999981E-15
   6517.64014       5.99999981E-15
   6517.72998       5.99999981E-15
   6517.81982       5.99999981E-15
   6517.91016       5.99999981E-15
   6518.00000       5.99999981E-15
   6518.08984       5.99999981E-15
   6518.18018       5.99999981E-15
   6518.27002       5.99999981E-15
   6518.35986       5.99999981E-15
   6518.45020       5.99999981E-15
   6518.54004       5.99999981E-15
   6518.62988       5.99999981E-15
   6518.72021       5.99999981E-15
   6518.81006       5.99999981E-15
   6518.89990       5.99999981E-15
   6518.99023       5.99999981E-15
   6519.08008       5.99999981E-15
   6519.16992       5.99999981E-15
   6519.25977       5.99999981E-15
   6519.35010       5.99999981E-15
   6519.43994       5.99999981E-15
   6519.52979       5.99999981E-15
   6519.62012       5.99999981E-15
   6519.70996       5.99999981E-15
   6519.79980       5.99999981E-15
   6519.89014       5.99999981E-15
   6519.97998       5.99999981E-15
   6520.06982       5.99999981E-15
   6520.16016       5.99999981E-15
   6520.25000       5.99999981E-15
   6520.33984       5.99999981E-15
   6520.43018       5.99999981E-15
   6520.52002       5.99999981E-15
   6520.60986       5.99999981E-15
   6520.70020       5.99999981E-15
   6520.79004       5.99999981E-15
   6520.87988       5.99999981E-15
   6520.97021       5.99999981E-15
   6521.06006       5.99999981E-15
   6521.14990       5.99999981E-15
   6521.24023       5.99999981E-15
   6521.33008       5.99999981E-15
   6521.41992       5.99999981E-15
   6521.50977       5.99999981E-15
   6521.60010       5.99999981E-15
   6521.68994       5.99999981E-15
   6521.77979       5.99999981E-15
   6521.87012       5.99999981E-15
   6521.95996       5.99999981E-15
   6522.04980       5.99999981E-15
   6522.14014       5.99999981E-15
   6522.22998       5.99999981E-15
   6522.31982       5.99999981E-15
   6522.41016       5.99999981E-15
   6522.50000       5.99999981E-15
   6522.58984       5.99999981E-15
   6522.68018       5.99999981E-15
   6522.77002       5.99999981E-15
   6522.85986       5.99999981E-15
   6522.95020       5.99999981E-15
   6523.04004       5.99999981E-15
   6523.12988       5.99999981E-15
   6523.22021       5.99999981E-15
   6523.31006       5.99999981E-15
   6523.39990       5.99999981E-15
   6523.49023       5.99999981E-15
   6523.58008       5.99999981E-15
   6523.66992       5.99999981E-15
   6523.75977       5.99999981E-15
   6523.85010       5.99999981E-15
   6523.93994       5.99999981E-15
   6524.02979       5.99999981E-15
   6524.12012       5.99999981E-15
   6524.20996       5.99999981E-15
   6524.29980       5.99999981E-15
   6524.39014       5.99999981E-15
   6524.47998       5.99999981E-15
   6524.56982       5.99999981E-15
   6524.66016       5.99999981E-15
   6524.75000       5.99999981E-15
   6524.83984       5.99999981E-15
   6524.93018       5.99999981E-15
   6525.02002       5.99999981E-15
   6525.10986       5.99999981E-15
   6525.20020       5.99999981E-15
   6525.29004       5.99999981E-15
   6525.37988       5.99999981E-15
   6525.47021       5.99999981E-15
   6525.56006       5.99999981E-15
   6525.64990       5.99999981E-15
   6525.74023       5.99999981E-15
   6525.83008       5.99999981E-15
   6525.91992       6.00000023E-15
   6526.00977       6.00000066E-15
   6526.10010       6.00000320E-15
   6526.18994       6.00000997E-15
   6526.27979       6.00003157E-15
   6526.37012       6.00009425E-15
   6526.45996       6.00026705E-15
   6526.54980       6.00072275E-15
   6526.64014       6.00188022E-15
   6526.72998       6.00465171E-15
   6526.81982       6.01100446E-15
   6526.91016       6.02499914E-15
   6527.00000       6.05405279E-15
   6527.08984       6.11174675E-15
   6527.18018       6.22168316E-15
   6527.27002       6.41888386E-15
   6527.35986       6.75679622E-15
   6527.45020       7.31107086E-15
   6527.54004       8.16498426E-15
   6527.62988       9.41828216E-15
   6527.72021       1.11713591E-14
   6527.81006       1.34627891E-14
   6527.89990       1.62972714E-14
   6527.99023       1.96040643E-14
   6528.08008       2.31566661E-14
   6528.16992       2.66881532E-14
   6528.25977       2.98525683E-14
   6528.35010       3.23057079E-14
   6528.43994       3.37208560E-14
   6528.52979       3.39310828E-14
   6528.62012       3.29000031E-14
   6528.70996       3.07728967E-14
   6528.79980       2.78135228E-14
   6528.89014       2.43459410E-14
   6528.97998       2.07649585E-14
   6529.06982       1.73618512E-14
   6529.16016       1.43447435E-14
   6529.25000       1.18691220E-14
   6529.33984       9.94691458E-15
   6529.43018       8.53146153E-15
   6529.52002       7.55596418E-15
   6529.60986       6.91443371E-15
   6529.70020       6.51217268E-15
   6529.79004       6.27511484E-15
   6529.87988       6.14129846E-15
   6529.97021       6.06911304E-15
   6530.06006       6.03244498E-15
   6530.14990       6.01456412E-15
   6530.24023       6.00622296E-15
   6530.33008       6.00255531E-15
   6530.41992       6.00100481E-15
   6530.50977       6.00037970E-15
   6530.60010       6.00013830E-15
   6530.68994       6.00005106E-15
   6530.77979       6.00002056E-15
   6530.87012       6.00001040E-15
   6530.95996       6.00000786E-15
   6531.04980       6.00000743E-15
   6531.14014       6.00000743E-15
   6531.22998       6.00000786E-15
   6531.31982       6.00000870E-15
   6531.41016       6.00000913E-15
   6531.50000       6.00000997E-15
   6531.58984       6.00001082E-15
   6531.68018       6.00001167E-15
   6531.77002       6.00001252E-15
   6531.85986       6.00001336E-15
   6531.95020       6.00001421E-15
   6532.04004       6.00001548E-15
   6532.12988       6.00001675E-15
   6532.22021       6.00001802E-15
   6532.31006       6.00001929E-15
   6532.39990       6.00002056E-15
   6532.49023       6.00002226E-15
   6532.58008       6.00002353E-15
   6532.66992       6.00002564E-15
   6532.75977       6.00002734E-15
   6532.85010       6.00002946E-15
   6532.93994       6.00003157E-15
   6533.02979       6.00003369E-15
   6533.12012       6.00003623E-15
   6533.20996       6.00003877E-15
   6533.29980       6.00004174E-15
   6533.39014       6.00004470E-15
   6533.47998       6.00004767E-15
   6533.56982       6.00005106E-15
   6533.66016       6.00005487E-15
   6533.75000       6.00005868E-15
   6533.83984       6.00006291E-15
   6533.93018       6.00006715E-15
   6534.02002       6.00007181E-15
   6534.10986       6.00007689E-15
   6534.20020       6.00008240E-15
   6534.29004       6.00008790E-15
   6534.37988       6.00009425E-15
   6534.47021       6.00010103E-15
   6534.56006       6.00010781E-15
   6534.64990       6.00011543E-15
   6534.74023       6.00012348E-15
   6534.83008       6.00013195E-15
   6534.91992       6.00014126E-15
   6535.00977       6.00015101E-15
   6535.10010       6.00016159E-15
   6535.18994       6.00017260E-15
   6535.27979       6.00018446E-15
   6535.37012       6.00019759E-15
   6535.45996       6.00021114E-15
   6535.54980       6.00022597E-15
   6535.64014       6.00024206E-15
   6535.72998       6.00025900E-15
   6535.81982       6.00027721E-15
   6535.91016       6.00029712E-15
   6536.00000       6.00031829E-15
   6536.08984       6.00034116E-15
   6536.18018       6.00036573E-15
   6536.27002       6.00039199E-15
   6536.35986       6.00042079E-15
   6536.45020       6.00045170E-15
   6536.54004       6.00048516E-15
   6536.62988       6.00052158E-15
   6536.72021       6.00056097E-15
   6536.81006       6.00060374E-15
   6536.89990       6.00065033E-15
   6536.99023       6.00070115E-15
   6537.08008       6.00075621E-15
   6537.16992       6.00081635E-15
   6537.25977       6.00088199E-15
   6537.35010       6.00095442E-15
   6537.43994       6.00103319E-15
   6537.52979       6.00111916E-15
   6537.62012       6.00121446E-15
   6537.70996       6.00131864E-15
   6537.79980       6.00143299E-15
   6537.89014       6.00156004E-15
   6537.97998       6.00169896E-15
   6538.06982       6.00185185E-15
   6538.16016       6.00202168E-15
   6538.25000       6.00220845E-15
   6538.33984       6.00241470E-15
   6538.43018       6.00264425E-15
   6538.52002       6.00289624E-15
   6538.60986       6.00317534E-15
   6538.70020       6.00348620E-15
   6538.79004       6.00382840E-15
   6538.87988       6.00420745E-15
   6538.97021       6.00462927E-15
   6539.06006       6.00509429E-15
   6539.14990       6.00560929E-15
   6539.24023       6.00618230E-15
   6539.33008       6.00681377E-15
   6539.41992       6.00751257E-15
   6539.50977       6.00828591E-15
   6539.60010       6.00914565E-15
   6539.68994       6.01009178E-15
   6539.77979       6.01113745E-15
   6539.87012       6.01229873E-15
   6539.95996       6.01357436E-15
   6540.04980       6.01498171E-15
   6540.14014       6.01654279E-15
   6540.22998       6.01825379E-15
   6540.31982       6.02013802E-15
   6540.41016       6.02222341E-15
   6540.50000       6.02450405E-15
   6540.58984       6.02701000E-15
   6540.68018       6.02977683E-15
   6540.77002       6.03279523E-15
   6540.85986       6.03610332E-15
   6540.95020       6.03974598E-15
   6541.04004       6.04370967E-15
   6541.12988       6.04804182E-15
   6541.22021       6.05279791E-15
   6541.31006       6.05795889E-15
   6541.39990       6.06358276E-15
   6541.49023       6.06973900E-15
   6541.58008       6.07639837E-15
   6541.66992       6.08363246E-15
   6541.75977       6.09148191E-15
   6541.85010       6.10003906E-15
   6541.93994       6.10925605E-15
   6542.02979       6.11922520E-15
   6542.12012       6.13005664E-15
   6542.20996       6.14168471E-15
   6542.29980       6.15421952E-15
   6542.39014       6.16779195E-15
   6542.47998       6.18231306E-15
   6542.56982       6.19791160E-15
   6542.66016       6.21474299E-15
   6542.75000       6.23268738E-15
   6542.83984       6.25189513E-15
   6542.93018       6.27254664E-15
   6543.02002       6.29448394E-15
   6543.10986       6.31788111E-15
   6543.20020       6.34294482E-15
   6543.29004       6.36947092E-15
   6543.37988       6.39765806E-15
   6543.47021       6.42773917E-15
   6543.56006       6.45945632E-15
   6543.64990       6.49303185E-15
   6543.74023       6.52872752E-15
   6543.83008       6.56621931E-15
   6543.91992       6.60575458E-15
   6544.00977       6.64739090E-15
   6544.10010       6.69142518E-15
   6544.18994       6.73743305E-15
   6544.27979       6.78569360E-15
   6544.37012       6.83652870E-15
   6544.45996       6.88942760E-15
   6544.54980       6.94469015E-15
   6544.64014       7.00266320E-15
   6544.72998       7.06273901E-15
   6544.81982       7.12523776E-15
   6544.91016       7.19052537E-15
   6545.00000       7.25789329E-15
   6545.08984       7.32767864E-15
   6545.18018       7.40026089E-15
   6545.27002       7.47482859E-15
   6545.35986       7.55172986E-15
   6545.45020       7.63135520E-15
   6545.54004       7.71278810E-15
   6545.62988       7.79638517E-15
   6545.72021       7.88254197E-15
   6545.81006       7.97023953E-15
   6545.89990       8.05984037E-15
   6545.99023       8.15173666E-15
   6546.08008       8.24481542E-15
   6546.16992       8.33944086E-15
   6546.25977       8.43547237E-15
   6546.35010       8.53329113E-15
   6546.43994       8.63168078E-15
   6546.52979       8.73099624E-15
   6546.62012       8.83160597E-15
   6546.70996       8.93223348E-15
   6546.79980       9.03322606E-15
   6546.89014       9.13493016E-15
   6546.97998       9.23603709E-15
   6547.06982       9.33687975E-15
   6547.16016       9.43778171E-15
   6547.25000       9.53742497E-15
   6547.33984       9.63612887E-15
   6547.43018       9.73418733E-15
   6547.52002       9.83030778E-15
   6547.60986       9.92478753E-15
   6547.70020       1.00178925E-14
   6547.79004       1.01083845E-14
   6547.87988       1.01965403E-14
   6547.97021       1.02825937E-14
   6548.06006       1.03653946E-14
   6548.14990       1.04451978E-14
   6548.24023       1.05222041E-14
   6548.33008       1.05953810E-14
   6548.41992       1.06649630E-14
   6548.50977       1.07307682E-14
   6548.60010       1.07929548E-14
   6548.68994       1.08506920E-14
   6548.77979       1.09041812E-14
   6548.87012       1.09535472E-14
   6548.95996       1.09981401E-14
   6549.04980       1.10381378E-14
   6549.14014       1.10736319E-14
   6549.22998       1.11041716E-14
   6549.31982       1.11299062E-14
   6549.41016       1.11509025E-14
   6549.50000       1.11669131E-14
   6549.58984       1.11780651E-14
   6549.68018       1.11843924E-14
   6549.77002       1.11858620E-14
   6549.85986       1.11825713E-14
   6549.95020       1.11745313E-14
   6550.04004       1.11619113E-14
   6550.12988       1.11447818E-14
   6550.22021       1.11231299E-14
   6550.31006       1.10973191E-14
   6550.39990       1.10673901E-14
   6550.49023       1.10333038E-14
   6550.58008       1.09956049E-14
   6550.66992       1.09542993E-14
   6550.75977       1.09095819E-14
   6550.85010       1.08613883E-14
   6550.93994       1.08104528E-14
   6551.02979       1.07567433E-14
   6551.12012       1.07001776E-14
   6551.20996       1.06415993E-14
   6551.29980       1.05809492E-14
   6551.39014       1.05181231E-14
   6551.47998       1.04540468E-14
   6551.56982       1.03886296E-14
   6551.66016       1.03217538E-14
   6551.75000       1.02543875E-14
   6551.83984       1.01864148E-14
   6551.93018       1.01177052E-14
   6552.02002       1.00492378E-14
   6552.10986       9.98087382E-15
   6552.20020       9.91246913E-15
   6552.29004       9.84498432E-15
   6552.37988       9.77826185E-15
   6552.47021       9.71215262E-15
   6552.56006       9.64756636E-15
   6552.64990       9.58433111E-15
   6552.74023       9.52229357E-15
   6552.83008       9.46229315E-15
   6552.91992       9.40414772E-15
   6553.00977       9.34800468E-15
   6553.10010       9.29371326E-15
   6553.18994       9.24198580E-15
   6553.27979       9.19263767E-15
   6553.37012       9.14552485E-15
   6553.45996       9.10125043E-15
   6553.54980       9.05963401E-15
   6553.64014       9.02054175E-15
   6553.72998       8.98445899E-15
   6553.81982       8.95121549E-15
   6553.91016       8.92069604E-15
   6554.00000       8.89325895E-15
   6554.08984       8.86875344E-15
   6554.18018       8.84708295E-15
   6554.27002       8.82848380E-15
   6554.35986       8.81282724E-15
   6554.45020       8.80003874E-15
   6554.54004       8.79023688E-15
   6554.62988       8.78331831E-15
   6554.72021       8.77923477E-15
   6554.81006       8.77799132E-15
   6554.89990       8.77951513E-15
   6554.99023       8.78378672E-15
   6555.08008       8.79070613E-15
   6555.16992       8.80023017E-15
   6555.25977       8.81230039E-15
   6555.35010       8.82693543E-15
   6555.43994       8.84391081E-15
   6555.52979       8.86322994E-15
   6555.62012       8.88494532E-15
   6555.70996       8.90874864E-15
   6555.79980       8.93467632E-15
   6555.89014       8.96281222E-15
   6555.97998       8.99277601E-15
   6556.06982       9.02463884E-15
   6556.16016       9.05851254E-15
   6556.25000       9.09395494E-15
   6556.33984       9.13106938E-15
   6556.43018       9.16999478E-15
   6556.52002       9.21023816E-15
   6556.60986       9.25193167E-15
   6556.70020       9.29524131E-15
   6556.79004       9.33962753E-15
   6556.87988       9.38525380E-15
   6556.97021       9.43230648E-15
   6557.06006       9.48021128E-15
   6557.14990       9.52915454E-15
   6557.24023       9.57934717E-15
   6557.33008       9.63018355E-15
   6557.41992       9.68187119E-15
   6557.50977       9.73435166E-15
   6557.60010       9.78786042E-15
   6557.68994       9.84176136E-15
   6557.77979       9.89628742E-15
   6557.87012       9.95168676E-15
   6557.95996       1.00073097E-14
   6558.04980       1.00634019E-14
   6558.14014       1.01202260E-14
   6558.22998       1.01771178E-14
   6558.31982       1.02343366E-14
   6558.41016       1.02921542E-14
   6558.50000       1.03498981E-14
   6558.58984       1.04078394E-14
   6558.68018       1.04662508E-14
   6558.77002       1.05244614E-14
   6558.85986       1.05827466E-14
   6558.95020       1.06413850E-14
   6559.04004       1.06997083E-14
   6559.12988       1.07580037E-14
   6559.22021       1.08165819E-14
   6559.31006       1.08748646E-14
   6559.39990       1.09333886E-14
   6559.49023       1.09931502E-14
   6559.58008       1.10553029E-14
   6559.66992       1.11246393E-14
   6559.75977       1.12116754E-14
   6559.85010       1.13406632E-14
   6559.93994       1.15597204E-14
   6560.02979       1.19676176E-14
   6560.12012       1.27546255E-14
   6560.20996       1.42407685E-14
   6560.29980       1.69733070E-14
   6560.39014       2.18322590E-14
   6560.47998       2.99944395E-14
   6560.56982       4.31090981E-14
   6560.66016       6.32734899E-14
   6560.75000       9.23650533E-14
   6560.83984       1.32285662E-13
   6560.93018       1.84344076E-13
   6561.02002       2.47537911E-13
   6561.10986       3.19732115E-13
   6561.20020       3.96804199E-13
   6561.29004       4.71443034E-13
   6561.37988       5.36489798E-13
   6561.47021       5.84685566E-13
   6561.56006       6.09531956E-13
   6561.64990       6.08122060E-13
   6561.74023       5.80431807E-13
   6561.83008       5.30346004E-13
   6561.91992       4.63969575E-13
   6562.00977       3.88843119E-13
   6562.10010       3.12060436E-13
   6562.18994       2.40750453E-13
   6562.27979       1.78803749E-13
   6562.37012       1.28134401E-13
   6562.45996       8.95453281E-14
   6562.54980       6.16165918E-14
   6562.64014       4.23969399E-14
   6562.72998       2.99959337E-14
   6562.81982       2.23510870E-14
   6562.91016       1.78575840E-14
   6563.00000       1.53783456E-14
   6563.08984       1.40725241E-14
   6563.18018       1.34210693E-14
   6563.27002       1.31212874E-14
   6563.35986       1.29954285E-14
   6563.45020       1.29519469E-14
   6563.54004       1.29454790E-14
   6563.62988       1.29540933E-14
   6563.72021       1.29682218E-14
   6563.81006       1.29835921E-14
   6563.89990       1.29986193E-14
   6563.99023       1.30127334E-14
   6564.08008       1.30255439E-14
   6564.16992       1.30370449E-14
   6564.25977       1.30472009E-14
   6564.35010       1.30560456E-14
   6564.43994       1.30634724E-14
   6564.52979       1.30695286E-14
   6564.62012       1.30742331E-14
   6564.70996       1.30775323E-14
   6564.79980       1.30794508E-14
   6564.89014       1.30799903E-14
   6564.97998       1.30791433E-14
   6565.06982       1.30769165E-14
   6565.16016       1.30732869E-14
   6565.25000       1.30682971E-14
   6565.33984       1.30619341E-14
   6565.43018       1.30541567E-14
   6565.52002       1.30450511E-14
   6565.60986       1.30345868E-14
   6565.70020       1.30227013E-14
   6565.79004       1.30095282E-14
   6565.87988       1.29950160E-14
   6565.97021       1.29790842E-14
   6566.06006       1.29619131E-14
   6566.14990       1.29434308E-14
   6566.24023       1.29235374E-14
   6566.33008       1.29024573E-14
   6566.41992       1.28800999E-14
   6566.50977       1.28564795E-14
   6566.60010       1.28314692E-14
   6566.68994       1.28053526E-14
   6566.77979       1.27780163E-14
   6566.87012       1.27493146E-14
   6566.95996       1.27195753E-14
   6567.04980       1.26886628E-14
   6567.14014       1.26564171E-14
   6567.22998       1.26232058E-14
   6567.31982       1.25888747E-14
   6567.41016       1.25532485E-14
   6567.50000       1.25167321E-14
   6567.58984       1.24791560E-14
   6567.68018       1.24403280E-14
   6567.77002       1.24006886E-14
   6567.85986       1.23600538E-14
   6567.95020       1.23182172E-14
   6568.04004       1.22756521E-14
   6568.12988       1.22321586E-14
   6568.22021       1.21875166E-14
   6568.31006       1.21422325E-14
   6568.39990       1.20960904E-14
   6568.49023       1.20488590E-14
   6568.58008       1.20010720E-14
   6568.66992       1.19525022E-14
   6568.75977       1.19031744E-14
   6568.85010       1.18528404E-14
   6568.93994       1.18020709E-14
   6569.02979       1.17506187E-14
   6569.12012       1.16982280E-14
   6569.20996       1.16454901E-14
   6569.29980       1.15921490E-14
   6569.39014       1.15379389E-14
   6569.47998       1.14834705E-14
   6569.56982       1.14284794E-14
   6569.66016       1.13726896E-14
   6569.75000       1.13167312E-14
   6569.83984       1.12603289E-14
   6569.93018       1.12032008E-14
   6570.02002       1.11459914E-14
   6570.10986       1.10884185E-14
   6570.20020       1.10301935E-14
   6570.29004       1.09719718E-14
   6570.37988       1.09134664E-14
   6570.47021       1.08543825E-14
   6570.56006       1.07953858E-14
   6570.64990       1.07361824E-14
   6570.74023       1.06764742E-14
   6570.83008       1.06169346E-14
   6570.91992       1.05572628E-14
   6571.00977       1.04974860E-14
   6571.10010       1.04373026E-14
   6571.18994       1.03773869E-14
   6571.27979       1.03174390E-14
   6571.37012       1.02571573E-14
   6571.45996       1.01972145E-14
   6571.54980       1.01373089E-14
   6571.64014       1.00771391E-14
   6571.72998       1.00173767E-14
   6571.81982       9.95771848E-15
   6571.91016       9.89786290E-15
   6572.00000       9.83847911E-15
   6572.08984       9.77926304E-15
   6572.18018       9.71991483E-15
   6572.27002       9.66109601E-15
   6572.35986       9.60250420E-15
   6572.45020       9.54384378E-15
   6572.54004       9.48576612E-15
   6572.62988       9.42797137E-15
   6572.72021       9.37016730E-15
   6572.81006       9.31299342E-15
   6572.89990       9.25615582E-15
   6572.99023       9.19936311E-15
   6573.08008       9.14324548E-15
   6573.16992       9.08750987E-15
   6573.25977       9.03217151E-15
   6573.35010       8.97694750E-15
   6573.43994       8.92244771E-15
   6573.52979       8.86838752E-15
   6573.62012       8.81448743E-15
   6573.70996       8.76134374E-15
   6573.79980       8.70867523E-15
   6573.89014       8.65621170E-15
   6573.97998       8.60452998E-15
   6574.06982       8.55335564E-15
   6574.16016       8.50242609E-15
   6574.25000       8.45229953E-15
   6574.33984       8.40270829E-15
   6574.43018       8.35339657E-15
   6574.52002       8.30490394E-15
   6574.60986       8.25697119E-15
   6574.70020       8.20934846E-15
   6574.79004       8.16255666E-15
   6574.87988       8.11634424E-15
   6574.97021       8.07046809E-15
   6575.06006       8.02543050E-15
   6575.14990       7.98098668E-15
   6575.24023       7.93690454E-15
   6575.33008       7.89366267E-15
   6575.41992       7.85102557E-15
   6575.50977       7.80899495E-15
   6575.60010       7.76735142E-15
   6575.68994       7.72654645E-15
   6575.77979       7.68635474E-15
   6575.87012       7.64656367E-15
   6575.95996       7.60760524E-15
   6576.04980       7.56926260E-15
   6576.14014       7.53133246E-15
   6576.22998       7.49422395E-15
   6576.31982       7.45773208E-15
   6576.41016       7.42165949E-15
   6576.50000       7.38639666E-15
   6576.58984       7.35174454E-15
   6576.68018       7.31751933E-15
   6576.77002       7.28408693E-15
   6576.85986       7.25125933E-15
   6576.95020       7.21885947E-15
   6577.04004       7.18723465E-15
   6577.12988       7.15620529E-15
   6577.22021       7.12560368E-15
   6577.31006       7.09575594E-15
   6577.39990       7.06649264E-15
   6577.49023       7.03765371E-15
   6577.58008       7.00954704E-15
   6577.66992       6.98201042E-15
   6577.75977       6.95503835E-15
   6577.85010       6.92848429E-15
   6577.93994       6.90262946E-15
   6578.02979       6.87732350E-15
   6578.12012       6.85242793E-15
   6578.20996       6.82820576E-15
   6578.29980       6.80451467E-15
   6578.39014       6.78122465E-15
   6578.47998       6.75858092E-15
   6578.56982       6.73645049E-15
   6578.66016       6.71470969E-15
   6578.75000       6.69358723E-15
   6578.83984       6.67295817E-15
   6578.93018       6.65270731E-15
   6579.02002       6.63304682E-15
   6579.10986       6.61385856E-15
   6579.20020       6.59503537E-15
   6579.29004       6.57677334E-15
   6579.37988       6.55896320E-15
   6579.47021       6.54150416E-15
   6579.56006       6.52457790E-15
   6579.64990       6.50808194E-15
   6579.74023       6.49192224E-15
   6579.83008       6.47626695E-15
   6579.91992       6.46101994E-15
   6580.00977       6.44617357E-15
   6580.10010       6.43164399E-15
   6580.18994       6.41758070E-15
   6580.27979       6.40389688E-15
   6580.37012       6.39051376E-15
   6580.45996       6.37756940E-15
   6580.54980       6.36498250E-15
   6580.64014       6.35268104E-15
   6580.72998       6.34079081E-15
   6580.81982       6.32923728E-15
   6580.91016       6.31795353E-15
   6581.00000       6.30705391E-15
   6581.08984       6.29647024E-15
   6581.18018       6.28614067E-15
   6581.27002       6.27616982E-15
   6581.35986       6.26649459E-15
   6581.45020       6.25705822E-15
   6581.54004       6.24795558E-15
   6581.62988       6.23912865E-15
   6581.72021       6.23052491E-15
   6581.81006       6.22223161E-15
   6581.89990       6.21419496E-15
   6581.99023       6.20636711E-15
   6582.08008       6.19882639E-15
   6582.16992       6.19152370E-15
   6582.25977       6.18445352E-15
   6582.35010       6.17757264E-15
   6582.43994       6.17095054E-15
   6582.52979       6.16454358E-15
   6582.62012       6.15831239E-15
   6582.70996       6.15231920E-15
   6582.79980       6.14652423E-15
   6582.89014       6.14089273E-15
   6582.97998       6.13547934E-15
   6583.06982       6.13024891E-15
   6583.16016       6.12516883E-15
   6583.25000       6.12028950E-15
   6583.33984       6.11557746E-15
   6583.43018       6.11100432E-15
   6583.52002       6.10661458E-15
   6583.60986       6.10237856E-15
   6583.70020       6.09826961E-15
   6583.79004       6.09432836E-15
   6583.87988       6.09052730E-15
   6583.97021       6.08684271E-15
   6584.06006       6.08331058E-15
   6584.14990       6.07990678E-15
   6584.24023       6.07660970E-15
   6584.33008       6.07345070E-15
   6584.41992       6.07040858E-15
   6584.50977       6.06747911E-15
   6584.60010       6.06464367E-15
   6584.68994       6.06192978E-15
   6584.77979       6.05931837E-15
   6584.87012       6.05679252E-15
   6584.95996       6.05437636E-15
   6585.04980       6.05205295E-15
   6585.14014       6.04980746E-15
   6585.22998       6.04766024E-15
   6585.31982       6.04559729E-15
   6585.41016       6.04360422E-15
   6585.50000       6.04170051E-15
   6585.58984       6.03987177E-15
   6585.68018       6.03810655E-15
   6585.77002       6.03642138E-15
   6585.85986       6.03480397E-15
   6585.95020       6.03324331E-15
   6586.04004       6.03175465E-15
   6586.12988       6.03032655E-15
   6586.22021       6.02895013E-15
   6586.31006       6.02763722E-15
   6586.39990       6.02637896E-15
   6586.49023       6.02516643E-15
   6586.58008       6.02401150E-15
   6586.66992       6.02290485E-15
   6586.75977       6.02184479E-15
   6586.85010       6.02082454E-15
   6586.93994       6.01985299E-15
   6587.02979       6.01892337E-15
   6587.12012       6.01802891E-15
   6587.20996       6.01717764E-15
   6587.29980       6.01636364E-15
   6587.39014       6.01558098E-15
   6587.47998       6.01483686E-15
   6587.56982       6.01412535E-15
   6587.66016       6.01344180E-15
   6587.75000       6.01279213E-15
   6587.83984       6.01217167E-15
   6587.93018       6.01157579E-15
   6588.02002       6.01100997E-15
   6588.10986       6.01046998E-15
   6588.20020       6.00995160E-15
   6588.29004       6.00945947E-15
   6588.37988       6.00899022E-15
   6588.47021       6.00854002E-15
   6588.56006       6.00811312E-15
   6588.64990       6.00770612E-15
   6588.74023       6.00731563E-15
   6588.83008       6.00694590E-15
   6588.91992       6.00659354E-15
   6589.00977       6.00625769E-15
   6589.10010       6.00593624E-15
   6589.18994       6.00563173E-15
   6589.27979       6.00534205E-15
   6589.37012       6.00506464E-15
   6589.45996       6.00480206E-15
   6589.54980       6.00455219E-15
   6589.64014       6.00431290E-15
   6589.72998       6.00408717E-15
   6589.81982       6.00387202E-15
   6589.91016       6.00366662E-15
   6590.00000       6.00347265E-15
