6498.09242854066  6.070156E-14
6498.17779147175  5.830321E-14
6498.26313484962  6.614202E-14
6498.34845865626  6.748538E-14
6498.43376287379  6.978662E-14
6498.51904748441  5.404947E-14
6498.60431247043  6.256018E-14
6498.68955781426  6.633852E-14
6498.7747834984  5.754827E-14
6498.85998950546  6.830884E-14
6498.94517581815  6.328982E-14
6499.03034241925  5.389306E-14
6499.11548929169  6.214490E-14
6499.20061641844  6.367675E-14
6499.28572378262  6.842261E-14
6499.37081136739  6.541732E-14
6499.45587915607  5.811692E-14
6499.54092713204  6.226707E-14
6499.62595527876  7.103911E-14
6499.71096357983  5.505872E-14
6499.7959520189  7.306680E-14
6499.88092057976  6.023766E-14
6499.96586924625  6.422338E-14
6500.05079800233  5.838718E-14
6500.13570683206  7.103728E-14
6500.22059571957  6.663667E-14
6500.3054646491  6.015152E-14
6500.39031360498  5.541789E-14
6500.47514257163  6.748490E-14
6500.55995153356  7.449354E-14
6500.64474047538  6.191467E-14
6500.72950938179  5.679340E-14
6500.81425823757  5.787455E-14
6500.8989870276  6.113958E-14
6500.98369573686  6.457846E-14
6501.0683843504  5.287217E-14
6501.15305285337  6.163487E-14
6501.23770123102  6.310609E-14
6501.32232946866  5.857933E-14
6501.40693755173  6.771454E-14
6501.49152546572  6.020234E-14
6501.57609319624  6.308919E-14
6501.66064072895  6.316729E-14
6501.74516804964  6.411222E-14
6501.82967514416  5.381760E-14
6501.91416199846  6.461113E-14
6501.99862859857  5.830311E-14
6502.0830749306  5.846508E-14
6502.16750098077  6.383337E-14
6502.25190673536  6.468567E-14
6502.33629218075  5.969705E-14
6502.42065730339  6.492891E-14
6502.50500208984  6.686254E-14
6502.58932652672  6.086331E-14
6502.67363060075  5.545277E-14
6502.75791429873  6.580358E-14
6502.84217760754  6.698282E-14
6502.92642051414  5.964755E-14
6503.01064300558  6.425342E-14
6503.094845069  6.505145E-14
6503.1790266916  5.779295E-14
6503.26318786068  5.708936E-14
6503.34732856363  6.067919E-14
6503.4314487879  5.816491E-14
6503.51554852101  6.320754E-14
6503.59962775062  5.571100E-14
6503.68368646439  6.483908E-14
6503.76772465014  6.011791E-14
6503.8517422957  6.281964E-14
6503.93573938903  6.124845E-14
6504.01971591814  6.412644E-14
6504.10367187113  6.308825E-14
6504.18760723619  6.464897E-14
6504.27152200156  5.951392E-14
6504.35541615559  5.607914E-14
6504.43928968668  5.807441E-14
6504.52314258333  6.237652E-14
6504.6069748341  6.513199E-14
6504.69078642764  5.516777E-14
6504.77457735267  6.004339E-14
6504.85834759798  5.791237E-14
6504.94209715245  6.622676E-14
6505.02582600503  6.740252E-14
6505.10953414474  5.852598E-14
6505.19322156069  5.696288E-14
6505.27688824204  6.840016E-14
6505.36053417805  6.065404E-14
6505.44415935804  5.743304E-14
6505.52776377141  6.895640E-14
6505.61134740763  5.865444E-14
6505.69491025624  6.496733E-14
6505.77845230687  6.059258E-14
6505.8619735492  6.756555E-14
6505.945473973  5.877217E-14
6506.0289535681  6.131371E-14
6506.11241232441  6.614623E-14
6506.19585023191  6.322248E-14
6506.27926728066  6.883003E-14
6506.36266346078  6.376913E-14
6506.44603876245  6.518582E-14
6506.52939317594  5.986737E-14
6506.61272669159  6.154302E-14
6506.6960392998  6.218982E-14
6506.77933099105  7.047465E-14
6506.86260175588  6.558390E-14
6506.94585158489  6.675809E-14
6507.02908046878  6.103911E-14
6507.1122883983  5.848714E-14
6507.19547536425  7.036234E-14
6507.27864135754  5.924764E-14
6507.36178636911  6.401849E-14
6507.44491038998  7.079781E-14
6507.52801341126  6.211408E-14
6507.61109542408  5.748693E-14
6507.69415641969  6.340098E-14
6507.77719638936  6.189857E-14
6507.86021532445  6.140059E-14
6507.94321321639  5.924802E-14
6508.02619005666  5.729680E-14
6508.10914583682  6.333814E-14
6508.19208054849  6.666901E-14
6508.27499418334  5.917350E-14
6508.35788673313  6.340226E-14
6508.44075818966  6.146812E-14
6508.52360854482  5.685032E-14
6508.60643779054  6.376265E-14
6508.68924591883  6.091454E-14
6508.77203292176  6.221212E-14
6508.85479879145  6.154365E-14
6508.9375435201  6.174973E-14
6509.02026709996  6.450689E-14
6509.10296952335  5.888690E-14
6509.18565078265  6.188000E-14
6509.2683108703  5.780158E-14
6509.35094977881  5.498527E-14
6509.43356750073  5.932225E-14
6509.51616402869  6.552292E-14
6509.59873935538  6.128928E-14
6509.68129347355  5.788124E-14
6509.76382637599  6.403516E-14
6509.84633805557  6.231020E-14
6509.92882850523  6.070614E-14
6510.01129771794  6.290045E-14
6510.09374568675  6.067715E-14
6510.17617240477  6.078850E-14
6510.25857786515  6.150556E-14
6510.34096206111  5.785413E-14
6510.42332498593  6.094634E-14
6510.50566663295  5.848514E-14
6510.58798699557  5.991200E-14
6510.67028606723  6.515274E-14
6510.75256384144  6.249096E-14
6510.83482031176  6.275159E-14
6510.91705547183  5.965288E-14
6510.99926931532  6.313603E-14
6511.08146183595  6.199057E-14
6511.16363302752  6.303927E-14
6511.24578288388  6.477586E-14
6511.32791139894  5.065662E-14
6511.41001856663  5.757442E-14
6511.49210438099  5.749715E-14
6511.57416883607  6.352870E-14
6511.65621192599  5.925910E-14
6511.73823364493  6.033462E-14
6511.82023398712  5.323514E-14
6511.90221294684  5.317051E-14
6511.98417051842  5.809164E-14
6512.06610669626  6.050139E-14
6512.14802147481  5.886732E-14
6512.22991484854  5.517232E-14
6512.31178681201  6.223146E-14
6512.39363735983  6.045556E-14
6512.47546648664  6.069505E-14
6512.55727418715  6.058750E-14
6512.63906045611  6.375563E-14
6512.72082528833  6.006242E-14
6512.80256867867  6.184030E-14
6512.88429062203  6.327015E-14
6512.96599111338  5.799509E-14
6513.04767014773  6.103909E-14
6513.12932772013  6.007141E-14
6513.2109638257  6.307335E-14
6513.2925784596  6.222037E-14
6513.37417161704  5.807219E-14
6513.45574329327  5.901247E-14
6513.5372934836  6.090122E-14
6513.6188221834  5.993559E-14
6513.70032938806  5.625228E-14
6513.78181509304  5.749212E-14
6513.86327929384  6.394803E-14
6513.94472198601  6.288069E-14
6514.02614316515  5.909789E-14
6514.1075428269  6.040674E-14
6514.18892096695  5.829893E-14
6514.27027758106  6.000957E-14
6514.35161266499  5.742995E-14
6514.43292621459  5.965709E-14
6514.51421822573  6.107375E-14
6514.59548869434  6.086406E-14
6514.67673761638  5.764197E-14
6514.75796498789  5.684324E-14
6514.83917080491  5.969996E-14
6514.92035506356  6.108842E-14
6515.00151775999  6.253553E-14
6515.08265889039  6.154093E-14
6515.16377845102  6.128829E-14
6515.24487643815  6.123342E-14
6515.32595284812  5.853820E-14
6515.4070076773  6.113766E-14
6515.48804092211  5.959184E-14
6515.56905257901  6.100915E-14
6515.65004264451  6.179967E-14
6515.73101111516  5.753694E-14
6515.81195798755  6.075485E-14
6515.89288325831  5.779587E-14
6515.97378692412  6.096369E-14
6516.0546689817  6.558888E-14
6516.13552942781  5.714248E-14
6516.21636825925  6.398231E-14
6516.29718547287  6.244017E-14
6516.37798106555  5.558441E-14
6516.45875503423  5.751300E-14
6516.53950737587  5.828571E-14
6516.62023808748  5.725854E-14
6516.7009471661  5.903054E-14
6516.78163460884  5.582656E-14
6516.86230041282  5.944007E-14
6516.94294457521  5.939024E-14
6517.02356709322  6.214452E-14
6517.10416796411  5.870018E-14
6517.18474718516  5.882806E-14
6517.2653047537  5.911421E-14
6517.3458406671  5.746631E-14
6517.42635492276  5.805392E-14
6517.50684751814  6.058712E-14
6517.58731845071  5.815187E-14
6517.667767718  5.699530E-14
6517.74819531756  5.777231E-14
6517.82860124701  5.618667E-14
6517.90898550395  5.571403E-14
6517.98934808608  5.656153E-14
6518.06968899111  6.520285E-14
6518.15000821677  5.812812E-14
6518.23030576086  6.582636E-14
6518.3105816212  5.722210E-14
6518.39083579564  5.724983E-14
6518.47106828207  6.410766E-14
6518.55127907843  6.101152E-14
6518.63146818267  6.526968E-14
6518.71163559281  6.257288E-14
6518.79178130688  5.859399E-14
6518.87190532294  6.005828E-14
6518.95200763912  6.006652E-14
6519.03208825354  5.906378E-14
6519.11214716438  5.879666E-14
6519.19218436987  6.394212E-14
6519.27219986824  5.957660E-14
6519.35219365776  6.465858E-14
6519.43216573677  5.591468E-14
6519.51211610359  6.270822E-14
6519.59204475663  6.017256E-14
6519.67195169428  6.010797E-14
6519.751836915  5.522926E-14
6519.83170041727  6.000563E-14
6519.9115421996  5.789926E-14
6519.99136226054  6.576907E-14
6520.07116059867  5.997682E-14
6520.1509372126  6.133397E-14
6520.23069210097  6.097894E-14
6520.31042526246  6.323163E-14
6520.39013669578  6.074169E-14
6520.46982639967  5.955595E-14
6520.54949437289  5.853480E-14
6520.62914061425  6.381852E-14
6520.70876512258  5.875794E-14
6520.78836789675  6.120049E-14
6520.86794893565  5.717730E-14
6520.9475082382  5.971735E-14
6521.02704580337  5.822832E-14
6521.10656163013  5.742586E-14
6521.1860557175  6.369421E-14
6521.26552806453  6.033328E-14
6521.3449786703  5.874492E-14
6521.4244075339  6.317569E-14
6521.50381465447  5.950531E-14
6521.58320003119  6.134557E-14
6521.66256366323  5.960126E-14
6521.74190554982  5.765161E-14
6521.82122569021  6.097224E-14
6521.90052408368  6.100570E-14
6521.97980072954  6.550611E-14
6522.05905562712  5.920714E-14
6522.13828877577  5.958376E-14
6522.21750017491  6.110524E-14
6522.29668982394  5.882411E-14
6522.3758577223  5.799618E-14
6522.45500386947  5.601283E-14
6522.53412826496  6.322206E-14
6522.61323090829  6.194658E-14
6522.69231179901  5.768163E-14
6522.77137093671  6.157619E-14
6522.85040832099  6.107488E-14
6522.92942395148  5.813476E-14
6523.00841782785  5.927034E-14
6523.08738994978  5.943070E-14
6523.16634031699  6.250625E-14
6523.2452689292  6.047058E-14
6523.32417578619  5.877883E-14
6523.40306088774  5.543613E-14
6523.48192423367  6.015253E-14
6523.56076582381  5.989566E-14
6523.63958565803  5.797208E-14
6523.71838373622  5.512010E-14
6523.79716005828  5.677819E-14
6523.87591462416  5.907807E-14
6523.95464743382  5.956378E-14
6524.03335848724  5.910246E-14
6524.11204778444  5.757724E-14
6524.19071532544  6.014292E-14
6524.26936111031  5.686638E-14
6524.34798513912  5.686396E-14
6524.42658741198  5.978466E-14
6524.50516792902  5.509996E-14
6524.58372669038  5.894279E-14
6524.66226369624  5.757717E-14
6524.74077894679  5.937466E-14
6524.81927244226  5.676148E-14
6524.89774418287  5.763880E-14
6524.97619416891  6.120365E-14
6525.05462240065  5.786351E-14
6525.13302887839  6.000293E-14
6525.21141360248  5.765119E-14
6525.28977657325  5.901651E-14
6525.36811779109  5.960269E-14
6525.44643725638  5.852771E-14
6525.52473496953  5.633466E-14
6525.60301093099  5.799274E-14
6525.68126514122  5.873862E-14
6525.75949760068  5.372251E-14
6525.83770830989  5.835961E-14
6525.91589726934  5.702260E-14
6525.9940644796  5.767561E-14
6526.07220994122  5.921105E-14
6526.15033365477  5.964285E-14
6526.22843562085  5.798315E-14
6526.30651584009  6.020472E-14
6526.38457431312  5.628067E-14
6526.46261104061  6.030133E-14
6526.54062602323  5.799357E-14
6526.61861926167  5.813835E-14
6526.69659075666  5.631700E-14
6526.77454050893  5.378090E-14
6526.85246851923  5.496493E-14
6526.93037478834  5.828093E-14
6527.00825931705  5.893658E-14
6527.08612210616  5.637975E-14
6527.16396315651  5.562306E-14
6527.24178246895  5.779012E-14
6527.31958004433  5.415544E-14
6527.39735588354  5.586715E-14
6527.47510998748  5.405026E-14
6527.55284235706  5.392798E-14
6527.63055299323  5.404283E-14
6527.70824189692  5.475781E-14
6527.78590906913  5.089845E-14
6527.86355451082  5.599726E-14
6527.94117822301  5.806511E-14
6528.01878020671  5.319533E-14
6528.09636046296  5.463731E-14
6528.17391899282  5.696769E-14
6528.25145579735  5.566351E-14
6528.32897087765  5.552812E-14
6528.40646423481  5.391661E-14
6528.48393586995  5.533779E-14
6528.56138578421  5.067708E-14
6528.63881397874  5.454367E-14
6528.7162204547  5.688399E-14
6528.79360521328  5.670052E-14
6528.87096825567  5.618902E-14
6528.94830958308  5.591677E-14
6529.02562919675  5.613620E-14
6529.10292709791  5.396350E-14
6529.18020328782  5.520728E-14
6529.25745776776  5.638207E-14
6529.33469053901  5.436144E-14
6529.41190160287  5.524693E-14
6529.48909096066  5.702952E-14
6529.5662586137  5.828539E-14
6529.64340456335  5.597587E-14
6529.72052881096  5.801541E-14
6529.79763135791  5.461135E-14
6529.87471220557  5.628722E-14
6529.95177135535  5.661010E-14
6530.02880880866  5.791565E-14
6530.10582456694  5.654651E-14
6530.18281863161  5.741925E-14
6530.25979100413  5.718769E-14
6530.33674168597  5.780796E-14
6530.41367067862  5.590117E-14
6530.49057798355  5.592597E-14
6530.56746360228  5.841719E-14
6530.64432753632  5.698432E-14
6530.7211697872  5.659685E-14
6530.79799035647  5.662000E-14
6530.87478924568  5.759621E-14
6530.9515664564  5.706405E-14
6531.02832199022  5.983023E-14
6531.1050558487  5.698696E-14
6531.18176803347  5.522575E-14
6531.25845854614  5.789906E-14
6531.33512738833  5.554374E-14
6531.41177456168  5.734647E-14
6531.48840006784  5.820908E-14
6531.56500390847  5.635217E-14
6531.64158608525  5.820047E-14
6531.71814659985  5.853937E-14
6531.79468545396  5.732692E-14
6531.8712026493  5.645314E-14
6531.94769818759  5.689549E-14
6532.02417207053  5.809708E-14
6532.10062429988  5.680687E-14
6532.17705487738  5.549543E-14
6532.25346380478  5.357685E-14
6532.32985108385  5.356180E-14
6532.40621671638  5.559772E-14
6532.48256070414  5.489939E-14
6532.55888304895  5.786676E-14
6532.63518375259  5.552711E-14
6532.71146281689  5.778105E-14
6532.78772024368  5.662179E-14
6532.8639560348  5.612757E-14
6532.94017019208  5.839170E-14
6533.01636271738  6.026547E-14
6533.09253361258  6.074624E-14
6533.16868287953  6.039281E-14
6533.24481052012  6.090455E-14
6533.32091653624  5.739205E-14
6533.3970009298  5.577782E-14
6533.4730637027  5.551617E-14
6533.54910485686  5.946526E-14
6533.62512439419  5.536755E-14
6533.70112231665  5.755002E-14
6533.77709862616  5.442346E-14
6533.85305332468  5.678727E-14
6533.92898641416  5.713325E-14
6534.00489789658  5.452925E-14
6534.0807877739  5.821266E-14
6534.15665604811  5.673587E-14
6534.2325027212  5.721758E-14
6534.30832779517  5.608659E-14
6534.38413127202  6.061803E-14
6534.45991315375  5.868296E-14
6534.5356734424  5.851813E-14
6534.61141213999  5.843924E-14
6534.68712924855  5.789280E-14
6534.76282477012  5.563963E-14
6534.83849870675  5.638652E-14
6534.9141510605  5.521433E-14
6534.98978183342  5.531692E-14
6535.06539102759  5.627663E-14
6535.14097864508  5.622561E-14
6535.21654468797  5.932176E-14
6535.29208915835  5.609946E-14
6535.3676120583  5.780661E-14
6535.44311338994  5.409227E-14
6535.51859315538  5.859298E-14
6535.59405135671  5.787118E-14
6535.66948799606  5.796342E-14
6535.74490307555  5.873868E-14
6535.82029659732  5.650061E-14
6535.89566856349  5.832755E-14
6535.97101897622  5.766810E-14
6536.04634783764  5.768672E-14
6536.12165514992  5.554933E-14
6536.1969409152  5.804615E-14
6536.27220513565  5.621224E-14
6536.34744781344  5.629285E-14
6536.42266895074  5.882431E-14
6536.49786854973  5.949177E-14
6536.57304661259  5.802155E-14
6536.64820314152  5.647650E-14
6536.72333813869  5.891221E-14
6536.79845160632  5.456141E-14
6536.8735435466  5.800116E-14
6536.94861396175  5.515874E-14
6537.02366285396  5.894466E-14
6537.09869022546  6.129780E-14
6537.17369607847  5.970661E-14
6537.24868041521  5.703162E-14
6537.3236432379  5.813445E-14
6537.39858454879  5.567575E-14
6537.47350435011  5.753434E-14
6537.54840264409  5.628076E-14
6537.62327943298  5.629173E-14
6537.69813471903  5.763586E-14
6537.77296850449  5.876307E-14
6537.84778079162  5.577080E-14
6537.92257158267  5.773314E-14
6537.9973408799  5.389540E-14
6538.07208868559  5.847117E-14
6538.146815002  6.040445E-14
6538.22151983139  5.752523E-14
6538.29620317605  5.707622E-14
6538.37086503826  5.560713E-14
6538.44550542029  5.949598E-14
6538.52012432442  5.905134E-14
6538.59472175296  5.678615E-14
6538.66929770817  5.518339E-14
6538.74385219237  5.566276E-14
6538.81838520783  5.953692E-14
6538.89289675686  5.877594E-14
6538.96738684176  5.495004E-14
6539.04185546484  5.774872E-14
6539.11630262839  5.795665E-14
6539.19072833472  5.448845E-14
6539.26513258614  5.777077E-14
6539.33951538497  5.754391E-14
6539.41387673351  5.658251E-14
6539.48821663408  5.866399E-14
6539.562535089  5.658039E-14
6539.63683210059  5.826589E-14
6539.71110767117  5.654783E-14
6539.78536180306  5.889809E-14
6539.85959449858  5.996202E-14
6539.93380576007  5.779839E-14
6540.00799558984  5.871284E-14
6540.08216399024  5.911003E-14
6540.15631096357  5.729121E-14
6540.23043651219  5.472202E-14
6540.30454063843  5.756824E-14
6540.37862334461  5.675182E-14
6540.45268463307  5.740375E-14
6540.52672450615  5.897446E-14
6540.60074296619  5.957362E-14
6540.67474001552  5.815610E-14
6540.74871565648  5.786575E-14
6540.82266989142  5.652547E-14
6540.89660272267  5.783115E-14
6540.97051415258  5.907599E-14
6541.04440418349  5.747383E-14
6541.11827281773  6.047073E-14
6541.19212005767  6.098977E-14
6541.26594590563  5.918452E-14
6541.33975036396  8.774181E-14
6541.41353343501  6.118143E-14
6541.48729512112  6.358314E-14
6541.56103542464  5.865052E-14
6541.6347543479  5.910300E-14
6541.70845189327  5.931240E-14
6541.78212806308  5.799053E-14
6541.85578285967  5.933598E-14
6541.92941628541  5.891289E-14
6542.00302834262  5.678164E-14
6542.07661903365  5.643518E-14
6542.15018836085  5.695988E-14
6542.22373632657  5.848324E-14
6542.29726293314  5.632214E-14
6542.37076818291  5.744781E-14
6542.44425207823  5.781110E-14
6542.51771462144  5.769437E-14
6542.59115581487  5.908923E-14
6542.66457566088  5.870714E-14
6542.7379741618  5.858898E-14
6542.81135131998  5.852377E-14
6542.88470713774  5.712107E-14
6542.95804161744  5.644739E-14
6543.03135476141  5.731428E-14
6543.10464657199  5.597311E-14
6543.1779170515  5.811103E-14
6543.2511662023  5.826632E-14
6543.32439402671  5.891553E-14
6543.39760052706  5.902109E-14
6543.47078570569  5.625285E-14
6543.54394956492  5.496414E-14
6543.61709210709  5.556521E-14
6543.69021333453  5.706733E-14
6543.76331324955  5.484433E-14
6543.83639185449  5.615419E-14
6543.90944915167  5.658024E-14
6543.98248514341  5.671860E-14
6544.05549983203  5.653767E-14
6544.12849321985  5.852107E-14
6544.20146530919  5.880499E-14
6544.27441610236  5.670485E-14
6544.34734560168  5.623870E-14
6544.42025380946  5.660186E-14
6544.49314072801  5.619358E-14
6544.56600635963  5.700535E-14
6544.63885070664  5.864602E-14
6544.71167377134  5.644140E-14
6544.78447555603  5.855089E-14
6544.85725606301  5.627137E-14
6544.93001529458  5.714677E-14
6545.00275325304  5.641888E-14
6545.07546994067  5.715332E-14
6545.14816535978  5.756030E-14
6545.22083951265  5.798930E-14
6545.29349240156  5.647189E-14
6545.36612402881  5.744812E-14
6545.43873439667  5.901544E-14
6545.51132350743  5.944935E-14
6545.58389136336  5.698117E-14
6545.65643796674  5.907631E-14
6545.72896331983  5.919066E-14
6545.80146742492  5.904796E-14
6545.87395028426  5.992379E-14
6545.94641190012  5.955584E-14
6546.01885227477  6.093260E-14
6546.09127141046  6.004839E-14
6546.16366930944  6.229506E-14
6546.23604597398  6.017189E-14
6546.30840140632  5.799235E-14
6546.3807356087  5.994086E-14
6546.45304858338  6.326650E-14
6546.5253403326  5.962042E-14
6546.59761085859  6.419598E-14
6546.66986016359  6.217010E-14
6546.74208824983  6.279899E-14
6546.81429511954  6.455349E-14
6546.88648077495  6.538970E-14
6546.95864521828  6.571295E-14
6547.03078845175  6.548553E-14
6547.10291047757  6.669276E-14
6547.17501129797  6.877060E-14
6547.24709091515  7.253866E-14
6547.3191493313  7.434464E-14
6547.39118654866  8.046486E-14
6547.46320256939  7.862409E-14
6547.53519739572  7.823183E-14
6547.60717102982  8.561705E-14
6547.67912347389  8.552900E-14
6547.75105473011  8.905666E-14
6547.82296480066  8.843334E-14
6547.89485368773  8.890956E-14
6547.96672139348  8.855696E-14
6548.0385679201  9.073212E-14
6548.11039326973  8.958585E-14
6548.18219744456  8.663679E-14
6548.25398044673  8.492985E-14
6548.32574227841  8.132216E-14
6548.39748294175  8.017246E-14
6548.46920243889  7.837975E-14
6548.54090077198  7.371029E-14
6548.61257794316  7.241215E-14
6548.68423395456  7.129196E-14
6548.75586880833  7.319910E-14
6548.82748250658  7.594993E-14
6548.89907505144  7.599555E-14
6548.97064644503  7.830475E-14
6549.04219668947  7.645142E-14
6549.11372578688  7.477212E-14
6549.18523373935  7.440093E-14
6549.25672054899  7.659516E-14
6549.3281862179  7.484008E-14
6549.39963074817  7.428957E-14
6549.47105414191  7.057746E-14
6549.54245640119  7.025443E-14
6549.6138375281  6.995547E-14
6549.68519752471  6.731033E-14
6549.7565363931  6.733351E-14
6549.82785413534  6.460544E-14
6549.8991507535  6.452310E-14
6549.97042624963  5.985015E-14
6550.04168062579  6.343666E-14
6550.11291388403  6.090463E-14
6550.1841260264  6.169735E-14
6550.25531705495  6.453660E-14
6550.3264869717  6.004480E-14
6550.3976357787  6.262810E-14
6550.46876347797  6.263910E-14
6550.53987007154  6.314385E-14
6550.61095556143  7.041855E-14
6550.68201994965  7.088998E-14
6550.75306323822  8.031151E-14
6550.82408542913  9.095974E-14
6550.8950865244  1.075688E-13
6550.96606652601  1.279696E-13
6551.03702543596  1.445362E-13
6551.10796325624  1.634502E-13
6551.17887998882  1.738353E-13
6551.24977563569  1.780094E-13
6551.32065019882  1.836544E-13
6551.39150368018  1.845295E-13
6551.46233608172  1.856030E-13
6551.53314740541  1.864168E-13
6551.6039376532  1.834014E-13
6551.67470682703  1.783488E-13
6551.74545492886  1.714504E-13
6551.81618196062  1.620665E-13
6551.88688792423  1.543250E-13
6551.95757282164  1.515622E-13
6552.02823665477  1.504339E-13
6552.09887942552  1.440885E-13
6552.16950113583  1.413993E-13
6552.24010178758  1.422010E-13
6552.3106813827  1.350524E-13
6552.38123992307  1.309225E-13
6552.45177741059  1.129253E-13
6552.52229384714  1.102479E-13
6552.59278923462  1.005777E-13
6552.66326357489  9.247074E-14
6552.73371686983  8.996644E-14
6552.80414912131  8.404552E-14
6552.87456033119  8.022833E-14
6552.94495050132  7.637435E-14
6553.01531963357  7.246011E-14
6553.08566772977  6.889839E-14
6553.15599479176  6.734765E-14
6553.22630082139  6.494176E-14
6553.29658582048  6.556312E-14
6553.36684979086  6.700785E-14
6553.43709273435  6.380917E-14
6553.50731465277  6.594713E-14
6553.57751554792  6.276684E-14
6553.64769542161  6.484681E-14
6553.71785427564  6.286290E-14
6553.7879921118  6.150185E-14
6553.85810893188  6.006821E-14
6553.92820473767  5.947798E-14
6553.99827953094  5.846009E-14
6554.06833331347  5.873820E-14
6554.13836608701  5.797239E-14
6554.20837785334  5.925098E-14
6554.2783686142  5.860824E-14
6554.34833837136  5.836473E-14
6554.41828712656  5.827930E-14
6554.48821488153  5.946511E-14
6554.55812163801  6.025511E-14
6554.62800739773  5.902428E-14
6554.69787216242  6.019072E-14
6554.76771593379  5.731787E-14
6554.83753871355  5.673036E-14
6554.90734050342  6.084275E-14
6554.97712130509  5.909709E-14
6555.04688112027  5.796089E-14
6555.11661995063  5.747453E-14
6555.18633779787  5.694371E-14
6555.25603466367  5.603600E-14
6555.3257105497  5.313369E-14
6555.39536545764  5.644848E-14
6555.46499938914  5.757332E-14
6555.53461234585  5.912255E-14
6555.60420432945  5.591402E-14
6555.67377534157  5.958311E-14
6555.74332538384  5.876580E-14
6555.81285445792  5.853699E-14
6555.88236256543  5.838908E-14
6555.951849708  6.012832E-14
6556.02131588723  5.837782E-14
6556.09076110475  5.621305E-14
6556.16018536217  5.868430E-14
6556.22958866109  5.743108E-14
6556.29897100309  5.755844E-14
6556.36833238979  5.836181E-14
6556.43767282276  5.838255E-14
6556.50699230358  5.788687E-14
6556.57629083382  5.621316E-14
6556.64556841506  5.680957E-14
6556.71482504886  5.921365E-14
6556.78406073678  5.847848E-14
6556.85327548037  5.489306E-14
6556.92246928117  5.804079E-14
6556.99164214073  5.630446E-14
6557.06079406058  5.520118E-14
6557.12992504226  5.459574E-14
6557.19903508728  5.783893E-14
6557.26812419718  5.918944E-14
6557.33719237344  5.796620E-14
6557.4062396176  5.728625E-14
6557.47526593115  5.930357E-14
6557.54427131558  5.811216E-14
6557.61325577239  5.885693E-14
6557.68221930307  5.624948E-14
6557.75116190908  5.816448E-14
6557.82008359191  6.020524E-14
6557.88898435303  5.949761E-14
6557.95786419389  6.504484E-14
6558.02672311596  6.055712E-14
6558.09556112069  6.163495E-14
6558.16437820952  6.266327E-14
6558.2331743839  6.229499E-14
6558.30194964525  9.003388E-14
6558.37070399502  1.161143E-13
6558.43943743461  6.283275E-14
6558.50814996546  5.789652E-14
6558.57684158898  6.079559E-14
6558.64551230656  5.700721E-14
6558.71416211963  6.124912E-14
6558.78279102956  5.823804E-14
6558.85139903775  5.614433E-14
6558.91998614559  6.109953E-14
6558.98855235445  5.756942E-14
6559.05709766571  5.989352E-14
6559.12562208074  5.773252E-14
6559.19412560091  5.764597E-14
6559.26260822756  5.564879E-14
6559.33106996206  5.741514E-14
6559.39951080574  5.936291E-14
6559.46793075996  6.133188E-14
6559.53632982603  5.646449E-14
6559.60470800531  5.984293E-14
6559.6730652991  5.690134E-14
6559.74140170873  5.762419E-14
6559.80971723551  5.835713E-14
6559.87801188075  5.909018E-14
6559.94628564576  5.990013E-14
6560.01453853183  5.700501E-14
6560.08277054025  5.796690E-14
6560.15098167231  5.806457E-14
6560.21917192929  6.029805E-14
6560.28734131246  6.019466E-14
6560.3554898231  6.148056E-14
6560.42361746247  6.255541E-14
6560.49172423183  5.971005E-14
6560.55981013244  6.320438E-14
6560.62787516554  6.406981E-14
6560.69591933236  6.299228E-14
6560.76394263417  6.593672E-14
6560.83194507218  6.622970E-14
6560.89992664762  7.002526E-14
6560.96788736172  6.951019E-14
6561.03582721569  7.705613E-14
6561.10374621074  7.633527E-14
6561.17164434808  8.227391E-14
6561.23952162891  8.715302E-14
6561.30737805442  8.819367E-14
6561.3752136258  9.295470E-14
6561.44302834425  9.572382E-14
6561.51082221093  9.692841E-14
6561.57859522702  1.018806E-13
6561.64634739369  1.048578E-13
6561.71407871211  1.131028E-13
6561.78178918343  1.196138E-13
6561.84947880881  1.254918E-13
6561.91714758939  1.375128E-13
6561.98479552631  1.494145E-13
6562.05242262072  1.547544E-13
6562.12002887375  1.709628E-13
6562.18761428652  1.758911E-13
6562.25517886016  1.868572E-13
6562.32272259578  1.905157E-13
6562.3902454945  1.977664E-13
6562.45774755742  2.055597E-13
6562.52522878564  2.064002E-13
6562.59268918026  2.073609E-13
6562.66012874238  2.132992E-13
6562.72754747307  2.038130E-13
6562.79494537342  2.026018E-13
6562.86232244451  1.830845E-13
6562.92967868741  1.895746E-13
6562.99701410318  1.949818E-13
6563.06432869288  1.927421E-13
6563.13162245757  1.897650E-13
6563.19889539831  1.881658E-13
6563.26614751614  1.847862E-13
6563.3333788121  1.879650E-13
6563.40058928722  1.893134E-13
6563.46777894255  1.877281E-13
6563.5349477791  1.961248E-13
6563.6020957979  1.996747E-13
6563.66922299996  2.067389E-13
6563.7363293863  2.046801E-13
6563.80341495792  2.118006E-13
6563.87047971582  2.085933E-13
6563.93752366102  2.042913E-13
6564.00454679448  2.021733E-13
6564.07154911722  1.989685E-13
6564.1385306302  1.935148E-13
6564.2054913344  1.891560E-13
6564.27243123081  1.849599E-13
6564.33935032039  1.898064E-13
6564.40624860409  1.897860E-13
6564.4731260829  1.910372E-13
6564.53998275775  2.047370E-13
6564.60681862959  2.213435E-13
6564.67363369939  2.328541E-13
6564.74042796807  2.554287E-13
6564.80720143656  2.628891E-13
6564.87395410581  2.786353E-13
6564.94068597674  2.876615E-13
6565.00739705028  2.858979E-13
6565.07408732733  2.801419E-13
6565.14075680882  2.774553E-13
6565.20740549565  2.808315E-13
6565.27403338873  2.881898E-13
6565.34064048896  2.965254E-13
6565.40722679723  3.312247E-13
6565.47379231444  3.604297E-13
6565.54033704147  4.260931E-13
6565.6068609792  4.819056E-13
6565.67336412851  5.557571E-13
6565.73984649028  6.352952E-13
6565.80630806537  6.843312E-13
6565.87274885465  7.372964E-13
6565.93916885898  7.634105E-13
6566.00556807922  7.872183E-13
6566.07194651622  7.942362E-13
6566.13830417081  7.882974E-13
6566.20464104386  7.600418E-13
6566.2709571362  7.436958E-13
6566.33725244866  6.977130E-13
6566.40352698207  6.602695E-13
6566.46978073726  6.177555E-13
6566.53601371505  5.820208E-13
6566.60222591627  5.368387E-13
6566.66841734172  5.043324E-13
6566.73458799221  4.773736E-13
6566.80073786856  4.442555E-13
6566.86686697155  4.163348E-13
6566.932975302  3.856851E-13
6566.99906286069  3.625531E-13
6567.06512964842  3.450610E-13
6567.13117566597  3.149766E-13
6567.19720091411  2.941566E-13
6567.26320539364  2.680598E-13
6567.32918910532  2.445253E-13
6567.39515204992  2.267689E-13
6567.46109422821  2.101892E-13
6567.52701564096  1.865463E-13
6567.59291628892  1.750487E-13
6567.65879617284  1.591069E-13
6567.72465529348  1.440079E-13
6567.79049365158  1.298038E-13
6567.85631124788  1.164378E-13
6567.92210808314  1.085378E-13
6567.98788415807  1.041969E-13
6568.05363947342  9.934916E-14
6568.11937402991  9.214007E-14
6568.18508782827  8.441686E-14
6568.25078086921  8.576456E-14
6568.31645315346  7.869158E-14
6568.38210468173  7.941234E-14
6568.44773545474  7.818271E-14
6568.51334547317  7.247465E-14
6568.57893473775  6.829247E-14
6568.64450324917  6.977637E-14
6568.71005100812  6.888496E-14
6568.7755780153  6.822287E-14
6568.8410842714  6.707550E-14
6568.90656977711  6.558044E-14
6568.97203453309  6.377018E-14
6569.03747854005  6.240668E-14
6569.10290179864  6.316884E-14
6569.16830430955  6.241415E-14
6569.23368607345  6.103114E-14
6569.29904709099  6.137238E-14
6569.36438736284  5.952305E-14
6569.42970688966  6.237662E-14
6569.4950056721  6.191843E-14
6569.56028371083  6.237202E-14
6569.62554100649  5.845661E-14
6569.69077755971  6.141747E-14
6569.75599337116  6.086582E-14
6569.82118844147  6.020076E-14
6569.88636277127  6.149962E-14
6569.9515163612  5.794704E-14
6570.01664921189  5.791162E-14
6570.08176132397  6.076475E-14
6570.14685269806  6.069494E-14
6570.21192333479  5.883414E-14
6570.27697323477  5.768387E-14
6570.34200239862  5.658033E-14
6570.40701082696  5.892629E-14
6570.47199852039  5.854837E-14
6570.53696547952  5.813031E-14
6570.60191170495  5.644708E-14
6570.6668371973  5.743147E-14
6570.73174195715  5.787953E-14
6570.7966259851  5.765679E-14
6570.86148928175  5.529949E-14
6570.92633184768  5.634602E-14
6570.99115368349  5.792497E-14
6571.05595478975  5.651121E-14
6571.12073516706  5.870028E-14
6571.18549481599  5.510436E-14
6571.25023373712  5.707094E-14
6571.31495193103  5.508297E-14
6571.37964939828  5.651720E-14
6571.44432613944  5.734508E-14
6571.50898215509  6.003631E-14
6571.57361744579  5.417106E-14
6571.6382320121  5.750621E-14
6571.70282585457  5.656487E-14
6571.76739897378  5.687037E-14
6571.83195137026  5.582446E-14
6571.89648304458  5.604136E-14
6571.96099399729  5.760174E-14
6572.02548422892  5.557332E-14
6572.08995374004  5.820738E-14
6572.15440253117  6.000686E-14
6572.21883060287  5.787770E-14
6572.28323795566  5.870524E-14
6572.3476245901  5.919200E-14
6572.41199050671  5.677887E-14
6572.47633570602  5.778833E-14
6572.54066018856  5.651658E-14
6572.60496395487  5.745231E-14
6572.66924700546  5.808533E-14
6572.73350934087  5.725170E-14
6572.79775096161  5.784896E-14
6572.8619718682  5.900374E-14
6572.92617206116  5.792541E-14
6572.99035154101  5.896083E-14
6573.05451030826  6.097268E-14
6573.11864836343  6.228421E-14
6573.18276570701  5.593898E-14
6573.24686233953  6.083542E-14
6573.31093826148  5.672588E-14
6573.37499347338  5.681928E-14
6573.43902797572  5.698758E-14
6573.50304176901  5.576562E-14
6573.56703485374  5.528187E-14
6573.63100723041  5.612713E-14
6573.69495889952  5.534414E-14
6573.75888986156  5.637704E-14
6573.82280011703  5.474181E-14
6573.88668966641  5.742538E-14
6573.9505585102  5.775018E-14
6574.01440664888  5.723983E-14
6574.07823408294  5.732875E-14
6574.14204081286  5.736762E-14
6574.20582683913  5.643520E-14
6574.26959216222  5.729781E-14
6574.33333678263  5.153714E-14
6574.39706070082  5.727194E-14
6574.46076391727  5.618817E-14
6574.52444643247  5.731767E-14
6574.58810824688  5.609211E-14
6574.65174936098  5.613761E-14
6574.71536977523  5.466908E-14
6574.77896949012  5.619640E-14
6574.84254850611  5.141461E-14
6574.90610682367  5.438654E-14
6574.96964444327  5.503362E-14
6575.03316136536  5.674438E-14
6575.09665759042  5.434112E-14
6575.16013311891  5.689419E-14
6575.2235879513  5.884059E-14
6575.28702208804  5.441041E-14
6575.35043552959  5.566809E-14
6575.41382827641  5.401907E-14
6575.47720032897  5.459509E-14
6575.54055168771  5.563745E-14
6575.60388235311  5.388039E-14
6575.6671923256  5.492067E-14
6575.73048160564  5.460309E-14
6575.7937501937  5.592835E-14
6575.85699809021  5.568995E-14
6575.92022529565  5.559977E-14
6575.98343181044  5.499761E-14
6576.04661763505  4.987807E-14
6576.10978276993  5.563093E-14
6576.17292721552  5.558937E-14
6576.23605097227  5.611103E-14
6576.29915404063  5.552479E-14
6576.36223642104  5.216864E-14
6576.42529811396  5.699946E-14
6576.48833911983  5.415702E-14
6576.55135943909  5.537840E-14
6576.61435907218  5.620808E-14
6576.67733801955  5.516431E-14
6576.74029628165  5.559632E-14
6576.80323385892  5.450136E-14
6576.8661507518  5.516432E-14
6576.92904696072  5.524806E-14
6576.99192248615  5.291960E-14
6577.0547773285  5.416735E-14
6577.11761148823  5.528935E-14
6577.18042496577  5.524978E-14
6577.24321776157  5.711745E-14
6577.30598987606  5.800113E-14
6577.36874130969  5.927915E-14
6577.4314720629  5.763422E-14
6577.49418213611  5.486863E-14
6577.55687152977  5.681705E-14
6577.61954024433  5.556963E-14
6577.68218828022  5.511993E-14
6577.74481563787  5.524076E-14
6577.80742231772  5.841691E-14
6577.87000832022  5.251087E-14
6577.93257364581  5.514432E-14
6577.99511829491  5.391690E-14
6578.05764226797  5.698380E-14
6578.12014556542  5.555779E-14
6578.18262818771  5.651220E-14
6578.24509013527  5.581868E-14
6578.30753140855  5.426189E-14
6578.36995200797  5.534437E-14
6578.43235193398  5.593043E-14
6578.49473118701  5.396535E-14
6578.55708976751  5.241876E-14
6578.61942767592  5.225842E-14
6578.68174491266  5.311917E-14
6578.74404147819  5.590624E-14
6578.80631737295  5.488616E-14
6578.86857259736  5.394640E-14
6578.93080715188  5.518909E-14
6578.99302103694  5.396490E-14
6579.05521425299  5.562268E-14
6579.11738680047  5.730026E-14
6579.17953867981  5.425590E-14
6579.24166989146  5.414581E-14
6579.30378043587  5.415471E-14
6579.36587031348  5.430811E-14
6579.42793952472  5.609409E-14
6579.48998807005  5.344343E-14
6579.55201594991  5.702844E-14
6579.61402316475  5.498894E-14
6579.67600971501  5.458725E-14
6579.73797560114  5.421275E-14
6579.79992082358  5.478151E-14
6579.86184538279  5.620046E-14
6579.9237492792  5.437595E-14
6579.98563251328  5.539285E-14
6580.04749508547  5.329347E-14
6580.10933699623  5.390488E-14
6580.171158246  5.614932E-14
6580.23295883523  5.405298E-14
6580.29473876439  5.280899E-14
6580.35649803392  5.350772E-14
6580.41823664428  5.547633E-14
6580.47995459592  5.564414E-14
6580.5416518893  5.596837E-14
6580.60332852488  5.697751E-14
6580.66498450313  5.373095E-14
6580.72661982448  5.452710E-14
6580.78823448942  5.614325E-14
6580.8498284984  5.529188E-14
6580.91140185188  5.590300E-14
6580.97295455032  5.700018E-14
6581.03448659419  5.299579E-14
6581.09599798397  5.611581E-14
6581.1574887201  5.676194E-14
6581.21895880307  5.573811E-14
6581.28040823334  5.320696E-14
6581.34183701137  5.550605E-14
6581.40324513766  5.611876E-14
6581.46463261265  5.799345E-14
6581.52599943684  5.995163E-14
6581.58734561069  5.972574E-14
6581.64867113469  6.247888E-14
6581.70997600931  6.396379E-14
6581.77126023502  6.331574E-14
6581.83252381232  6.810270E-14
6581.89376674167  6.764897E-14
6581.95498902358  6.675021E-14
6582.01619065851  7.116510E-14
6582.07737164697  6.828560E-14
6582.13853198942  7.083565E-14
6582.19967168637  6.685399E-14
6582.26079073831  6.969609E-14
6582.32188914572  7.180783E-14
6582.3829669091  7.654869E-14
6582.44402402895  7.650522E-14
6582.50506050577  8.114286E-14
6582.56607634004  8.884312E-14
6582.62707153228  9.401522E-14
6582.68804608297  9.923932E-14
6582.74899999263  1.088136E-13
6582.80993326177  1.118452E-13
6582.87084589088  1.182090E-13
6582.93173788048  1.229875E-13
6582.99260923108  1.332629E-13
6583.05345994318  1.333413E-13
6583.11429001731  1.418337E-13
6583.17509945398  1.411254E-13
6583.2358882537  1.416421E-13
6583.29665641699  1.465472E-13
6583.35740394437  1.419894E-13
6583.41813083638  1.447091E-13
6583.47883709352  1.372488E-13
6583.53952271633  1.342896E-13
6583.60018770535  1.347076E-13
6583.66083206108  1.292487E-13
6583.72145578407  1.288496E-13
6583.78205887486  1.173867E-13
6583.84264133398  1.190462E-13
6583.90320316196  1.103223E-13
6583.96374435936  1.026676E-13
6584.0242649267  1.029628E-13
6584.08476486453  1.048261E-13
6584.1452441734  1.002869E-13
6584.20570285386  9.964399E-14
6584.26614090646  9.807701E-14
6584.32655833176  9.753073E-14
6584.3869551303  9.922495E-14
6584.44733130263  1.001599E-13
6584.50768684934  9.806792E-14
6584.56802177096  1.000384E-13
6584.62833606807  9.830115E-14
6584.68862974123  9.663339E-14
6584.74890279101  9.287442E-14
6584.80915521798  8.964894E-14
6584.86938702272  8.947536E-14
6584.92959820578  8.000654E-14
6584.98978876776  7.832194E-14
6585.04995870924  7.332013E-14
6585.11010803078  6.958924E-14
6585.17023673299  6.507568E-14
6585.23034481643  6.433200E-14
6585.29043228171  6.111181E-14
6585.35049912941  6.294433E-14
6585.41054536012  6.251461E-14
6585.47057097445  6.241795E-14
6585.53057597299  6.866974E-14
6585.59056035634  6.557595E-14
6585.6505241251  6.453045E-14
6585.71046727987  7.237049E-14
6585.77038982128  6.351656E-14
6585.83029174991  6.463051E-14
6585.8901730664  6.723675E-14
6585.95003377136  6.943923E-14
6586.00987386539  7.723772E-14
6586.06969334913  8.384933E-14
6586.1294922232  9.759477E-14
6586.18927048821  1.227555E-13
6586.24902814481  1.574270E-13
6586.30876519361  1.903606E-13
6586.36848163526  2.330075E-13
6586.42817747039  2.781299E-13
6586.48785269964  3.216157E-13
6586.54750732365  3.547887E-13
6586.60714134306  3.779089E-13
6586.66675475852  3.936343E-13
6586.72634757068  4.024674E-13
6586.78591978019  4.033224E-13
6586.8454713877  4.111582E-13
6586.90500239388  4.088027E-13
6586.96451279938  4.092185E-13
6587.02400260487  3.923935E-13
6587.08347181101  3.994088E-13
6587.14292041847  4.181638E-13
6587.20234842792  3.722956E-13
6587.26175584003  3.522189E-13
6587.32114265549  3.398891E-13
6587.38050887497  3.196070E-13
6587.43985449915  3.078747E-13
6587.49917952871  2.983452E-13
6587.55848396436  2.952230E-13
6587.61776780677  2.938463E-13
6587.67703105663  2.819811E-13
6587.73627371466  2.779612E-13
6587.79549578154  2.576512E-13
6587.85469725799  2.383765E-13
6587.91387814469  2.128101E-13
6587.97303844237  1.932475E-13
6588.03217815173  1.725395E-13
6588.09129727348  1.538402E-13
6588.15039580835  1.430751E-13
6588.20947375705  1.333780E-13
6588.2685311203  1.144925E-13
6588.32756789884  1.062887E-13
6588.38658409338  9.734370E-14
6588.44557970466  9.307173E-14
6588.50455473342  8.495530E-14
6588.56350918039  8.047923E-14
6588.62244304632  7.404446E-14
6588.68135633193  7.416019E-14
6588.74024903799  6.776505E-14
6588.79912116525  6.376908E-14
6588.85797271444  6.552156E-14
6588.91680368634  6.236302E-14
6588.97561408169  6.341286E-14
6589.03440390126  5.918531E-14
6589.09317314581  6.069573E-14
6589.15192181612  6.025693E-14
6589.21064991294  5.934593E-14
6589.26935743706  5.964567E-14
6589.32804438926  5.963868E-14
6589.3867107703  5.640916E-14
6589.44535658097  5.796435E-14
6589.50398182207  5.841445E-14
6589.56258649438  5.787738E-14
6589.62117059868  6.526663E-14
6589.67973413578  8.502068E-14
6589.73827710648  8.303434E-14
6589.79679951157  5.880971E-14
6589.85530135186  6.214978E-14
6589.91378262815  5.562350E-14
6589.97224334126  5.719990E-14
6590.030683492  5.729614E-14
6590.08910308119  5.147003E-14
6590.14750210965  5.090645E-14
6590.2058805782  5.024039E-14
6590.26423848766  5.103464E-14
6590.32257583887  5.078856E-14
6590.38089263266  5.030169E-14
6590.43918886986  5.374936E-14
6590.49746455131  5.123466E-14
6590.55571967785  5.088390E-14
6590.61395425033  5.294586E-14
6590.6721682696  5.552788E-14
6590.7303617365  5.285003E-14
6590.7885346519  5.393635E-14
6590.84668701665  5.215266E-14
6590.9048188316  4.935247E-14
6590.96293009762  5.235774E-14
6591.02102081559  5.346705E-14
6591.07909098636  5.007029E-14
6591.13714061081  5.432405E-14
6591.19516968982  5.161046E-14
6591.25317822427  5.124813E-14
6591.31116621504  5.189390E-14
6591.36913366301  5.022842E-14
6591.42708056907  5.325662E-14
6591.48500693412  5.287896E-14
6591.54291275905  5.344941E-14
6591.60079804476  5.337337E-14
6591.65866279215  5.233265E-14
6591.71650700211  5.067186E-14
6591.77433067557  5.279407E-14
6591.83213381343  5.499005E-14
6591.8899164166  5.129583E-14
6591.94767848601  6.660764E-14
6592.00542002256  5.135807E-14
6592.06314102719  5.147944E-14
6592.12084150081  5.129333E-14
6592.17852144436  5.179983E-14
6592.23618085877  5.186548E-14
6592.29381974498  5.142793E-14
6592.35143810392  5.141467E-14
6592.40903593654  4.900509E-14
6592.46661324377  5.221628E-14
6592.52417002657  5.035873E-14
6592.58170628589  5.216275E-14
6592.63922202267  4.962461E-14
6592.69671723789  5.001000E-14
6592.75419193249  5.278697E-14
6592.81164610744  5.001369E-14
6592.86907976371  5.097731E-14
6592.92649290226  5.496171E-14
6592.98388552406  5.332166E-14
6593.0412576301  5.241067E-14
6593.09860922134  5.200518E-14
6593.15594029877  5.422530E-14
6593.21325086338  4.966170E-14
6593.27054091614  5.079747E-14
6593.32781045805  5.371969E-14
6593.3850594901  4.999513E-14
6593.44228801329  5.159180E-14
6593.49949602862  5.264218E-14
6593.55668353708  5.256841E-14
6593.61385053969  5.221895E-14
6593.67099703744  4.988784E-14
6593.72812303135  5.207961E-14
6593.78522852244  5.391361E-14
6593.84231351171  5.357444E-14
6593.89937800019  5.216866E-14
6593.9564219889  4.933070E-14
6594.01344547887  5.314486E-14
6594.07044847111  5.222146E-14
6594.12743096667  5.225008E-14
6594.18439296657  5.317858E-14
6594.24133447185  5.024082E-14
6594.29825548355  5.213390E-14
6594.35515600272  5.170063E-14
6594.41203603039  5.237355E-14
6594.46889556761  5.287578E-14
6594.52573461543  5.362245E-14
6594.58255317491  4.991986E-14
6594.6393512471  5.190960E-14
6594.69612883306  5.028516E-14
6594.75288593385  5.115980E-14
6594.80962255054  5.018146E-14
6594.86633868418  5.090664E-14
6594.92303433585  5.095700E-14
6594.97970950662  5.126501E-14
6595.03636419756  4.932658E-14
6595.09299840975  5.163988E-14
6595.14961214427  5.265676E-14
6595.20620540221  5.208374E-14
6595.26277818464  5.315979E-14
6595.31933049265  5.370297E-14
6595.37586232734  5.101103E-14
6595.43237368979  5.042617E-14
6595.4888645811  5.266507E-14
6595.54533500237  5.282554E-14
6595.60178495469  5.015021E-14
6595.65821443917  5.477269E-14
6595.71462345691  5.192516E-14
6595.77101200902  5.139242E-14
6595.82738009662  5.196435E-14
6595.8837277208  5.047643E-14
6595.94005488268  5.299315E-14
6595.99636158339  5.419314E-14
6596.05264782404  5.272064E-14
6596.10891360574  5.074244E-14
6596.16515892964  5.032955E-14
6596.22138379683  5.055621E-14
6596.27758820847  5.323733E-14
6596.33377216568  5.049847E-14
6596.38993566958  5.106471E-14
6596.44607872132  5.102877E-14
6596.50220132203  5.222400E-14
6596.55830347284  5.217997E-14
6596.61438517491  5.592941E-14
6596.67044642937  5.058751E-14
6596.72648723737  5.052706E-14
6596.78250760005  5.059395E-14
6596.83850751858  4.884213E-14
6596.89448699408  5.170819E-14
6596.95044602772  4.700462E-14
6597.00638462066  4.974711E-14
6597.06230277405  5.082091E-14
6597.11820048905  5.437754E-14
6597.17407776682  5.065728E-14
6597.22993460852  4.899829E-14
6597.28577101533  5.199116E-14
6597.34158698839  5.285344E-14
6597.39738252889  5.103466E-14
6597.453157638  5.202863E-14
6597.50891231687  5.192742E-14
6597.5646465667  5.185024E-14
6597.62036038865  5.328976E-14
6597.6760537839  5.169194E-14
6597.73172675363  4.933298E-14
6597.78737929902  5.481914E-14
6597.84301142124  4.879864E-14
6597.89862312149  5.251310E-14
6597.95421440095  5.217960E-14
6598.00978526081  5.176135E-14
6598.06533570224  5.210360E-14
6598.12086572645  5.092023E-14
6598.17637533462  5.244581E-14
6598.23186452794  5.043259E-14
6598.28733330761  5.134485E-14
6598.34278167483  5.193355E-14
6598.39820963078  5.222238E-14
6598.45361717666  5.051847E-14
6598.50900431368  5.222660E-14
6598.56437104303  4.832690E-14
6598.61971736592  4.961474E-14
6598.67504328354  4.943188E-14
6598.7303487971  5.094636E-14
6598.78563390781  5.008970E-14
6598.84089861686  5.254897E-14
6598.89614292547  5.505271E-14
6598.95136683484  5.194784E-14
6599.00657034618  5.176806E-14
6599.0617534607  4.991767E-14
6599.11691617961  5.115848E-14
6599.17205850411  5.179118E-14
6599.22718043543  5.463833E-14
6599.28228197478  5.019171E-14
6599.33736312336  5.283734E-14
6599.39242388239  5.066715E-14
6599.44746425309  5.224336E-14
6599.50248423666  5.099458E-14
6599.55748383434  5.246460E-14
6599.61246304732  5.131741E-14
6599.66742187684  5.235695E-14
6599.7223603241  5.230275E-14
6599.77727839033  5.262505E-14
6599.83217607674  5.051113E-14
6599.88705338455  5.263605E-14
6599.94191031499  5.051625E-14
6599.99674686926  4.951625E-14
6600.05156304859  4.982529E-14
6600.1063588542  4.990705E-14
6600.16113428731  5.010446E-14
6600.21588934914  4.817875E-14
6600.2706240409  4.526742E-14
6600.32533836383  5.366557E-14
6600.38003231913  4.777243E-14
6600.43470590804  5.121337E-14
6600.48935913177  5.320672E-14
6600.54399199153  5.236158E-14
6600.59860448856  4.888324E-14
6600.65319662407  5.242633E-14
6600.70776839927  5.295811E-14
6600.7623198154  5.316648E-14
6600.81685087366  5.408845E-14
6600.87136157528  5.499103E-14
6600.92585192147  5.328383E-14
6600.98032191346  5.193208E-14
6601.03477155246  5.311905E-14
6601.08920083968  5.260184E-14
6601.14360977635  5.069365E-14
6601.19799836367  5.196546E-14
6601.25236660287  4.836905E-14
6601.30671449515  5.199341E-14
6601.36104204174  4.870838E-14
6601.41534924384  4.875930E-14
6601.46963610266  4.909287E-14
6601.52390261943  5.037396E-14
6601.57814879534  5.108354E-14
6601.6323746316  5.275261E-14
6601.68658012943  5.553425E-14
6601.74076529003  5.458246E-14
6601.7949301146  5.901825E-14
6601.84907460436  6.423506E-14
6601.9031987605  6.707650E-14
6601.95730258422  7.410298E-14
6602.01138607674  4.940960E-13
6602.06544923924  1.583371E-13
6602.11949207292  8.060953E-14
6602.17351457898  7.752142E-14
6602.22751675862  8.016718E-14
6602.28149861303  6.839318E-14
6602.3354601434  6.113482E-14
6602.38940135092  5.373117E-14
6602.44332223678  4.830025E-14
6602.49722280216  4.330535E-14
6602.55110304825  4.538201E-14
6602.60496297624  4.489137E-14
6602.6588025873  4.854284E-14
6602.71262188261  5.122449E-14
6602.76642086335  5.119607E-14
6602.82019953069  5.593707E-14
6602.87395788581  5.597014E-14
6602.92769592988  5.461725E-14
6602.98141366406  5.808763E-14
6603.03511108951  5.474308E-14
6603.08878820741  5.302858E-14
6603.14244501891  5.002449E-14
6603.19608152518  5.138425E-14
6603.24969772736  4.860030E-14
6603.30329362661  4.899054E-14
6603.35686922408  5.049329E-14
6603.41042452092  5.093893E-14
6603.46395951827  5.200539E-14
6603.51747421728  5.221083E-14
6603.57096861908  5.142088E-14
6603.6244427248  5.527605E-14
6603.67789653559  5.231638E-14
6603.73133005258  5.513091E-14
6603.78474327688  5.315178E-14
6603.83813620962  5.340251E-14
6603.89150885192  5.381884E-14
6603.94486120491  5.227167E-14
6603.99819326969  5.453485E-14
6604.05150504737  5.616969E-14
6604.10479653906  5.338801E-14
6604.15806774586  5.523563E-14
6604.21131866887  5.425524E-14
6604.26454930918  5.225324E-14
6604.3177596679  5.299786E-14
6604.3709497461  5.295439E-14
6604.42411954488  5.395219E-14
6604.47726906529  5.073332E-14
6604.53039830844  5.358460E-14
6604.58350727538  5.388309E-14
6604.63659596719  5.211502E-14
6604.68966438493  5.472335E-14
6604.74271252965  5.679796E-14
6604.79574040242  5.205740E-14
6604.84874800427  5.304575E-14
6604.90173533627  5.322284E-14
6604.95470239944  5.214292E-14
6605.00764919482  5.116025E-14
6605.06057572345  5.370875E-14
6605.11348198636  5.395152E-14
6605.16636798456  5.376289E-14
6605.21923371907  5.296670E-14
6605.2720791909  5.206726E-14
6605.32490440107  5.261790E-14
6605.37770935057  5.299530E-14
6605.4304940404  4.991540E-14
6605.48325847154  5.031199E-14
6605.536002645  5.235737E-14
6605.58872656174  5.389953E-14
6605.64143022274  5.052932E-14
6605.69411362897  4.946404E-14
6605.7467767814  5.329447E-14
6605.79941968098  5.457237E-14
6605.85204232866  5.511705E-14
6605.9046447254  5.228112E-14
6605.95722687212  5.278135E-14
6606.00978876977  5.238944E-14
6606.06233041928  5.211454E-14
6606.11485182156  5.230600E-14
6606.16735297752  5.261774E-14
6606.2198338881  4.666429E-14
6606.27229455417  5.055643E-14
6606.32473497664  5.081891E-14
6606.3771551564  5.334740E-14
6606.42955509433  5.089724E-14
6606.48193479131  5.401344E-14
6606.5342942482  5.497231E-14
6606.58663346588  5.697240E-14
6606.63895244519  5.281981E-14
6606.69125118699  5.454104E-14
6606.74352969212  5.396522E-14
6606.7957879614  5.362677E-14
6606.84802599567  5.447894E-14
6606.90024379574  5.345654E-14
6606.95244136244  5.642410E-14
6607.00461869656  5.492770E-14
6607.05677579889  5.451294E-14
6607.10891267024  5.775268E-14
6607.16102931137  5.561757E-14
6607.21312572307  5.458738E-14
6607.2652019061  5.681778E-14
6607.31725786121  5.372888E-14
6607.36929358915  5.198664E-14
6607.42130909068  5.436993E-14
6607.47330436651  4.959191E-14
6607.52527941737  4.923880E-14
6607.57723424398  5.405741E-14
6607.62916884705  5.507406E-14
6607.68108322727  5.221815E-14
6607.73297738533  5.337215E-14
6607.78485132192  5.034609E-14
6607.8367050377  5.332978E-14
6607.88853853334  5.454257E-14
6607.9403518095  5.100605E-14
6607.9921448668  4.938640E-14
6608.04391770591  5.712393E-14
6608.09567032743  5.293152E-14
6608.14740273198  5.483309E-14
6608.19911492017  5.399274E-14
6608.2508068926  5.207770E-14
6608.30247864985  5.710074E-14
6608.35413019251  5.355823E-14
6608.40576152113  5.036335E-14
6608.45737263628  5.455977E-14
6608.5089635385  5.059651E-14
6608.56053422834  5.201345E-14
6608.61208470631  5.036835E-14
6608.66361497293  5.175064E-14
6608.71512502871  5.209765E-14
6608.76661487414  5.280110E-14
6608.81808450972  5.401350E-14
6608.8695339359  5.733838E-14
6608.92096315315  5.380646E-14
6608.97237216194  5.392163E-14
6609.02376096268  5.671807E-14
6609.07512955582  5.611425E-14
6609.12647794177  5.401349E-14
6609.17780612094  5.152350E-14
6609.22911409373  5.117899E-14
6609.28040186051  5.353994E-14
6609.33166942165  5.360887E-14
6609.38291677752  5.931970E-14
6609.43414392847  5.258079E-14
6609.48535087483  5.452611E-14
6609.53653761693  5.413676E-14
6609.58770415507  5.398518E-14
6609.63885048955  5.864096E-14
6609.68997662067  5.559284E-14
6609.74108254868  5.609498E-14
6609.79216827387  5.558198E-14
6609.84323379647  5.236209E-14
6609.89427911672  5.914694E-14
6609.94530423485  5.212229E-14
6609.99630915106  5.796267E-14
6610.04729386554  5.357860E-14
6610.09825837849  5.416773E-14
6610.14920269007  5.469272E-14
6610.20012680043  5.962336E-14
6610.25103070973  5.638174E-14
6610.30191441809  5.203775E-14
6610.35277792562  5.534704E-14
6610.40362123243  5.519559E-14
6610.45444433859  5.356688E-14
6610.50524724419  5.441748E-14
6610.55602994929  5.575308E-14
6610.60679245392  5.746580E-14
6610.65753475812  5.346068E-14
6610.7082568619  5.519615E-14
6610.75895876526  5.713027E-14
6610.8096404682  5.679132E-14
6610.86030197066  5.693200E-14
6610.91094327262  5.826079E-14
6610.96156437401  5.641418E-14
6611.01216527476  5.913790E-14
6611.06274597478  5.548996E-14
6611.11330647395  5.602777E-14
6611.16384677216  5.396830E-14
6611.21436686928  5.307237E-14
6611.26486676513  5.332856E-14
6611.31534645957  5.444203E-14
6611.3658059524  5.540418E-14
6611.41624524342  5.327775E-14
6611.4666643324  5.671965E-14
6611.51706321913  5.836807E-14
6611.56744190333  5.380979E-14
6611.61780038475  5.166647E-14
6611.6681386631  5.343611E-14
6611.71845673809  5.477318E-14
6611.76875460937  5.363646E-14
6611.81903227663  5.668243E-14
6611.86928973951  5.747251E-14
6611.91952699763  5.809920E-14
6611.96974405062  5.915165E-14
6612.01994089805  5.563782E-14
6612.07011753951  5.266722E-14
6612.12027397455  4.791768E-14
6612.17041020272  4.749317E-14
6612.22052622353  5.020962E-14
6612.27062203648  5.433682E-14
6612.32069764107  5.588114E-14
6612.37075303675  5.330055E-14
6612.42078822298  5.289884E-14
6612.47080319917  5.627758E-14
6612.52079796475  5.603023E-14
6612.5707725191  5.541824E-14
6612.62072686158  5.687236E-14
6612.67066099156  5.895090E-14
6612.72057490836  5.802849E-14
6612.77046861129  5.561487E-14
6612.82034209965  6.270483E-14
6612.87019537271  5.423247E-14
6612.92002842973  5.772732E-14
6612.96984126992  5.730340E-14
6613.01963389252  5.563190E-14
6613.06940629669  5.804592E-14
6613.11915848162  5.750853E-14
6613.16889044646  5.790342E-14
6613.21860219034  5.679678E-14
6613.26829371235  5.739831E-14
6613.3179650116  5.511503E-14
6613.36761608714  5.682891E-14
6613.41724693803  6.270409E-14
6613.46685756327  5.353905E-14
6613.51644796188  5.937757E-14
6613.56601813283  5.475718E-14
6613.61556807508  6.220961E-14
6613.66509778756  5.609085E-14
6613.71460726919  5.859201E-14
6613.76409651885  5.690756E-14
6613.81356553542  5.840067E-14
6613.86301431774  5.757540E-14
6613.91244286463  5.644839E-14
6613.96185117489  5.540359E-14
6614.0112392473  5.472661E-14
6614.06060708061  5.607109E-14
6614.10995467354  5.403556E-14
6614.15928202481  5.121536E-14
6614.2085891331  5.386876E-14
6614.25787599706  6.071693E-14
6614.30714261534  5.601486E-14
6614.35638898653  5.354331E-14
6614.40561510923  5.579219E-14
6614.454820982  5.898470E-14
6614.50400660337  5.314084E-14
6614.55317197186  5.356772E-14
6614.60231708595  5.399269E-14
6614.65144194411  5.767436E-14
6614.70054654477  5.650693E-14
6614.74963088634  5.731387E-14
6614.79869496722  5.260223E-14
6614.84773878576  5.845801E-14
6614.8967623403  5.782867E-14
6614.94576562914  5.999223E-14
6614.99474865057  6.082341E-14
6615.04371140285  5.622147E-14
6615.0926538842  5.431906E-14
6615.14157609283  5.348936E-14
6615.19047802692  5.427991E-14
6615.23935968461  5.717000E-14
6615.28822106403  5.987925E-14
6615.33706216328  6.028681E-14
6615.38588298042  6.049574E-14
6615.43468351349  5.978060E-14
6615.48346376051  5.640258E-14
6615.53222371947  5.517170E-14
6615.58096338831  5.210499E-14
6615.62968276498  5.492178E-14
6615.67838184737  5.595299E-14
6615.72706063334  5.764483E-14
6615.77571912076  5.521378E-14
6615.82435730743  5.587783E-14
6615.87297519114  5.322199E-14
6615.92157276965  5.681734E-14
6615.97015004068  5.665053E-14
6616.01870700193  5.510347E-14
6616.06724365107  4.994810E-14
6616.11575998575  5.288355E-14
6616.16425600356  5.499948E-14
6616.21273170209  5.568578E-14
6616.26118707889  5.767889E-14
6616.30962213148  5.527498E-14
6616.35803685734  6.160799E-14
6616.40643125392  5.487323E-14
6616.45480531867  5.061091E-14
6616.50315904897  5.984234E-14
6616.55149244218  5.342644E-14
6616.59980549563  5.828489E-14
6616.64809820664  6.050377E-14
6616.69637057246  6.009292E-14
6616.74462259033  5.613780E-14
6616.79285425747  4.452777E-14
6616.84106557103  4.215329E-14
6616.88925652816  2.803512E-14
6616.93742712597  3.603048E-14
6616.98557736152  1.163692E-12
6617.03370723188  8.602145E-14
6617.08181673403  6.453293E-14
6617.12990586495  6.517308E-14
6617.1779746216  7.529425E-14
6617.22602300087  6.353131E-14
6617.27405099963  6.277607E-14
6617.32205861473  5.263880E-14
6617.37004584298  5.613219E-14
6617.41801268113  5.803606E-14
6617.46595912594  5.977689E-14
6617.5138851741  5.141042E-14
6617.56179082227  4.987005E-14
6617.60967606709  5.444244E-14
6617.65754090516  5.698795E-14
6617.70538533303  5.957002E-14
6617.75320934724  5.955471E-14
6617.80101294425  5.691953E-14
6617.84879612054  5.408929E-14
6617.89655887252  5.812353E-14
6617.94430119657  5.931164E-14
6617.99202308903  6.044259E-14
6618.0397245462  5.834959E-14
6618.08740556436  5.728437E-14
6618.13506613974  5.966338E-14
6618.18270626854  5.885690E-14
6618.2303259469  5.603489E-14
6618.27792517096  5.497976E-14
6618.32550393679  5.708158E-14
6618.37306224045  5.236499E-14
6618.42060007792  5.278234E-14
6618.46811744518  5.784172E-14
6618.51561433815  5.337233E-14
6618.56309075273  6.145944E-14
6618.61054668478  5.263507E-14
6618.65798213008  5.406460E-14
6618.70539708442  5.866591E-14
6618.75279154353  6.131345E-14
6618.80016550311  5.457590E-14
6618.8475189588  5.887634E-14
6618.89485190621  5.589160E-14
6618.94216434091  5.618542E-14
6618.98945625844  5.209397E-14
6619.03672765428  5.868685E-14
6619.08397852389  5.861776E-14
6619.13120886267  5.668920E-14
6619.17841866598  5.475459E-14
6619.22560792915  5.222755E-14
6619.27277664746  5.439392E-14
6619.31992481615  4.959452E-14
6619.36705243041  5.220800E-14
6619.41415948542  5.663245E-14
6619.46124597627  5.913325E-14
6619.50831189803  6.207448E-14
6619.55535724574  5.555740E-14
6619.60238201437  5.745704E-14
6619.64938619886  5.548534E-14
6619.69636979412  5.257548E-14
6619.74333279499  6.162390E-14
6619.79027519628  5.535050E-14
6619.83719699276  6.421778E-14
6619.88409817914  5.868343E-14
6619.93097875009  6.131763E-14
6619.97783870026  5.744016E-14
6620.02467802422  5.576724E-14
6620.07149671651  5.914494E-14
6620.11829477162  5.671701E-14
6620.16507218401  4.968380E-14
6620.21182894807  5.911084E-14
6620.25856505816  5.797047E-14
6620.30528050859  5.878535E-14
6620.35197529361  5.953500E-14
6620.39864940745  5.877338E-14
6620.44530284428  5.567870E-14
6620.49193559821  5.483668E-14
6620.53854766333  5.355713E-14
6620.58513903364  5.151186E-14
6620.63170970314  5.019806E-14
6620.67825966574  5.774478E-14
6620.72478891534  5.705737E-14
6620.77129744577  5.658034E-14
6620.81778525081  5.230745E-14
6620.86425232419  5.539363E-14
6620.9106986596  5.993144E-14
6620.95712425068  5.332271E-14
6621.00352909101  5.866968E-14
6621.04991317413  6.679349E-14
6621.09627649352  5.361453E-14
6621.14261904262  6.138310E-14
6621.18894081483  6.215676E-14
6621.23524180346  6.609124E-14
6621.28152200181  5.588177E-14
6621.3277814031  5.338603E-14
6621.37402000052  5.689943E-14
6621.4202377872  5.589067E-14
6621.46643475621  5.962099E-14
6621.51261090058  5.697018E-14
6621.55876621327  5.676762E-14
6621.60490068722  5.670965E-14
6621.65101431529  5.850769E-14
6621.69710709028  6.058846E-14
6621.74317900497  5.897275E-14
6621.78923005205  5.484491E-14
6621.83526022418  5.481678E-14
6621.88126951397  5.353029E-14
6621.92725791394  4.974693E-14
6621.9732254166  5.320898E-14
6622.01917201438  5.201343E-14
6622.06509769966  5.682615E-14
6622.11100246477  6.017640E-14
6622.15688630197  5.427784E-14
6622.20274920347  6.265390E-14
6622.24859116144  6.024323E-14
6622.29441216799  6.279121E-14
6622.34021221514  5.329074E-14
6622.3859912949  6.334267E-14
6622.4317493992  5.668063E-14
6622.4774865199  5.845368E-14
6622.52320264883  5.546775E-14
6622.56889777774  5.733399E-14
6622.61457189834  5.490651E-14
6622.66022500228  5.711107E-14
6622.70585708114  5.357030E-14
6622.75146812643  5.701532E-14
6622.79705812964  5.335327E-14
6622.84262708218  5.267052E-14
6622.88817497538  5.507971E-14
6622.93370180054  5.510469E-14
6622.97920754889  5.000224E-14
6623.0246922116  4.538642E-14
6623.07015577979  5.059873E-14
6623.11559824449  5.256399E-14
6623.1610195967  5.001284E-14
6623.20641982735  5.241745E-14
6623.2517989273  5.871401E-14
6623.29715688735  5.719214E-14
6623.34249369825  5.531645E-14
6623.38780935068  6.226707E-14
6623.43310383525  5.447606E-14
6623.47837714252  5.659989E-14
6623.52362926299  5.585508E-14
6623.56886018708  5.053136E-14
6623.61406990516  5.809894E-14
6623.65925840753  5.415336E-14
6623.70442568443  5.487995E-14
6623.74957172603  5.552541E-14
6623.79469652244  5.128528E-14
6623.83980006372  5.113745E-14
6623.88488233983  5.126591E-14
6623.9299433407  4.988227E-14
6623.97498305617  6.063315E-14
6624.02000147603  4.947320E-14
6624.06499859  6.296829E-14
6624.10997438771  5.732391E-14
6624.15492885877  5.881847E-14
6624.1998619927  6.205315E-14
6624.24477377893  5.853849E-14
6624.28966420686  5.370810E-14
6624.3345332658  5.812612E-14
6624.37938094501  5.632964E-14
6624.42420723365  5.720070E-14
6624.46901212084  5.943216E-14
6624.51379559564  5.648164E-14
6624.558557647  5.804009E-14
6624.60329826384  5.118511E-14
6624.64801743499  5.742165E-14
6624.69271514921  5.828645E-14
6624.73739139521  5.644815E-14
6624.78204616162  5.940597E-14
6624.82667943697  5.241108E-14
6624.87129120976  5.841920E-14
6624.91588146841  6.281086E-14
6624.96045020125  5.625099E-14
6625.00499739656  5.150568E-14
6625.04952304252  5.619808E-14
6625.09402712728  5.689037E-14
6625.13850963888  5.062953E-14
6625.1829705653  6.426230E-14
6625.22740989444  5.601152E-14
6625.27182761416  5.382084E-14
6625.3162237122  5.919013E-14
6625.36059817625  6.073896E-14
6625.40495099393  5.775702E-14
6625.44928215276  6.172564E-14
6625.49359164023  5.872240E-14
6625.53787944371  5.824227E-14
6625.58214555051  5.629242E-14
6625.62638994789  6.009844E-14
6625.67061262298  6.108318E-14
6625.71481356289  7.234638E-14
6625.75899275462  5.306886E-14
6625.8031501851  5.964588E-14
6625.84728584119  6.222482E-14
6625.89139970966  5.603888E-14
6625.93549177722  6.181289E-14
6625.97956203049  5.997103E-14
6626.023610456  5.376900E-14
6626.06763704023  5.975583E-14
6626.11164176957  6.258173E-14
6626.15562463031  5.494533E-14
6626.1995856087  5.705863E-14
6626.24352469087  6.028413E-14
6626.28744186289  5.856693E-14
6626.33133711076  5.007609E-14
6626.37521042038  5.939438E-14
6626.41906177757  5.020556E-14
6626.46289116809  5.312647E-14
6626.5066985776  5.788228E-14
6626.55048399167  6.225293E-14
6626.59424739581  5.348763E-14
6626.63798877544  5.282532E-14
6626.68170811589  5.718475E-14
6626.72540540242  5.297973E-14
