6498.09228515622  1.507376E-14
6498.15666618764  1.478177E-14
6498.22104721906  9.867261E-15
6498.28542825048  5.866715E-15
6498.34980928191  1.605877E-14
6498.41419031333  4.004673E-14
6498.47857134475  2.026738E-14
6498.54295237617  3.706468E-15
6498.60733340759  2.636662E-14
6498.67171443902  2.987739E-14
6498.73609547044  2.608873E-14
6498.80047650186  1.387474E-14
6498.86485753328  1.024265E-14
6498.9292385647  3.987949E-14
6498.99361959613  2.367161E-14
6499.05800062755  6.436540E-15
6499.12238165897  1.606260E-14
6499.18676269039  2.703864E-15
6499.25114372181  5.778364E-15
6499.31552475324  1.907486E-14
6499.37990578466  1.909832E-14
6499.44428681608  5.987735E-15
6499.5086678475  6.911006E-15
6499.57304887892  2.951054E-14
6499.63742991035  4.259030E-14
6499.70181094177  2.256993E-14
6499.76619197319  1.985897E-14
6499.83057300461  1.493171E-14
6499.89495403603  6.686221E-15
6499.95933506746  1.277110E-14
6500.02371609888  5.869106E-15
6500.0880971303  8.319709E-15
6500.15247816172  2.242392E-14
6500.21685919315  2.485292E-14
6500.28124022457  9.987281E-15
6500.34562125599  1.396629E-14
6500.41000228741  2.167963E-14
6500.47438331883  1.119132E-14
6500.53876435026  1.431314E-14
6500.60314538168  1.369674E-14
6500.6675264131  1.338018E-14
6500.73190744452  2.156055E-14
6500.79628847594  2.438887E-14
6500.86066950737  2.161277E-14
6500.92505053879  1.239653E-14
6500.98943157021  6.501552E-15
6501.05381260163  1.455416E-14
6501.11819363305  5.446302E-15
6501.18257466448  3.331548E-15
6501.2469556959  1.275611E-14
6501.31133672732  7.849881E-15
6501.37571775874  2.252944E-14
6501.44009879016  2.556764E-14
6501.50447982159  1.076157E-14
6501.56886085301  7.781955E-15
6501.63324188443  9.494951E-15
6501.69762291585  2.194800E-14
6501.76200394728  2.832538E-14
6501.8263849787  1.038997E-14
6501.89076601012  -9.453071E-15
6501.95514704154  -2.711648E-15
6502.01952807296  1.447816E-14
6502.08390910438  2.084390E-14
6502.14829013581  2.901419E-14
6502.21267116723  1.664979E-14
6502.27705219865  -4.025173E-15
6502.34143323007  -7.294023E-15
6502.4058142615  9.214763E-15
6502.47019529292  2.642733E-14
6502.53457632434  1.942784E-14
6502.59895735576  4.849991E-15
6502.66333838718  1.638249E-14
6502.7277194186  1.790321E-14
6502.79210045003  7.221701E-15
6502.85648148145  2.338371E-15
6502.92086251287  1.335329E-14
6502.98524354429  2.751659E-14
6503.04962457571  1.675647E-14
6503.11400560714  -3.773496E-16
6503.17838663856  5.868694E-15
6503.24276766998  1.789779E-14
6503.30714870141  1.448235E-14
6503.37152973282  1.017096E-14
6503.43591076425  1.571480E-14
6503.50029179567  1.334575E-14
6503.56467282709  1.201337E-14
6503.62905385851  1.994564E-14
6503.69343488994  2.457544E-14
6503.75781592136  1.169974E-14
6503.82219695278  8.787190E-15
6503.8865779842  9.470589E-15
6503.95095901562  9.632967E-15
6504.01534004705  1.398263E-14
6504.07972107847  1.457764E-14
6504.14410210989  1.321626E-14
6504.20848314131  1.383255E-14
6504.27286417273  1.444510E-14
6504.33724520416  8.947356E-15
6504.40162623558  5.409542E-15
6504.466007267  6.969712E-15
6504.53038829842  1.195846E-14
6504.59476932985  1.718966E-14
6504.65915036127  1.619219E-14
6504.72353139269  8.527877E-15
6504.78791242411  4.493786E-15
6504.85229345553  1.108955E-14
6504.91667448696  1.472030E-14
6504.98105551838  1.510442E-14
6505.0454365498  1.343705E-14
6505.10981758122  1.084004E-14
6505.17419861264  1.179800E-14
6505.23857964406  1.699682E-14
6505.30296067549  1.774340E-14
6505.36734170691  1.198654E-14
6505.43172273833  1.222951E-14
6505.49610376975  2.723423E-14
6505.56048480117  1.891351E-14
6505.6248658326  -3.548634E-15
6505.68924686402  2.128719E-15
6505.75362789544  9.945383E-15
6505.81800892686  8.014050E-15
6505.88238995829  5.264210E-15
6505.94677098971  1.022669E-14
6506.01115202113  1.434281E-14
6506.07553305255  1.302062E-14
6506.13991408397  1.240324E-14
6506.2042951154  1.648623E-14
6506.26867614682  1.952375E-14
6506.33305717824  1.626224E-14
6506.39743820966  1.537582E-14
6506.46181924108  1.955162E-14
6506.52620027251  2.189450E-14
6506.59058130393  1.927377E-14
6506.65496233535  1.577787E-14
6506.71934336677  1.671714E-14
6506.78372439819  1.891624E-14
6506.84810542962  1.396043E-14
6506.91248646104  1.141835E-14
6506.97686749246  1.400603E-14
6507.04124852388  1.696109E-14
6507.1056295553  1.694460E-14
6507.17001058673  1.803729E-14
6507.23439161815  1.605456E-14
6507.29877264957  1.030058E-14
6507.36315368099  7.891290E-15
6507.42753471241  1.447287E-14
6507.49191574384  1.467207E-14
6507.55629677526  7.944499E-15
6507.62067780668  9.397440E-15
6507.6850588381  2.419358E-14
6507.74943986952  2.448994E-14
6507.81382090095  2.130800E-14
6507.87820193237  1.978547E-14
6507.94258296379  1.492211E-14
6508.00696399521  1.439233E-14
6508.07134502663  1.284069E-14
6508.13572605806  1.151566E-14
6508.20010708948  1.256523E-14
6508.2644881209  1.241687E-14
6508.32886915232  9.839186E-15
6508.39325018374  1.024251E-14
6508.45763121517  1.056105E-14
6508.52201224659  6.641884E-15
6508.58639327801  7.769174E-15
6508.65077430943  1.243139E-14
6508.71515534085  1.292573E-14
6508.77953637228  9.624882E-15
6508.8439174037  1.095028E-14
6508.90829843512  1.253484E-14
6508.97267946654  1.098013E-14
6509.03706049797  1.142187E-14
6509.10144152939  1.781543E-14
6509.16582256081  2.041405E-14
6509.23020359223  1.075971E-14
6509.29458462365  2.410486E-15
6509.35896565508  7.397272E-15
6509.4233466865  1.586024E-14
6509.48772771792  1.252657E-14
6509.55210874934  8.538684E-15
6509.61648978077  1.154345E-14
6509.68087081219  1.593999E-14
6509.74525184361  1.647777E-14
6509.80963287503  1.175848E-14
6509.87401390645  6.635787E-15
6509.93839493787  6.514943E-15
6510.0027759693  9.365157E-15
6510.06715700072  5.095968E-15
6510.13153803214  7.230217E-15
6510.19591906356  1.062754E-14
6510.26030009498  6.811772E-15
6510.32468112641  1.058778E-14
6510.38906215783  8.233461E-15
6510.45344318925  8.765766E-15
6510.51782422067  1.244433E-14
6510.5822052521  7.765981E-15
6510.64658628352  1.150392E-14
6510.71096731494  1.445352E-14
6510.77534834636  1.613289E-14
6510.83972937778  1.658528E-14
6510.90411040921  7.225423E-15
6510.96849144063  7.112475E-15
6511.03287247205  1.309154E-14
6511.09725350347  1.149669E-14
6511.16163453489  5.631681E-15
6511.22601556632  1.662133E-14
6511.29039659774  1.846940E-14
6511.35477762916  1.139292E-14
6511.41915866058  1.037147E-14
6511.483539692  1.361364E-14
6511.54792072343  9.845794E-15
6511.61230175485  6.945007E-15
6511.67668278627  7.720579E-15
6511.74106381769  7.458401E-15
6511.80544484911  6.669914E-15
6511.86982588054  8.284249E-15
6511.93420691196  8.689588E-15
6511.99858794338  6.111385E-15
6512.0629689748  4.941698E-15
6512.12735000623  8.717835E-15
6512.19173103765  9.797254E-15
6512.25611206907  1.010360E-14
6512.32049310049  1.307314E-14
6512.38487413191  1.389657E-14
6512.44925516333  1.007567E-14
6512.51363619476  1.312661E-14
6512.57801722618  1.623524E-14
6512.6423982576  9.480985E-15
6512.70677928902  4.800256E-15
6512.77116032044  5.200128E-15
6512.83554135187  7.531688E-15
6512.89992238329  1.090614E-14
6512.96430341471  1.322178E-14
6513.02868444613  6.897366E-15
6513.09306547755  6.874156E-15
6513.15744650898  1.132848E-14
6513.2218275404  1.293051E-14
6513.28620857182  1.345208E-14
6513.35058960324  1.283127E-14
6513.41497063467  8.670224E-15
6513.47935166609  6.388999E-15
6513.54373269751  8.757326E-15
6513.60811372893  9.234031E-15
6513.67249476035  9.721258E-15
6513.73687579178  1.119522E-14
6513.8012568232  1.520943E-14
6513.86563785462  1.685242E-14
6513.93001888604  8.205891E-15
6513.99439991746  1.325301E-14
6514.05878094888  1.610203E-14
6514.12316198031  1.062500E-14
6514.18754301173  1.201361E-14
6514.25192404315  1.420946E-14
6514.31630507457  1.415180E-14
6514.38068610599  1.019323E-14
6514.44506713742  6.328486E-15
6514.50944816884  8.160012E-15
6514.57382920026  1.128965E-14
6514.63821023168  1.027754E-14
6514.70259126311  9.946981E-15
6514.76697229453  1.098778E-14
6514.83135332595  7.262377E-15
6514.89573435737  8.703948E-15
6514.96011538879  8.108832E-15
6515.02449642022  8.013903E-15
6515.08887745164  9.980091E-15
6515.15325848306  5.071827E-15
6515.21763951448  7.643657E-15
6515.2820205459  9.774383E-15
6515.34640157733  9.040178E-15
6515.41078260875  9.832827E-15
6515.47516364017  8.207086E-15
6515.53954467159  7.590989E-15
6515.60392570301  9.019575E-15
6515.66830673444  1.118071E-14
6515.73268776586  1.296616E-14
6515.79706879728  1.353386E-14
6515.8614498287  9.113997E-15
6515.92583086013  8.322256E-15
6515.99021189155  1.403027E-14
6516.05459292297  1.669456E-14
6516.11897395439  1.053716E-14
6516.18335498581  7.403628E-15
6516.24773601723  5.971631E-15
6516.31211704866  4.207386E-15
6516.37649808008  4.938716E-15
6516.4408791115  4.406284E-15
6516.50526014292  7.019727E-15
6516.56964117434  7.177351E-15
6516.63402220577  4.352265E-15
6516.69840323719  6.081426E-15
6516.76278426861  8.624505E-15
6516.82716530003  4.808011E-15
6516.89154633146  2.794348E-15
6516.95592736288  7.356829E-15
6517.0203083943  1.025073E-14
6517.08468942572  8.510234E-15
6517.14907045714  8.203498E-15
6517.21345148856  1.010371E-14
6517.27783251999  1.096421E-14
6517.34221355141  9.625364E-15
6517.40659458283  7.569171E-15
6517.47097561425  7.244157E-15
6517.53535664568  8.618277E-15
6517.5997376771  8.132558E-15
6517.66411870852  6.004667E-15
6517.72849973994  1.125661E-14
6517.79288077137  1.224323E-14
6517.85726180279  1.111780E-14
6517.92164283421  1.038323E-14
6517.98602386563  6.676086E-15
6518.05040489705  9.942203E-15
6518.11478592847  8.835009E-15
6518.1791669599  6.875568E-15
6518.24354799132  8.186950E-15
6518.30792902274  8.133908E-15
6518.37231005416  1.106752E-14
6518.43669108559  1.085048E-14
6518.50107211701  1.056511E-14
6518.56545314843  1.176091E-14
6518.62983417985  1.031837E-14
6518.69421521127  9.101788E-15
6518.75859624269  6.193170E-15
6518.82297727412  7.189793E-15
6518.88735830554  9.537923E-15
6518.95173933696  7.391265E-15
6519.01612036838  9.970881E-15
6519.0805013998  7.065039E-15
6519.14488243123  7.669204E-15
6519.20926346265  1.133646E-14
6519.27364449407  7.963287E-15
6519.33802552549  7.543819E-15
6519.40240655692  1.229052E-14
6519.46678758834  1.226021E-14
6519.53116861976  9.313517E-15
6519.59554965118  1.055819E-14
6519.6599306826  9.186262E-15
6519.72431171403  7.583479E-15
6519.78869274545  5.307222E-15
6519.85307377687  7.149370E-15
6519.91745480829  1.210963E-14
6519.98183583971  1.046405E-14
6520.04621687114  1.644859E-14
6520.11059790256  1.515882E-14
6520.17497893398  8.204509E-15
6520.2393599654  9.283474E-15
6520.30374099682  1.375272E-14
6520.36812202825  1.027686E-14
6520.43250305967  8.417514E-15
6520.49688409109  1.012397E-14
6520.56126512251  9.936815E-15
6520.62564615393  7.163739E-15
6520.69002718536  4.284152E-15
6520.75440821678  7.191718E-15
6520.8187892482  1.037650E-14
6520.88317027962  9.327197E-15
6520.94755131105  8.044580E-15
6521.01193234247  9.454824E-15
6521.07631337389  1.488778E-14
6521.14069440531  1.023457E-14
6521.20507543673  1.815111E-15
6521.26945646815  4.319605E-15
6521.33383749958  7.126801E-15
6521.398218531  1.215779E-14
6521.46259956242  1.216753E-14
6521.52698059384  8.604693E-15
6521.59136162527  7.992933E-15
6521.65574265669  9.168937E-15
6521.72012368811  1.170442E-14
6521.78450471953  1.002654E-14
6521.84888575095  7.613734E-15
6521.91326678237  9.115352E-15
6521.9776478138  1.113556E-14
6522.04202884522  1.027403E-14
6522.10640987664  1.002876E-14
6522.17079090806  1.053567E-14
6522.23517193949  1.161058E-14
6522.29955297091  1.304337E-14
6522.36393400233  1.192176E-14
6522.42831503375  1.153427E-14
6522.49269606517  1.143497E-14
6522.5570770966  9.426451E-15
6522.62145812802  8.472756E-15
6522.68583915944  1.181437E-14
6522.75022019086  9.078407E-15
6522.81460122228  1.084942E-14
6522.87898225371  1.357441E-14
6522.94336328513  9.345799E-15
6523.00774431655  4.494300E-15
6523.07212534797  6.808885E-15
6523.13650637939  8.955129E-15
6523.20088741081  8.798244E-15
6523.26526844224  6.548918E-15
6523.32964947366  4.668382E-15
6523.39403050508  8.334025E-15
6523.45841153651  1.027794E-14
6523.52279256793  8.586987E-15
6523.58717359935  6.366963E-15
6523.65155463077  7.564607E-15
6523.71593566219  1.148634E-14
6523.78031669361  1.116207E-14
6523.84469772504  1.026565E-14
6523.90907875646  9.348975E-15
6523.97345978788  8.297286E-15
6524.0378408193  8.463170E-15
6524.10222185072  9.295374E-15
6524.16660288215  1.073748E-14
6524.23098391357  1.057244E-14
6524.29536494499  9.540811E-15
6524.35974597641  8.464100E-15
6524.42412700784  6.594239E-15
6524.48850803926  6.741875E-15
6524.55288907068  8.025525E-15
6524.6172701021  7.768439E-15
6524.68165113352  8.318052E-15
6524.74603216495  1.115755E-14
6524.81041319637  1.122301E-14
6524.87479422779  1.204343E-14
6524.93917525921  8.663500E-15
6525.00355629063  5.885879E-15
6525.06793732205  6.265283E-15
6525.13231835348  4.122709E-15
6525.1966993849  5.205527E-15
6525.26108041632  9.466005E-15
6525.32546144774  8.968346E-15
6525.38984247916  8.093372E-15
6525.45422351059  1.050533E-14
6525.51860454201  6.526002E-15
6525.58298557343  5.617810E-15
6525.64736660485  6.105070E-15
6525.71174763628  6.666586E-15
6525.7761286677  8.679857E-15
6525.84050969912  1.034971E-14
6525.90489073054  8.274248E-15
6525.96927176196  8.682280E-15
6526.03365279339  8.568812E-15
6526.09803382481  9.430800E-15
6526.16241485623  1.269527E-14
6526.22679588765  1.299605E-14
6526.29117691907  1.075442E-14
6526.3555579505  8.975687E-15
6526.41993898192  7.468211E-15
6526.48432001334  9.114771E-15
6526.54870104476  1.182373E-14
6526.61308207619  7.226457E-15
6526.67746310761  5.871878E-15
6526.74184413903  8.768857E-15
6526.80622517045  9.693221E-15
6526.87060620187  9.359529E-15
6526.93498723329  1.284971E-14
6526.99936826472  1.770073E-14
6527.06374929614  2.245898E-14
6527.12813032756  2.371401E-14
6527.19251135898  2.359873E-14
6527.25689239041  2.465988E-14
6527.32127342183  2.420304E-14
6527.38565445325  2.047531E-14
6527.45003548467  1.902288E-14
6527.51441651609  1.877456E-14
6527.57879754751  1.765415E-14
6527.64317857894  1.775899E-14
6527.70755961036  1.982060E-14
6527.77194064178  1.807652E-14
6527.8363216732  1.595445E-14
6527.90070270463  1.413348E-14
6527.96508373605  1.341690E-14
6528.02946476747  1.242591E-14
6528.09384579889  8.900297E-15
6528.15822683031  1.005196E-14
6528.22260786174  1.056000E-14
6528.28698889316  9.420507E-15
6528.35136992458  7.116437E-15
6528.415750956  5.449701E-15
6528.48013198742  7.415657E-15
6528.54451301885  7.038911E-15
6528.60889405027  8.059319E-15
6528.67327508169  8.333496E-15
6528.73765611311  8.915874E-15
6528.80203714453  1.087659E-14
6528.86641817596  8.265619E-15
6528.93079920738  6.546533E-15
6528.9951802388  9.905858E-15
6529.05956127022  9.676520E-15
6529.12394230164  7.080200E-15
6529.18832333307  8.893805E-15
6529.25270436449  8.740069E-15
6529.31708539591  6.759812E-15
6529.38146642733  6.646262E-15
6529.44584745875  8.277577E-15
6529.51022849018  7.756872E-15
6529.5746095216  5.725966E-15
6529.63899055302  7.325082E-15
6529.70337158444  8.130889E-15
6529.76775261587  8.609487E-15
6529.83213364729  9.343685E-15
6529.89651467871  8.745929E-15
6529.96089571013  8.537579E-15
6530.02527674155  1.144801E-14
6530.08965777297  9.749858E-15
6530.1540388044  1.060803E-14
6530.21841983582  1.070615E-14
6530.28280086724  8.460795E-15
6530.34718189866  7.932440E-15
6530.41156293009  8.517896E-15
6530.47594396151  9.186580E-15
6530.54032499293  8.868781E-15
6530.60470602435  7.850698E-15
6530.66908705577  7.298849E-15
6530.73346808719  8.418431E-15
6530.79784911862  1.057133E-14
6530.86223015004  1.058969E-14
6530.92661118146  9.777646E-15
6530.99099221288  9.981516E-15
6531.05537324431  9.736808E-15
6531.11975427573  8.258000E-15
6531.18413530715  7.890349E-15
6531.24851633857  9.387805E-15
6531.31289736999  1.116137E-14
6531.37727840142  1.125848E-14
6531.44165943284  9.649038E-15
6531.50604046426  8.160202E-15
6531.57042149568  8.177398E-15
6531.6348025271  8.773024E-15
6531.69918355853  8.326332E-15
6531.76356458995  8.309469E-15
6531.82794562137  8.610113E-15
6531.89232665279  9.431393E-15
6531.95670768421  8.788506E-15
6532.02108871564  4.858116E-15
6532.08546974706  7.695394E-15
6532.14985077848  8.408746E-15
6532.2142318099  7.851362E-15
6532.27861284133  8.752083E-15
6532.34299387275  8.026335E-15
6532.40737490417  5.913430E-15
6532.47175593559  7.935781E-15
6532.53613696701  8.230911E-15
6532.60051799843  7.687473E-15
6532.66489902986  8.496190E-15
6532.72928006128  9.812860E-15
6532.7936610927  1.036110E-14
6532.85804212412  1.119783E-14
6532.92242315555  1.508402E-14
6532.98680418697  1.770634E-14
6533.05118521839  1.857317E-14
6533.11556624981  1.794699E-14
6533.17994728123  1.351261E-14
6533.24432831266  7.699328E-15
6533.30870934408  9.181872E-15
6533.3730903755  9.631442E-15
6533.43747140692  9.224757E-15
6533.50185243834  8.216487E-15
6533.56623346977  8.382594E-15
6533.63061450119  1.060669E-14
6533.69499553261  7.871558E-15
6533.75937656403  7.929543E-15
6533.82375759545  7.731862E-15
6533.88813862688  7.066870E-15
6533.9525196583  7.111144E-15
6534.01690068972  6.454980E-15
6534.08128172114  5.281012E-15
6534.14566275256  6.307431E-15
6534.21004378398  8.708659E-15
6534.27442481541  7.937148E-15
6534.33880584683  6.013381E-15
6534.40318687825  7.318981E-15
6534.46756790967  9.787771E-15
6534.5319489411  9.281758E-15
6534.59632997252  9.162090E-15
6534.66071100394  6.548091E-15
6534.72509203536  5.692171E-15
6534.78947306678  1.594667E-14
6534.85385409821  2.219243E-14
6534.91823512963  8.476256E-15
6534.98261616105  5.261125E-15
6535.04699719247  8.237772E-15
6535.11137822389  8.572638E-15
6535.17575925532  7.901377E-15
6535.24014028674  8.137498E-15
6535.30452131816  7.040457E-15
6535.36890234958  6.490157E-15
6535.43328338101  1.109806E-14
6535.49766441243  1.051456E-14
6535.56204544385  7.033417E-15
6535.62642647527  7.467717E-15
6535.69080750669  1.026641E-14
6535.75518853811  1.072211E-14
6535.81956956954  9.853164E-15
6535.88395060096  8.607347E-15
6535.94833163238  7.066629E-15
6536.0127126638  6.598978E-15
6536.07709369523  7.657562E-15
6536.14147472665  7.988944E-15
6536.20585575807  6.559099E-15
6536.27023678949  6.190189E-15
6536.33461782091  7.163577E-15
6536.39899885233  8.002297E-15
6536.46337988376  7.977134E-15
6536.52776091518  7.915918E-15
6536.5921419466  7.161531E-15
6536.65652297802  5.687691E-15
6536.72090400945  6.662278E-15
6536.78528504087  7.989614E-15
6536.84966607229  6.368645E-15
6536.91404710371  5.142126E-15
6536.97842813513  5.011551E-15
6537.04280916656  5.996661E-15
6537.10719019798  8.609004E-15
6537.1715712294  9.489441E-15
6537.23595226082  9.446377E-15
6537.30033329224  7.692839E-15
6537.36471432367  7.726813E-15
6537.42909535509  7.349093E-15
6537.49347638651  6.982620E-15
6537.55785741793  6.166496E-15
6537.62223844935  8.611235E-15
6537.68661948078  3.926348E-14
6537.7510005122  2.477067E-14
6537.81538154362  5.601312E-15
6537.87976257504  5.802775E-15
6537.94414360647  6.883170E-15
6538.00852463789  6.214910E-15
6538.07290566931  7.191494E-15
6538.13728670073  9.532686E-15
6538.20166773215  9.518831E-15
6538.26604876357  1.044929E-14
6538.330429795  1.052983E-14
6538.39481082642  8.816447E-15
6538.45919185784  7.940416E-15
6538.52357288926  8.049299E-15
6538.58795392069  9.236512E-15
6538.65233495211  1.004057E-14
6538.71671598353  9.052105E-15
6538.78109701495  6.923733E-15
6538.84547804637  7.354979E-15
6538.9098590778  8.838052E-15
6538.97424010922  8.290424E-15
6539.03862114064  1.000564E-14
6539.10300217206  7.881057E-15
6539.16738320348  7.848631E-15
6539.23176423491  7.892821E-15
6539.29614526633  6.510733E-15
6539.36052629775  5.779574E-15
6539.42490732917  5.939093E-15
6539.48928836059  6.501809E-15
6539.55366939202  7.994630E-15
6539.61805042344  9.738671E-15
6539.68243145486  9.774166E-15
6539.74681248628  8.464338E-15
6539.8111935177  7.524125E-15
6539.87557454913  9.024321E-15
6539.93995558055  1.152628E-14
6540.00433661197  9.930023E-15
6540.06871764339  9.478410E-15
6540.13309867481  7.301740E-15
6540.19747970624  6.472625E-15
6540.26186073766  7.662657E-15
6540.32624176908  7.675859E-15
6540.3906228005  6.938520E-15
6540.45500383192  7.582464E-15
6540.51938486335  7.986298E-15
6540.58376589477  9.611782E-15
6540.64814692619  7.723069E-15
6540.71252795761  5.795977E-15
6540.77690898904  7.190337E-15
6540.84129002046  8.578603E-15
6540.90567105188  8.293603E-15
6540.9700520833  9.253815E-15
6541.03443311472  9.775636E-15
6541.09881414615  7.488613E-15
6541.16319517757  7.939032E-15
6541.22757620899  9.398016E-15
6541.29195724041  9.214536E-15
6541.35633827183  8.879399E-15
6541.42071930325  8.312869E-15
6541.48510033468  7.323481E-15
6541.5494813661  7.739256E-15
6541.61386239752  8.406997E-15
6541.67824342894  8.210426E-15
6541.74262446037  7.709439E-15
6541.80700549179  8.456324E-15
6541.87138652321  9.117392E-15
6541.93576755463  8.126526E-15
6542.00014858605  8.766524E-15
6542.06452961748  8.210718E-15
6542.1289106489  7.160739E-15
6542.19329168032  8.115743E-15
6542.25767271174  1.022326E-14
6542.32205374316  1.064995E-14
6542.38643477459  8.316703E-15
6542.45081580601  5.997453E-15
6542.51519683743  7.283818E-15
6542.57957786885  8.361708E-15
6542.64395890027  7.806505E-15
6542.7083399317  7.892243E-15
6542.77272096312  8.852734E-15
6542.83710199454  9.143033E-15
6542.90148302596  7.978811E-15
6542.96586405738  6.757312E-15
6543.03024508881  8.168344E-15
6543.09462612023  1.045481E-14
6543.15900715165  1.000797E-14
6543.22338818307  8.281824E-15
6543.28776921449  7.932089E-15
6543.35215024592  7.088521E-15
6543.41653127734  5.491943E-15
6543.48091230876  6.218886E-15
6543.54529334018  7.411403E-15
6543.60967437161  7.190214E-15
6543.67405540303  8.849723E-15
6543.73843643445  7.564274E-15
6543.80281746587  7.212193E-15
6543.86719849729  8.790168E-15
6543.93157952871  9.898149E-15
6543.99596056014  9.940395E-15
6544.06034159156  9.186589E-15
6544.12472262298  1.137625E-14
6544.1891036544  8.929670E-15
6544.25348468583  8.379063E-15
6544.31786571725  8.322105E-15
6544.38224674867  8.138003E-15
6544.44662778009  7.807402E-15
6544.51100881151  7.647286E-15
6544.57538984294  9.539792E-15
6544.63977087436  1.035856E-14
6544.70415190578  9.552871E-15
6544.7685329372  1.003905E-14
6544.83291396862  1.045933E-14
6544.89729500005  9.414236E-15
6544.96167603147  6.747680E-15
6545.02605706289  6.300974E-15
6545.09043809431  8.643272E-15
6545.15481912573  8.275524E-15
6545.21920015715  7.592493E-15
6545.28358118858  8.091413E-15
6545.34796222  7.422697E-15
6545.41234325142  6.133467E-15
6545.47672428284  6.913787E-15
6545.54110531427  9.341193E-15
6545.60548634569  9.721294E-15
6545.66986737711  8.193076E-15
6545.73424840853  8.725505E-15
6545.79862943996  9.455237E-15
6545.86301047138  8.874524E-15
6545.9273915028  6.858972E-15
6545.99177253422  7.255616E-15
6546.05615356564  9.056479E-15
6546.12053459706  9.884874E-15
6546.18491562849  9.190676E-15
6546.24929665991  8.724981E-15
6546.31367769133  9.622820E-15
6546.37805872275  7.480446E-15
6546.44243975418  7.469313E-15
6546.5068207856  7.888626E-15
6546.57120181702  8.737326E-15
6546.63558284844  7.789391E-15
6546.69996387986  7.300770E-15
6546.76434491129  8.483136E-15
6546.82872594271  8.181573E-15
6546.89310697413  7.425420E-15
6546.95748800555  7.107394E-15
6547.02186903697  7.175010E-15
6547.08625006839  7.612632E-15
6547.15063109982  8.027890E-15
6547.21501213124  7.247773E-15
6547.27939316266  9.221478E-15
6547.34377419408  1.008660E-14
6547.40815522551  8.949050E-15
6547.47253625693  1.180194E-14
6547.53691728835  9.905960E-15
6547.60129831977  1.165917E-14
6547.66567935119  1.463125E-14
6547.73006038262  2.006133E-14
6547.79444141404  3.407500E-14
6547.85882244546  5.547681E-14
6547.92320347688  8.360719E-14
6547.9875845083  1.090413E-13
6548.05196553973  1.159093E-13
6548.11634657115  1.025305E-13
6548.18072760257  7.145020E-14
6548.24510863399  4.191140E-14
6548.30948966541  2.660468E-14
6548.37387069684  2.128269E-14
6548.43825172826  1.860339E-14
6548.50263275968  1.866330E-14
6548.5670137911  2.039170E-14
6548.63139482252  2.208290E-14
6548.69577585395  2.592840E-14
6548.76015688537  3.015751E-14
6548.82453791679  3.206262E-14
6548.88891894821  3.122376E-14
6548.95329997964  2.782748E-14
6549.01768101106  2.358790E-14
6549.08206204248  1.798664E-14
6549.1464430739  1.289521E-14
6549.21082410532  1.048205E-14
6549.27520513674  9.547860E-15
6549.33958616817  8.794215E-15
6549.40396719959  8.449817E-15
6549.46834823101  8.313568E-15
6549.53272926243  7.348563E-15
6549.59711029386  8.488310E-15
6549.66149132528  9.204269E-15
6549.7258723567  9.943589E-15
6549.79025338812  1.086899E-14
6549.85463441954  1.030424E-14
6549.91901545097  9.888165E-15
6549.98339648239  9.912657E-15
6550.04777751381  7.996793E-15
6550.11215854523  8.837563E-15
6550.17653957665  9.586536E-15
6550.24092060808  9.731795E-15
6550.3053016395  8.303062E-15
6550.36968267092  9.060647E-15
6550.43406370234  9.585551E-15
6550.49844473376  9.248062E-15
6550.56282576519  1.021785E-14
6550.62720679661  1.006994E-14
6550.69158782803  8.748484E-15
6550.75596885945  9.611246E-15
6550.82034989087  1.061990E-14
6550.8847309223  1.099380E-14
6550.94911195372  9.983118E-15
6551.01349298514  1.002734E-14
6551.07787401656  1.058680E-14
6551.14225504798  9.574356E-15
6551.20663607941  9.650126E-15
6551.27101711083  9.037855E-15
6551.33539814225  6.113963E-15
6551.39977917367  7.580613E-15
6551.4641602051  8.883566E-15
6551.52854123652  9.529838E-15
6551.59292226794  7.856349E-15
6551.65730329936  7.832353E-15
6551.72168433078  8.519736E-15
6551.78606536221  9.738347E-15
6551.85044639363  8.825032E-15
6551.91482742505  8.545100E-15
6551.97920845647  9.956177E-15
6552.04358948789  9.131933E-15
6552.10797051931  8.857977E-15
6552.17235155074  8.167384E-15
6552.23673258216  9.505829E-15
6552.30111361358  9.388053E-15
6552.365494645  9.829160E-15
6552.42987567643  7.431100E-15
6552.49425670785  7.776261E-15
6552.55863773927  7.302556E-15
6552.62301877069  6.184371E-15
6552.68739980211  7.582339E-15
6552.75178083353  8.174479E-15
6552.81616186496  9.718675E-15
6552.88054289638  1.157376E-14
6552.9449239278  1.000381E-14
6553.00930495922  9.765536E-15
6553.07368599065  9.858821E-15
6553.13806702207  1.000733E-14
6553.20244805349  8.428024E-15
6553.26682908491  7.687528E-15
6553.33121011633  9.529107E-15
6553.39559114776  1.080105E-14
6553.45997217918  1.318388E-14
6553.5243532106  1.769923E-14
6553.58873424202  1.939678E-14
6553.65311527344  1.963148E-14
6553.71749630487  1.506834E-14
6553.78187733629  1.238014E-14
6553.84625836771  9.466901E-15
6553.91063939913  7.823887E-15
6553.97502043055  8.624902E-15
6554.03940146198  7.935210E-15
6554.1037824934  1.282728E-14
6554.16816352482  1.244912E-14
6554.23254455624  5.424862E-15
6554.29692558766  6.261822E-15
6554.36130661909  6.827501E-15
6554.42568765051  7.677579E-15
6554.49006868193  7.744154E-15
6554.55444971335  7.648104E-15
6554.61883074478  6.842264E-15
6554.6832117762  8.417377E-15
6554.74759280762  9.618968E-15
6554.81197383904  7.701847E-15
6554.87635487046  7.870761E-15
6554.94073590188  9.155922E-15
6555.00511693331  1.011918E-14
6555.06949796473  1.048620E-14
6555.13387899615  9.037282E-15
6555.19826002757  9.180344E-15
6555.262641059  8.488017E-15
6555.32702209042  7.770214E-15
6555.39140312184  7.997605E-15
6555.45578415326  9.163829E-15
6555.52016518468  9.656459E-15
6555.58454621611  1.316115E-14
6555.64892724753  1.167144E-14
6555.71330827895  9.212757E-15
6555.77768931037  1.002992E-14
6555.8420703418  1.000477E-14
6555.90645137322  9.909550E-15
6555.97083240464  1.032340E-14
6556.03521343606  9.066668E-15
6556.09959446748  9.381938E-15
6556.1639754989  1.004489E-14
6556.22835653033  8.868638E-15
6556.29273756175  7.699731E-15
6556.35711859317  9.123257E-15
6556.42149962459  9.073180E-15
6556.48588065601  9.774445E-15
6556.55026168744  9.580741E-15
6556.61464271886  9.876298E-15
6556.67902375028  9.699447E-15
6556.7434047817  8.338441E-15
6556.80778581312  7.788546E-15
6556.87216684455  8.203315E-15
6556.93654787597  9.336921E-15
6557.00092890739  8.756602E-15
6557.06530993881  8.244903E-15
6557.12969097023  9.172947E-15
6557.19407200166  8.812310E-15
6557.25845303308  8.723907E-15
6557.3228340645  8.823223E-15
6557.38721509592  8.945728E-15
6557.45159612735  7.860599E-15
6557.51597715877  9.397554E-15
6557.58035819019  1.149549E-14
6557.64473922161  9.394493E-15
6557.70912025303  7.483545E-15
6557.77350128446  8.606748E-15
6557.83788231588  8.958817E-15
6557.9022633473  8.960401E-15
6557.96664437872  9.215737E-15
6558.03102541014  8.700766E-15
6558.09540644156  8.128819E-15
6558.15978747299  7.909658E-15
6558.22416850441  9.571561E-15
6558.28854953583  9.683694E-15
6558.35293056725  1.065973E-14
6558.41731159868  1.024422E-14
6558.4816926301  3.834461E-15
6558.54607366152  4.175506E-14
6558.61045469294  4.742501E-14
6558.67483572436  1.172784E-14
6558.73921675579  7.940529E-15
6558.80359778721  8.214176E-15
6558.86797881863  7.488947E-15
6558.93235985005  1.938151E-14
6558.99674088147  3.838209E-14
6559.0611219129  1.125035E-14
6559.12550294432  8.441671E-15
6559.18988397574  8.705829E-15
6559.25426500716  9.669809E-15
6559.31864603859  1.046777E-14
6559.38302707001  1.316009E-14
6559.44740810143  1.303860E-14
6559.51178913285  1.258983E-14
6559.57617016427  1.627068E-14
6559.6405511957  2.414639E-14
6559.70493222712  3.340142E-14
6559.76931325854  4.772971E-14
6559.83369428996  7.379638E-14
6559.89807532138  1.146871E-13
6559.9624563528  1.749047E-13
6560.02683738423  2.511537E-13
6560.09121841565  3.276704E-13
6560.15559944707  3.867867E-13
6560.21998047849  4.185514E-13
6560.28436150992  4.036009E-13
6560.34874254134  3.728960E-13
6560.41312357276  3.362623E-13
6560.47750460418  3.052972E-13
6560.5418856356  2.890746E-13
6560.60626666703  2.818419E-13
6560.67064769845  2.769100E-13
6560.73502872987  2.716257E-13
6560.79940976129  2.535839E-13
6560.86379079271  2.202085E-13
6560.92817182414  1.812273E-13
6560.99255285556  1.414456E-13
6561.05693388698  1.012649E-13
6561.1213149184  6.494497E-14
6561.18569594982  4.158823E-14
6561.25007698125  2.941533E-14
6561.31445801267  2.399675E-14
6561.37883904409  1.759928E-14
6561.44322007551  1.504359E-14
6561.50760110693  1.653791E-14
6561.57198213836  1.931818E-14
6561.63636316978  1.995318E-14
6561.7007442012  2.818731E-14
6561.76512523262  4.742181E-14
6561.82950626404  7.671264E-14
6561.89388729547  1.299691E-13
6561.95826832689  2.374117E-13
6562.02264935831  4.272465E-13
6562.08703038973  7.435395E-13
6562.15141142115  1.257631E-12
6562.21579245258  2.055985E-12
6562.280173484  3.211166E-12
6562.34455451542  4.806622E-12
6562.40893554684  6.943829E-12
6562.47331657827  9.529504E-12
6562.53769760969  1.228214E-11
6562.60207864111  1.504344E-11
6562.66645967253  1.738398E-11
6562.73084070395  1.871752E-11
6562.79522173537  1.909536E-11
6562.8596027668  1.790466E-11
6562.92398379822  1.740681E-11
6562.98836482964  1.648883E-11
6563.05274586106  1.469749E-11
6563.11712689248  1.304106E-11
6563.18150792391  1.156967E-11
6563.24588895533  1.066548E-11
6563.31026998675  1.011503E-11
6563.37465101818  9.773518E-12
6563.4390320496  9.451355E-12
6563.50341308102  9.081515E-12
6563.56779411244  8.650505E-12
6563.63217514386  7.926617E-12
6563.69655617528  6.934667E-12
6563.7609372067  5.796618E-12
6563.82531823813  4.598495E-12
6563.88969926955  3.472981E-12
6563.95408030097  2.461121E-12
6564.01846133239  1.661195E-12
6564.08284236382  1.067828E-12
6564.14722339524  6.486472E-13
6564.21160442666  3.685619E-13
6564.27598545808  2.168083E-13
6564.3403664895  1.212667E-13
6564.40474752093  7.344131E-14
6564.46912855235  4.911794E-14
6564.53350958377  3.476626E-14
6564.59789061519  2.620218E-14
6564.66227164662  1.998133E-14
6564.72665267804  1.787048E-14
6564.79103370946  1.706390E-14
6564.85541474088  1.573288E-14
6564.9197957723  1.536887E-14
6564.98417680372  1.580348E-14
6565.04855783515  1.409036E-14
6565.11293886657  1.345541E-14
6565.17731989799  1.346607E-14
6565.24170092941  1.228289E-14
6565.30608196083  1.147091E-14
6565.37046299226  1.209340E-14
6565.43484402368  1.193913E-14
6565.4992250551  9.437449E-15
6565.56360608652  1.044795E-14
6565.62798711795  1.117036E-14
6565.69236814937  8.629578E-15
6565.75674918079  1.230956E-14
6565.82113021221  1.288661E-14
6565.88551124363  1.096370E-14
6565.94989227506  1.036963E-14
6566.01427330648  1.076063E-14
6566.0786543379  1.006320E-14
6566.14303536932  9.596503E-15
6566.20741640074  1.034851E-14
6566.27179743217  9.171980E-15
6566.33617846359  9.705704E-15
6566.40055949501  1.062158E-14
6566.46494052643  1.001330E-14
6566.52932155785  1.004295E-14
6566.59370258928  8.305629E-15
6566.6580836207  7.186116E-15
6566.72246465212  6.635358E-15
6566.78684568354  9.652001E-15
6566.85122671496  1.033584E-14
6566.91560774639  1.005165E-14
6566.97998877781  7.950700E-15
6567.04436980923  9.659080E-15
6567.10875084065  1.038038E-14
6567.17313187208  1.127437E-14
6567.2375129035  1.080279E-14
6567.30189393492  9.338754E-15
6567.36627496634  7.750032E-15
6567.43065599776  6.406227E-15
6567.49503702918  6.855906E-15
6567.55941806061  9.620800E-15
6567.62379909203  1.118929E-14
6567.68818012345  1.043985E-14
6567.75256115487  9.740792E-15
6567.81694218629  9.489173E-15
6567.88132321772  9.131775E-15
6567.94570424914  8.077398E-15
6568.01008528056  9.548728E-15
6568.07446631198  9.856096E-15
6568.13884734341  9.404988E-15
6568.20322837483  9.669065E-15
6568.26760940625  9.105068E-15
6568.33199043767  9.903374E-15
6568.39637146909  8.845284E-15
6568.46075250052  9.491190E-15
6568.52513353194  1.007180E-14
6568.58951456336  9.315232E-15
6568.65389559478  9.100520E-15
6568.7182766262  9.438353E-15
6568.78265765762  1.305981E-14
6568.84703868905  1.169360E-14
6568.91141972047  1.069920E-14
6568.97580075189  1.008184E-14
6569.04018178331  9.726323E-15
6569.10456281473  1.057573E-14
6569.16894384616  8.566017E-15
6569.23332487758  8.566803E-15
6569.297705909  8.961241E-15
6569.36208694042  9.781392E-15
6569.42646797185  8.766901E-15
6569.49084900327  8.335463E-15
6569.55523003469  8.359686E-15
6569.61961106611  8.172947E-15
6569.68399209753  8.587256E-15
6569.74837312896  8.847164E-15
6569.81275416038  8.941066E-15
6569.8771351918  8.490221E-15
6569.94151622322  8.973584E-15
6570.00589725464  1.028413E-14
6570.07027828607  1.102107E-14
6570.13465931749  1.041656E-14
6570.19904034891  9.283706E-15
6570.26342138033  9.629038E-15
6570.32780241176  7.867344E-15
6570.39218344318  8.263858E-15
6570.4565644746  1.044371E-14
6570.52094550602  8.878228E-15
6570.58532653744  8.071166E-15
6570.64970756886  8.154862E-15
6570.71408860029  9.830120E-15
6570.77846963171  8.974136E-15
6570.84285066313  6.676108E-15
6570.90723169455  7.485581E-15
6570.97161272598  7.404911E-15
6571.0359937574  6.069860E-15
6571.10037478882  7.410078E-15
6571.16475582024  9.587093E-15
6571.22913685166  1.051390E-14
6571.29351788309  1.056250E-14
6571.35789891451  9.977791E-15
6571.42227994593  9.641441E-15
6571.48666097735  8.761391E-15
6571.55104200877  1.046546E-14
6571.6154230402  9.130215E-15
6571.67980407162  7.452621E-15
6571.74418510304  8.357729E-15
6571.80856613446  8.150281E-15
6571.87294716588  8.538896E-15
6571.93732819731  8.794273E-15
6572.00170922873  8.030924E-15
6572.06609026015  6.592913E-15
6572.13047129157  7.280839E-15
6572.194852323  8.918578E-15
6572.25923335442  9.926960E-15
6572.32361438584  7.918199E-15
6572.38799541726  6.850687E-15
6572.45237644868  6.907775E-15
6572.5167574801  1.025961E-14
6572.58113851153  9.175516E-15
6572.64551954295  6.186576E-15
6572.70990057437  6.967461E-15
6572.77428160579  9.054873E-15
6572.83866263722  8.946555E-15
6572.90304366864  8.974812E-15
6572.96742470006  8.235574E-15
6573.03180573148  9.650589E-15
6573.0961867629  9.282720E-15
6573.16056779432  8.899984E-15
6573.22494882575  7.944153E-15
6573.28932985717  7.091609E-15
6573.35371088859  7.067562E-15
6573.41809192001  7.017681E-15
6573.48247295144  7.512117E-15
6573.54685398286  9.341928E-15
6573.61123501428  1.028684E-14
6573.6756160457  8.141618E-15
6573.73999707712  7.582897E-15
6573.80437810855  9.205764E-15
6573.86875913997  8.126856E-15
6573.93314017139  6.811520E-15
6573.99752120281  7.853117E-15
6574.06190223423  5.623270E-15
6574.12628326565  8.842576E-15
6574.19066429708  9.961614E-15
6574.2550453285  6.637647E-15
6574.31942635992  9.120563E-15
6574.38380739134  9.697745E-15
6574.44818842277  8.757220E-15
6574.51256945419  7.086311E-15
6574.57695048561  7.426388E-15
6574.64133151703  1.098823E-14
6574.70571254845  9.839060E-15
6574.77009357988  7.574346E-15
6574.8344746113  6.615945E-15
6574.89885564272  9.141932E-15
6574.96323667414  2.547059E-14
6575.02761770556  1.288904E-14
6575.09199873699  8.137417E-15
6575.15637976841  6.991514E-15
6575.22076079983  6.721458E-15
6575.28514183125  6.563655E-15
6575.34952286267  6.486585E-15
6575.4139038941  6.070535E-15
6575.47828492552  6.512720E-15
6575.54266595694  8.700152E-15
6575.60704698836  6.087086E-15
6575.67142801978  8.188195E-15
6575.73580905121  9.997445E-15
6575.80019008263  6.836454E-15
6575.86457111405  7.231756E-15
6575.92895214547  7.591479E-15
6575.9933331769  9.151777E-15
6576.05771420832  1.102379E-14
6576.12209523974  9.832167E-15
6576.18647627116  7.637932E-15
6576.25085730258  8.189658E-15
6576.315238334  7.426846E-15
6576.37961936543  6.770491E-15
6576.44400039685  9.362187E-15
6576.50838142827  9.179344E-15
6576.57276245969  9.546603E-15
6576.63714349111  9.668725E-15
6576.70152452254  7.111778E-15
6576.76590555396  6.505487E-15
6576.83028658538  8.251784E-15
6576.8946676168  8.786630E-15
6576.95904864823  8.584916E-15
6577.02342967965  1.030052E-14
6577.08781071107  1.245293E-14
6577.15219174249  1.379675E-14
6577.21657277391  1.404283E-14
6577.28095380534  1.459858E-14
6577.34533483676  1.320260E-14
6577.40971586818  1.356066E-14
6577.4740968996  1.088967E-14
6577.53847793102  8.467046E-15
6577.60285896245  9.655129E-15
6577.66723999387  9.566109E-15
6577.73162102529  7.171207E-15
6577.79600205671  1.424081E-14
6577.86038308814  1.981303E-14
6577.92476411956  2.870508E-14
6577.98914515098  3.691245E-14
6578.0535261824  4.634741E-14
6578.11790721382  3.744072E-14
6578.18228824524  2.884787E-14
6578.24666927667  1.847140E-14
6578.31105030809  1.433318E-14
6578.37543133951  1.273582E-14
6578.43981237093  1.315265E-14
6578.50419340236  1.357324E-14
6578.56857443378  1.764800E-14
6578.6329554652  1.615488E-14
6578.69733649662  1.461440E-14
6578.76171752804  1.569803E-14
6578.82609855946  1.540300E-14
6578.89047959089  1.627348E-14
6578.95486062231  1.522742E-14
6579.01924165373  9.619238E-15
6579.08362268515  8.787646E-15
6579.14800371658  6.985859E-15
6579.212384748  1.656198E-14
6579.27676577942  2.826329E-14
6579.34114681084  2.360717E-14
6579.40552784226  1.940051E-14
6579.46990887369  1.254794E-14
6579.53428990511  1.134189E-14
6579.59867093653  1.092514E-14
6579.66305196795  1.074877E-14
6579.72743299937  1.041916E-14
6579.7918140308  1.057313E-14
6579.85619506222  8.662913E-15
6579.92057609364  7.199750E-15
6579.98495712506  7.914366E-15
6580.04933815648  7.349263E-15
6580.1137191879  7.624333E-15
6580.17810021933  9.499815E-15
6580.24248125075  8.302225E-15
6580.30686228217  8.663866E-15
6580.37124331359  9.093968E-15
6580.43562434502  6.766842E-15
6580.50000537644  6.225614E-15
6580.56438640786  7.229987E-15
6580.62876743928  9.315706E-15
6580.6931484707  9.563102E-15
6580.75752950213  6.910753E-15
6580.82191053355  6.926763E-15
6580.88629156497  7.667496E-15
6580.95067259639  6.644413E-15
6581.01505362782  7.535853E-15
6581.07943465924  6.166678E-15
6581.14381569066  6.713572E-15
6581.20819672208  7.698627E-15
6581.2725777535  7.636570E-15
6581.33695878492  7.923879E-15
6581.40133981635  7.400424E-15
6581.46572084777  6.433364E-15
6581.53010187919  7.027018E-15
6581.59448291061  6.851912E-15
6581.65886394204  6.282885E-15
6581.72324497346  6.973189E-15
6581.78762600488  7.291088E-15
6581.8520070363  5.654869E-15
6581.91638806772  2.040092E-14
6581.98076909914  4.719409E-14
6582.04515013057  2.700833E-14
6582.10953116199  3.972765E-15
6582.17391219341  6.751633E-15
6582.23829322483  6.972059E-15
6582.30267425626  7.967490E-15
6582.36705528768  8.583446E-15
6582.4314363191  7.687171E-15
6582.49581735052  6.205042E-15
6582.56019838194  6.749945E-15
6582.62457941337  9.023179E-15
6582.68896044479  1.162263E-14
6582.75334147621  1.929670E-14
6582.81772250763  2.488629E-14
6582.88210353905  2.624864E-14
6582.94648457048  2.834400E-14
6583.0108656019  2.920938E-14
6583.07524663332  2.616422E-14
6583.13962766474  5.535628E-14
6583.20400869616  1.196942E-13
6583.26838972759  1.753369E-13
6583.33277075901  2.605381E-13
6583.39715179043  3.461029E-13
6583.46153282185  3.456419E-13
6583.52591385328  2.621903E-13
6583.5902948847  1.528978E-13
6583.65467591612  7.700809E-14
6583.71905694754  4.305537E-14
6583.78343797896  3.257929E-14
6583.84781901038  3.070368E-14
6583.91220004181  3.360578E-14
6583.97658107323  4.130081E-14
6584.04096210465  5.524735E-14
6584.10534313607  6.685282E-14
6584.16972416749  7.472754E-14
6584.23410519892  7.841338E-14
6584.29848623034  7.847423E-14
6584.36286726176  6.859229E-14
6584.42724829318  4.879445E-14
6584.49162932461  2.783641E-14
6584.55601035603  1.597095E-14
6584.62039138745  1.094492E-14
6584.68477241887  9.366609E-15
6584.74915345029  9.652029E-15
6584.81353448172  7.939113E-15
6584.87791551314  6.503192E-15
6584.94229654456  1.103346E-14
6585.00667757598  7.303105E-15
6585.0710586074  6.103443E-15
6585.13543963882  7.368243E-15
6585.19982067025  8.669954E-15
6585.26420170167  8.968915E-15
6585.32858273309  8.174264E-15
6585.39296376451  7.232760E-15
6585.45734479593  7.933827E-15
6585.52172582736  8.686731E-15
6585.58610685878  6.957283E-15
6585.6504878902  6.281597E-15
6585.71486892162  6.775804E-15
6585.77924995305  6.320396E-15
6585.84363098447  6.429801E-15
6585.90801201589  1.014522E-14
6585.97239304731  8.353186E-15
6586.03677407873  7.343500E-15
6586.10115511016  7.677624E-15
6586.16553614158  7.826684E-15
6586.229917173  7.032366E-15
6586.29429820442  6.521521E-15
6586.35867923584  7.208635E-15
6586.42306026727  8.107871E-15
6586.48744129869  7.541885E-15
6586.55182233011  8.517114E-15
6586.61620336153  8.378955E-15
6586.68058439296  7.236494E-15
6586.74496542438  6.549712E-15
6586.8093464558  8.624930E-15
6586.87372748722  1.092073E-14
6586.93810851864  7.395959E-15
6587.00248955006  6.959798E-15
6587.06687058149  5.552626E-15
6587.13125161291  5.599650E-15
6587.19563264433  7.009707E-15
6587.26001367575  6.841100E-15
6587.32439470718  8.779725E-15
6587.3887757386  8.660625E-15
6587.45315677002  7.162453E-15
6587.51753780144  5.781854E-15
6587.58191883286  8.949888E-15
6587.64629986428  6.572903E-15
6587.71068089571  6.471665E-15
6587.77506192713  6.076542E-15
6587.83944295855  7.052247E-15
6587.90382398997  6.245323E-15
6587.9682050214  7.103106E-15
6588.03258605282  8.870364E-15
6588.09696708424  6.823448E-15
6588.16134811566  4.083059E-15
6588.22572914708  5.769003E-15
6588.29011017851  7.326159E-15
6588.35449120993  7.758674E-15
6588.41887224135  1.021068E-14
6588.48325327277  1.158349E-14
6588.54763430419  8.577543E-15
6588.61201533562  7.947914E-15
6588.67639636704  8.204407E-15
6588.74077739846  7.828070E-15
6588.80515842988  6.432674E-15
6588.8695394613  5.360263E-15
6588.93392049273  7.325806E-15
6588.99830152415  6.130823E-15
6589.06268255557  6.972178E-15
6589.12706358699  6.072300E-15
6589.19144461841  5.955093E-15
6589.25582564984  6.754076E-15
6589.32020668126  5.945784E-15
6589.38458771268  7.436859E-15
6589.4489687441  8.651681E-15
6589.51334977552  7.838044E-15
6589.57773080695  5.657892E-15
6589.64211183837  3.393279E-15
6589.70649286979  5.435912E-15
6589.77087390121  2.316280E-14
6589.83525493264  3.408673E-14
6589.89963596406  1.213960E-14
6589.96401699548  5.547302E-15
6590.0283980269  6.340224E-15
6590.09277905832  7.475428E-15
6590.15716008974  7.193819E-15
6590.22154112117  7.202463E-15
6590.28592215259  6.576180E-15
6590.35030318401  6.793611E-15
6590.41468421543  8.255680E-15
6590.47906524686  8.219686E-15
6590.54344627828  6.497487E-15
6590.6078273097  6.164815E-15
6590.67220834112  6.867613E-15
6590.73658937254  7.008451E-15
6590.80097040396  5.933244E-15
6590.86535143539  5.582808E-15
6590.92973246681  7.346094E-15
6590.99411349823  1.058760E-14
6591.05849452965  9.640211E-15
6591.12287556108  7.393384E-15
6591.1872565925  6.931695E-15
6591.25163762392  5.925652E-15
6591.31601865534  6.733875E-15
6591.38039968676  8.514677E-15
6591.44478071819  7.338311E-15
6591.50916174961  7.126523E-15
6591.57354278103  9.856386E-15
6591.63792381245  8.275339E-15
6591.70230484387  7.047030E-15
6591.7666858753  4.315653E-15
6591.83106690672  1.068364E-14
6591.89544793814  7.222687E-14
6591.95982896956  7.821598E-14
6592.02421000098  2.819917E-15
6592.08859103241  6.178242E-15
6592.15297206383  2.832288E-15
6592.21735309525  4.368029E-15
6592.28173412667  4.785809E-15
6592.34611515809  6.739992E-15
6592.41049618952  8.792682E-15
6592.47487722094  6.919562E-15
6592.53925825236  7.003610E-15
6592.60363928378  7.152578E-15
6592.6680203152  6.349068E-15
6592.73240134663  6.161944E-15
6592.79678237805  6.270118E-15
6592.86116340947  6.989540E-15
6592.92554444089  7.619917E-15
6592.98992547232  5.356522E-15
6593.05430650374  7.205898E-15
6593.11868753516  6.742461E-15
6593.18306856658  8.334256E-15
6593.247449598  8.024088E-15
6593.31183062943  7.658155E-15
6593.37621166085  9.724404E-15
6593.44059269227  8.874417E-15
6593.50497372369  8.298536E-15
6593.56935475511  5.850878E-15
6593.63373578654  8.102979E-15
6593.69811681796  1.071627E-14
6593.76249784938  7.083925E-15
6593.8268788808  4.457541E-15
6593.89125991222  1.008509E-14
6593.95564094365  9.099238E-15
6594.02002197507  7.490479E-15
6594.08440300649  9.927155E-15
6594.14878403791  7.172579E-15
6594.21316506933  7.006021E-15
6594.27754610076  7.692245E-15
6594.34192713218  8.056047E-15
6594.4063081636  8.349986E-15
6594.47068919502  9.662030E-15
6594.53507022645  9.996524E-15
6594.59945125787  8.985825E-15
6594.66383228929  7.180874E-15
6594.72821332071  4.856100E-15
6594.79259435213  6.577307E-15
6594.85697538355  7.220453E-15
6594.92135641498  5.333486E-15
6594.9857374464  7.497985E-15
6595.05011847782  9.067306E-15
6595.11449950924  6.526787E-15
6595.17888054066  7.408608E-15
6595.24326157209  8.631131E-15
6595.30764260351  7.760562E-15
6595.37202363493  1.089521E-14
6595.43640466635  8.660093E-15
6595.50078569778  6.507518E-15
6595.5651667292  6.588759E-15
6595.62954776062  7.128656E-15
6595.69392879204  7.362854E-15
6595.75830982346  6.938702E-15
6595.82269085489  6.083908E-15
6595.88707188631  6.904425E-15
6595.95145291773  7.602592E-15
6596.01583394915  6.501976E-15
6596.08021498057  4.810830E-15
6596.144596012  4.246619E-15
6596.20897704342  1.891555E-14
6596.27335807484  3.153617E-14
6596.33773910626  3.983773E-14
6596.40212013768  4.147775E-14
6596.4665011691  3.882713E-15
6596.53088220053  2.551490E-14
6596.59526323195  4.330856E-14
6596.65964426337  1.641049E-14
6596.72402529479  4.403023E-15
6596.78840632622  4.920615E-15
6596.85278735764  2.743414E-15
6596.91716838906  4.528197E-15
6596.98154942048  8.211990E-15
6597.0459304519  9.931396E-15
6597.11031148333  7.684820E-15
6597.17469251475  6.171757E-15
6597.23907354617  7.321416E-15
6597.30345457759  8.582721E-15
6597.36783560901  7.799724E-15
6597.43221664044  6.777715E-15
6597.49659767186  6.497941E-15
6597.56097870328  8.525566E-15
6597.6253597347  1.091932E-14
6597.68974076613  6.040760E-15
6597.75412179755  5.498804E-15
6597.81850282897  6.062048E-15
6597.88288386039  5.992971E-15
6597.94726489181  6.963155E-15
6598.01164592323  4.543480E-15
6598.07602695466  7.671796E-15
6598.14040798608  7.862095E-15
6598.2047890175  9.288696E-15
6598.26917004892  4.991101E-15
6598.33355108034  8.120876E-15
6598.39793211177  7.282846E-15
6598.46231314319  4.713515E-15
6598.52669417461  2.252654E-15
6598.59107520603  6.491798E-15
6598.65545623746  9.504247E-15
6598.71983726888  9.443143E-15
6598.7842183003  7.870842E-15
6598.84859933172  7.821045E-15
6598.91298036314  7.578632E-15
6598.97736139457  6.474596E-15
6599.04174242599  7.604243E-15
6599.10612345741  8.381653E-15
6599.17050448883  8.717700E-15
6599.23488552025  7.999118E-15
6599.29926655168  7.305431E-15
6599.3636475831  8.210190E-15
6599.42802861452  7.821612E-15
6599.49240964594  8.170517E-15
6599.55679067736  9.190482E-15
6599.62117170879  8.069868E-15
6599.68555274021  9.727693E-15
6599.74993377163  6.853748E-15
6599.81431480305  6.263774E-15
6599.87869583447  9.047460E-15
6599.9430768659  7.643705E-15
6600.00745789732  6.363537E-15
6600.07183892874  7.684278E-15
6600.13621996016  5.891520E-15
6600.20060099158  7.742610E-15
6600.26498202301  7.164604E-15
6600.32936305443  1.032009E-14
6600.39374408585  7.774033E-15
6600.45812511727  7.557493E-15
6600.52250614869  6.990331E-15
6600.58688718012  8.131770E-15
6600.65126821154  6.879168E-15
6600.71564924296  9.023963E-15
6600.78003027438  1.289813E-14
6600.84441130581  8.326382E-15
6600.90879233723  1.036483E-14
6600.97317336865  8.286006E-15
6601.03755440007  7.732175E-15
6601.10193543149  8.644843E-15
6601.16631646291  9.714092E-15
6601.23069749434  7.431765E-15
6601.29507852576  5.807658E-15
6601.35945955718  8.655467E-15
6601.4238405886  7.177164E-15
6601.48822162003  6.622544E-15
6601.55260265145  6.783657E-15
6601.61698368287  6.492569E-15
6601.68136471429  9.544914E-15
6601.74574574571  9.853201E-15
6601.81012677714  7.015941E-15
6601.87450780856  7.139579E-15
6601.93888883998  6.865415E-15
6602.0032698714  7.606590E-15
6602.06765090282  6.343749E-15
6602.13203193425  5.555479E-15
6602.19641296567  7.600394E-15
6602.26079399709  9.760386E-15
6602.32517502851  8.568030E-15
6602.38955605993  5.249794E-15
6602.45393709136  7.262346E-15
6602.51831812278  6.556101E-15
6602.5826991542  8.090009E-15
6602.64708018562  7.431038E-15
6602.71146121704  9.787295E-15
6602.77584224847  7.093440E-15
6602.84022327989  6.839390E-15
6602.90460431131  6.763713E-15
6602.96898534273  6.327605E-15
6603.03336637415  7.589031E-15
6603.09774740558  4.601885E-15
6603.162128437  6.265343E-15
6603.22650946842  9.126063E-15
6603.29089049984  7.086292E-15
6603.35527153127  8.951033E-15
6603.41965256269  7.892341E-15
6603.48403359411  8.056061E-15
6603.54841462553  7.446775E-15
6603.61279565695  8.241156E-15
6603.67717668837  6.121349E-15
6603.7415577198  6.852156E-15
6603.80593875122  7.813383E-15
6603.87031978264  8.746485E-15
6603.93470081406  9.060802E-15
6603.99908184548  8.475066E-15
6604.06346287691  9.917914E-15
6604.12784390833  8.569681E-15
6604.19222493975  1.128417E-14
6604.25660597117  1.381470E-14
6604.3209870026  1.039490E-14
6604.38536803402  9.701047E-15
6604.44974906544  9.225704E-15
6604.51413009686  1.147418E-14
6604.57851112828  8.670111E-15
6604.64289215971  6.545988E-15
6604.70727319113  7.458468E-15
6604.77165422255  5.290774E-15
6604.83603525397  7.055532E-15
6604.90041628539  9.315209E-15
6604.96479731682  6.729971E-15
6605.02917834824  9.892668E-15
6605.09355937966  1.213738E-14
6605.15794041108  7.416563E-15
6605.2223214425  8.123075E-15
6605.28670247392  7.687659E-15
6605.35108350535  1.122274E-14
6605.41546453677  9.428648E-15
6605.47984556819  8.641539E-15
6605.54422659961  7.681725E-15
6605.60860763104  1.141844E-14
6605.67298866246  8.465089E-15
6605.73736969388  8.495909E-15
6605.8017507253  8.777523E-15
6605.86613175673  1.215966E-14
6605.93051278815  1.288844E-14
6605.99489381957  8.391154E-15
6606.05927485099  8.274492E-15
6606.12365588241  6.756985E-15
6606.18803691383  5.327343E-15
6606.25241794526  7.711623E-15
6606.31679897668  7.621278E-15
6606.3811800081  8.533568E-15
6606.44556103952  8.832824E-15
6606.50994207095  1.270718E-14
6606.57432310237  7.981303E-15
6606.63870413379  9.117674E-15
6606.70308516521  8.146782E-15
6606.76746619663  5.065392E-15
6606.83184722805  5.248214E-15
6606.89622825948  7.673973E-15
6606.9606092909  8.684054E-15
6607.02499032232  6.634060E-15
6607.08937135374  6.288146E-15
6607.15375238516  1.153309E-14
6607.21813341659  5.846644E-15
6607.28251444801  6.336315E-15
6607.34689547943  6.310373E-15
6607.41127651085  6.020235E-15
6607.47565754228  6.352402E-15
6607.5400385737  1.061923E-14
6607.60441960512  1.075763E-14
6607.66880063654  9.100234E-15
6607.73318166796  6.975538E-15
6607.79756269939  6.850014E-15
6607.86194373081  9.357124E-15
6607.92632476223  6.821052E-15
6607.99070579365  1.304235E-14
6608.05508682507  1.236979E-14
6608.1194678565  1.431039E-14
6608.18384888792  8.949089E-15
6608.24822991934  7.142246E-15
6608.31261095076  5.953324E-15
6608.37699198218  5.220182E-15
6608.44137301361  9.330307E-15
6608.50575404503  6.135395E-15
6608.57013507645  1.015986E-14
6608.63451610787  8.809658E-15
6608.69889713929  7.494487E-15
6608.76327817072  7.595992E-15
6608.82765920214  5.329186E-15
6608.89204023356  7.036494E-15
6608.95642126498  9.026819E-15
6609.0208022964  8.529109E-15
6609.08518332783  6.787642E-15
6609.14956435925  9.369130E-15
6609.21394539067  9.640412E-15
6609.27832642209  5.748918E-15
6609.34270745351  8.344279E-15
6609.40708848494  9.856544E-15
6609.47146951636  1.186106E-14
6609.53585054778  1.189714E-14
6609.6002315792  9.774337E-15
6609.66461261063  7.226235E-15
6609.72899364205  1.102128E-14
6609.79337467347  9.330755E-15
6609.85775570489  8.783971E-15
6609.92213673631  7.339740E-15
6609.98651776773  7.510176E-15
6610.05089879916  1.068124E-14
6610.11527983058  1.083283E-14
6610.179660862  1.179687E-14
6610.24404189342  8.305591E-15
6610.30842292485  6.197051E-15
6610.37280395627  7.173691E-15
6610.43718498769  4.847770E-15
6610.50156601911  1.125947E-14
6610.56594705053  1.236221E-14
6610.63032808196  1.184495E-14
6610.69470911338  6.670804E-15
6610.7590901448  8.686181E-15
6610.82347117622  8.784443E-15
6610.88785220765  6.972517E-15
6610.95223323907  8.103785E-15
6611.01661427049  9.291223E-15
6611.08099530191  9.985501E-15
6611.14537633333  7.470682E-15
6611.20975736475  1.069142E-14
6611.27413839618  7.102587E-15
6611.3385194276  1.033343E-14
6611.40290045902  8.165869E-15
6611.46728149044  5.653560E-15
6611.53166252186  7.094067E-15
6611.59604355329  9.747595E-15
6611.66042458471  1.281999E-14
6611.72480561613  5.059916E-15
6611.78918664755  4.616313E-15
6611.85356767898  5.205916E-15
6611.9179487104  1.062334E-14
6611.98232974182  1.117819E-14
6612.04671077324  8.072708E-15
6612.11109180466  5.535088E-15
6612.17547283609  7.428410E-15
6612.23985386751  5.416286E-15
6612.30423489893  9.311009E-15
6612.36861593035  1.381806E-14
6612.43299696177  1.176016E-14
6612.4973779932  6.561320E-15
6612.56175902462  1.134650E-14
6612.62614005604  8.846077E-15
6612.69052108746  1.044757E-14
6612.75490211889  1.301856E-14
6612.8192831503  7.607107E-15
6612.88366418173  6.950173E-15
6612.94804521315  7.857643E-15
6613.01242624457  8.691711E-15
6613.07680727599  6.026010E-15
6613.14118830742  1.074814E-14
6613.20556933884  6.899374E-15
6613.26995037026  2.702185E-15
6613.33433140168  1.079255E-14
6613.3987124331  1.098922E-14
6613.46309346453  1.177249E-14
6613.52747449595  1.294237E-14
6613.59185552737  1.036769E-14
6613.65623655879  1.098182E-14
6613.72061759021  9.473096E-15
6613.78499862164  5.540781E-15
6613.84937965306  8.521190E-15
6613.91376068448  9.997365E-15
6613.9781417159  9.748973E-15
6614.04252274732  7.164526E-15
6614.10690377875  6.869044E-15
6614.17128481017  7.814119E-15
6614.23566584159  7.837774E-15
6614.30004687301  1.674759E-14
6614.36442790444  7.431641E-14
6614.42880893586  2.147253E-14
6614.49318996728  6.248496E-15
6614.5575709987  1.238158E-14
6614.62195203012  2.829384E-14
6614.68633306155  1.060859E-13
6614.75071409297  1.441032E-13
6614.81509512439  1.571733E-14
6614.87947615581  5.580566E-15
6614.94385718723  5.575549E-15
6615.00823821865  1.003203E-14
6615.07261925008  9.867025E-15
6615.1370002815  9.437236E-15
6615.20138131292  1.654957E-14
6615.26576234434  1.549815E-14
6615.33014337577  1.340036E-14
6615.39452440719  6.147455E-15
6615.45890543861  9.806641E-15
6615.52328647003  5.500201E-15
6615.58766750145  9.176562E-15
6615.65204853288  8.911939E-15
6615.7164295643  6.647117E-15
6615.78081059572  7.841100E-15
6615.84519162714  1.123706E-14
6615.90957265856  9.954998E-15
6615.97395368999  9.643371E-15
6616.03833472141  1.088745E-14
6616.10271575283  1.355113E-14
6616.16709678425  1.086875E-14
6616.23147781567  7.973737E-15
6616.2958588471  8.712796E-15
6616.36023987852  1.194942E-14
6616.42462090994  7.106563E-15
6616.48900194136  1.310850E-14
6616.55338297278  7.328163E-15
6616.61776400421  8.280902E-15
6616.68214503563  9.595764E-15
6616.74652606705  6.017111E-15
6616.81090709847  7.916143E-15
6616.87528812989  9.565985E-15
6616.93966916132  1.426076E-14
6617.00405019274  1.367875E-14
6617.06843122416  1.138213E-14
6617.13281225558  1.076580E-14
6617.197193287  1.440280E-14
6617.26157431843  1.434076E-14
6617.32595534985  1.275879E-14
6617.39033638127  1.150950E-14
6617.45471741269  9.781160E-15
6617.51909844412  1.317853E-14
6617.58347947554  9.197263E-15
6617.64786050696  1.009205E-14
6617.71224153838  1.278333E-14
6617.7766225698  5.700736E-15
6617.84100360123  4.595327E-15
6617.90538463265  1.428922E-14
6617.96976566407  4.023614E-15
6618.03414669549  9.104266E-15
6618.09852772691  9.331077E-15
6618.16290875833  1.174092E-14
6618.22728978976  8.170262E-15
6618.29167082118  1.246888E-14
6618.3560518526  1.232561E-14
6618.42043288403  1.089055E-14
6618.48481391545  1.236718E-14
6618.54919494687  9.465426E-15
6618.61357597829  1.275531E-14
6618.67795700971  1.229495E-14
6618.74233804113  9.834544E-15
6618.80671907256  1.137202E-14
6618.87110010398  9.787076E-15
6618.9354811354  4.034266E-15
6618.99986216682  1.429654E-14
6619.06424319824  1.078993E-14
6619.12862422967  1.496839E-14
6619.19300526109  1.242611E-14
6619.25738629251  8.082082E-15
6619.32176732393  1.231301E-14
6619.38614835536  1.532410E-14
6619.45052938678  8.148450E-15
6619.5149104182  9.215155E-15
6619.57929144962  8.900866E-15
6619.64367248104  1.594572E-14
6619.70805351247  1.694669E-14
6619.77243454389  8.295771E-15
6619.83681557531  8.090096E-15
6619.90119660673  7.556679E-15
6619.96557763815  2.020981E-14
6620.02995866957  1.693283E-14
6620.094339701  1.522211E-14
6620.15872073242  4.367833E-15
6620.22310176384  9.473620E-15
6620.28748279526  8.007838E-15
6620.35186382668  1.561752E-14
6620.41624485811  1.269010E-14
6620.48062588953  1.694969E-14
6620.54500692095  1.101758E-14
6620.60938795237  1.226735E-14
6620.6737689838  1.177942E-14
6620.73815001522  4.504724E-15
6620.80253104664  6.730815E-15
6620.86691207806  1.281360E-14
6620.93129310948  1.537520E-14
6620.99567414091  1.286847E-14
6621.06005517233  1.634353E-14
6621.12443620375  1.273581E-14
6621.18881723517  1.615000E-14
6621.25319826659  5.129295E-15
6621.31757929802  7.404111E-15
6621.38196032944  1.287579E-14
6621.44634136086  6.816098E-15
6621.51072239228  1.257011E-14
6621.57510342371  1.530071E-14
6621.63948445513  1.014789E-14
6621.70386548655  8.208693E-15
6621.76824651797  1.992017E-14
6621.83262754939  1.213652E-14
6621.89700858081  1.032669E-14
6621.96138961224  7.793951E-14
6622.02577064366  1.571679E-14
6622.09015167508  3.138350E-15
6622.1545327065  1.355205E-14
6622.21891373792  8.630962E-15
6622.28329476935  9.144562E-14
6622.34767580077  1.816381E-14
6622.41205683219  6.765101E-15
6622.47643786361  3.479550E-15
6622.54081889503  7.228483E-15
6622.60519992646  1.317264E-14
6622.66958095788  1.185184E-14
6622.7339619893  7.384262E-15
6622.79834302072  1.126321E-14
6622.86272405215  7.268619E-15
6622.92710508357  4.537247E-15
6622.99148611499  8.360941E-15
6623.05586714641  1.241865E-14
6623.12024817783  1.179059E-14
6623.18462920926  1.108536E-14
6623.24901024068  1.357106E-14
6623.3133912721  1.686080E-14
6623.37777230352  1.366791E-14
6623.44215333494  1.263399E-14
6623.50653436637  1.131049E-14
6623.57091539779  1.147099E-14
6623.63529642921  8.736183E-15
6623.69967746063  1.401891E-14
6623.76405849205  1.058437E-14
6623.82843952347  7.401797E-15
6623.8928205549  1.856744E-14
6623.95720158632  9.152615E-15
6624.02158261774  6.005611E-15
6624.08596364916  2.721223E-14
6624.15034468059  1.481845E-14
6624.21472571201  1.479672E-14
6624.27910674343  2.551251E-15
6624.34348777485  5.350616E-15
6624.40786880627  1.116041E-14
6624.4722498377  2.018566E-14
6624.53663086912  5.617328E-15
6624.60101190054  1.245120E-14
6624.66539293196  1.001277E-14
6624.72977396338  1.175079E-14
6624.79415499481  1.741906E-15
6624.85853602623  1.323369E-14
6624.92291705765  9.014973E-15
6624.98729808907  9.872973E-14
6625.05167912049  1.209363E-13
6625.11606015192  5.628819E-15
6625.18044118334  7.698321E-14
6625.24482221476  1.926104E-13
6625.30920324618  -3.134691E-15
6625.3735842776  6.070711E-15
6625.43796530903  1.129339E-14
6625.50234634045  9.554725E-15
6625.56672737187  8.623151E-15
6625.63110840329  1.235140E-14
6625.69548943471  1.570402E-14
6625.75987046614  1.573117E-14
6625.82425149756  1.222377E-14
6625.88863252898  7.494039E-15
6625.9530135604  2.041112E-14
6626.01739459183  2.405680E-14
6626.08177562325  7.078321E-15
6626.14615665467  1.135217E-14
6626.21053768609  1.494586E-15
6626.27491871751  1.849856E-14
6626.33929974894  1.917486E-14
6626.40368078036  1.857018E-14
6626.46806181178  9.842945E-15
6626.5324428432  1.955083E-14
6626.59682387463  7.182287E-15
6626.66120490605  2.072042E-14
6626.72558593747  1.930092E-14
